14.1997      1416.7838        14.5599        12.6536         0.8856          1.426        95.2548        47.5223              0
11.2302      1549.1973        55.3784         9.1741        0.26614        0.82452       132.9823        24.4433              1
0.23765      115.1552        1.0089       0.99489       0.48929         1.589        0.2959        1.5215             0
13.7562      3463.5307        43.3261         9.4843        0.73484        0.48009        17.7341        72.9842              1
1.7645      238.1319        4.0666        8.0632        1.7295        1.7061         0.409        4.0549             0
0.42625      207.1229        2.4501        1.8852       0.80398        3.3927       0.31536        1.9753             1
0.46048      199.6711         6.095        2.0965        0.3309        1.3282        5.6438        3.8019             0
12.1146      1556.6567         24.727        15.1621          2.429        12.1448       205.2993        47.9001              1
5.9497      1002.1208         1.3538         5.9613        0.44739         3.0446        31.6716        28.6793              0
55.4749      2263.6839        42.4209         9.4478        0.55634        0.89412       163.3849        28.7806              1
0.66029      257.1827        2.2502        1.5951       0.47904       0.81566         1.261        2.5091             0
5.3954      455.0095       20.6293          7.86       0.28762       0.22811       44.1496        5.9557             1
18.4105      2756.6399        12.3723        11.7873        0.74637         1.1364       107.1346        87.9172              0
0.57133      465.8938         6.016        4.3916       0.85273        1.6841        1.2322        8.1308             1
0.030913      52.4841      0.63371      0.74384      0.60473       2.4363     0.057961      0.58928            0
3.4999      2337.1837        18.9452        10.4998         2.3739         7.2129         3.8499         60.366              1
1.2279      507.0253        2.2127        2.2875       0.47995        1.2747        2.5556        2.4496             0
6.6637      894.9367       14.2959        4.0243       0.25488       0.34833       61.8251        17.108             1
0.063378      142.2413        1.1449        1.0325       0.37414        1.2696       0.34347         1.609             0
0.42635      141.6926        2.6916          1.55       0.25103       0.85868        2.2493        2.5103             1
1.8752       246.092        3.8602         2.794       0.31211         1.221        1.0537        2.7965             0
1.8952      471.1029        7.8589        1.7404         0.205       0.86391       13.9962       10.3649             1
13.4553      1452.6257        67.4876        14.4923        0.58788         1.0767        37.9284        18.3763              0
0.25342      202.3294        6.3312        1.1159       0.17921       0.50263       21.1049        1.7641             1
0.13921      74.2792      0.16148       1.0023      0.33967      0.92805     0.087237      0.77399            0
0.080727      50.9572      0.86493       1.0887      0.62275       1.7206     0.066888       0.5351            1
0.37622      606.4167        5.1689        9.5363        4.6128       19.5471       0.98144        9.0293             0
33.356      1708.4895        72.4841        22.6249        0.98369        0.10569        10.8937         16.552              1
0.28333      437.8946       11.5332       12.4665        3.8333        8.1666           1.2        8.0166             0
0.55061      116.0781        2.6658        1.2393       0.34116        1.4392         3.867        1.8676             1
0.24042      85.9977       1.0193       2.0912      0.42074       1.1245      0.33809       2.6521            0
1.4011      272.7812        4.4952         2.153       0.45478        1.7402        1.2329        3.0126             1
0.20727      139.6094        1.1751       0.89396       0.41454        1.1265       0.21268        1.8907             0
30.4713      7449.6382        57.8802        14.4267        0.83787         1.5987       114.7395       107.6802              1
1.0295      215.4919        4.7668        2.1274       0.32034        1.0569        1.9494        3.9098             0
9.6068      1060.0047        17.8313         6.0987          1.545         5.8547         3.5198        40.0072              1
0.78423      437.9102         8.164        6.0225        1.2769        1.8299       0.73396        8.7874             0
4.2098      1613.6546         17.452         3.5578        0.21497        0.35828        14.8759        29.1034              1
0.19268      258.0362        2.1808        2.2486       0.25398       0.57365       0.70502        3.6017             0
4.0924      492.0539       15.0386        4.1137        0.8078        1.4911       19.2235       18.9673             1
0.015837      56.5686      0.20747      0.46086       0.4672       2.4342      0.13937      0.28665            0
0.17304      94.3341        1.344        2.287       0.6316       1.5805      0.78734        2.737            1
0.076949      67.1704      0.70142       1.7728      0.62743       5.2384     0.020717       1.3792            0
4.1376      259.7015       0.89076        1.2239       0.14619       0.12749       54.0424        14.599             1
0.12266      132.7048        1.1954        1.6637       0.58655        2.1366        1.5835        1.7083             0
0.69672       743.837        3.4694       10.9057        1.8769        10.664       0.86734        6.4979             1
2.9102      1188.7308         6.4655        13.0661         1.8152         6.6756        0.96008        26.5372              0
2.6999      479.6782       53.4531         6.218       0.69998       0.46362       0.71816       13.0178             1
0.17715      96.7816      0.70338      0.87184       0.2223      0.80758      0.13894      0.73985            0
8.3166      241.7247       18.9385         5.464       0.52878       0.96942       0.96478        3.0057             1
1.0886      572.9561        9.3466       13.7322        3.5613        8.0713       0.77759       11.1817             0
0.046901      58.0689      0.27638       1.0034      0.35176      0.75377     0.061977      0.32998            1
9.6332      1682.0708        16.5378          8.871         1.1529         1.4155        11.8045        19.9837              0
10.9728      827.3818       25.4513        7.1466        0.5559       0.97658       13.7573        5.7744             1
0.092662      56.7761      0.85067       0.9889      0.19292       1.3018     0.042533       1.1985            0
6.6675      1075.2947        10.9697         7.5192        0.56941        0.64728         12.274         13.554              1
0.48434       89.683       2.0464       1.4356      0.31635       1.5534       0.1069      0.61306            0
13.5247      1430.3553        41.5284        16.1963          2.278         3.8881         7.8715        10.0899              1
1.8463      497.1912       17.3516       13.7128        6.5965       16.7242        2.1689         8.622             0
0.4368       102.437        1.3587        1.8208       0.38393       0.94027       0.52646        1.7242             1
0.61371      141.7176        2.3589        2.3414       0.60789        1.3438       0.31122        3.8917             0
0.29915      107.9596       0.75958        1.5452       0.56448        1.2278       0.25233        1.1836             1
0.22643      114.8479        2.2098       0.97283       0.31868        2.3755       0.16144        1.5347             0
15.5014      2472.0926        28.7729         7.9296        0.84871         3.4364       113.1946        22.8985              1
0.17385      68.0364      0.36087       1.5594      0.59794       2.0151     0.052682      0.92721            0
0.58532      128.3876        1.5218        1.6121       0.34875        1.7852       0.52435        2.6535             1
0.071065      57.0559      0.44696      0.79294      0.41891       3.4934     0.063585      0.44135            0
5.1415      416.4531        3.1597        1.6373       0.35626       0.83323       29.1708         4.429             1
1.0573      238.1091        1.4098       11.4191        3.3129       10.4041       0.19737        6.1325             0
11.916       2133.371         58.954        14.4955         1.0374         1.2337        13.8132        24.9536              1
0.17497      122.5469       0.92781        1.4274       0.46275        1.5356       0.27167       0.96234             0
35.3898      7180.4672       118.7272         12.975        0.95748         1.2398        575.849       169.8049              1
0.17403      99.1945       2.0418       1.2971      0.30556       1.3052      0.21247      0.47149            0
1.9835      3085.0846        35.6605         6.4928        0.77058         1.8979        88.1453        46.9623              1
0.29412      208.4214        1.3501        2.4314       0.45378        0.7283       0.81233        2.1289             0
0.18535      145.4021        1.6328        1.1633       0.16063        0.7661        1.1915        2.1641             1
1.1883      251.9994        1.2588        1.6474       0.34393         1.331        7.1108          4.11             0
1.3753      271.5591         2.952        2.4997       0.35822       0.99621       0.44712        1.8591             1
0.52204      658.8398       12.5417        8.5054        2.5593        5.4751        1.7826       14.9736             0
0.30839      143.9113        3.6736        2.0083       0.38488        1.2533       0.90791        3.0913             1
0.7699      245.5392        2.6683        3.4276       0.46054        1.2093       0.98787         5.101             0
3.8486      1040.9599        38.8112        16.7856         1.8799         2.7236        45.2797        41.3424              1
0.63711      345.2364        6.6086        4.5947       0.63171        4.2816       0.51293        4.2978             0
3.13      969.0394       0.83467        4.5087       0.30927        4.7248      114.3534       20.0619             1
0.13005      98.4073       1.4747       1.8599      0.38524       2.4488      0.34598      0.57418            0
7.9013      548.6632       42.8037        8.5002       0.90154        3.0008        2.6789        5.0808             1
5.3877       523.619        5.4036        3.4261       0.19827       0.52608       24.4508       13.0515             0
18.727      1720.3377        35.2574        12.1616         1.3809        0.89638        21.2546        12.9126              1
12.6044      1243.7287        24.1321         5.0812        0.59105        0.61854        22.4506        21.0257              0
2.1632      154.4701       13.7084        4.9513       0.78577       0.72423        1.5242        4.4306             1
1.0183      136.0692        7.1611        4.9543       0.46655       0.61466       0.98494        2.7512             0
0.17498      174.9937        1.8363        1.0611         0.254       0.82408       0.58702        1.3114             1
1.5835      332.9721        2.1028        9.4121        2.4449        5.1938       0.44337        7.4486             0
2.7474      381.9107        5.6968        2.3232       0.33188       0.53101        4.8946        3.9509             1
0.50193      366.8823        2.2757        1.0379       0.39595       0.38995        1.4958        3.5115             0
1.3784      859.5576         4.565       12.3167        2.8457        9.2783         1.082       14.0952             1
0.05366      46.1837      0.44717       1.2074        0.474         2.56     0.015651      0.54555            0
13.7511      569.7065        9.4212        5.5076         1.142        2.3434        4.1634        9.7661             1
1.719       287.988       14.5432         5.447       0.59806        2.0484          1.06        5.2894             0
2.1202      167.6426        5.2611        2.3383       0.23958       0.97267        7.7982        4.6214             1
38.8855      3085.1186       106.0569        14.0701        0.88259         1.3453       306.0714        38.4314              0
22.3622      1082.2551        53.5088        13.4216        0.84506         1.7469        32.6592        23.0652              1
1.3515      817.9824        2.5943        14.059        3.3866       14.1366       0.52818       13.4065             0
0.19387      342.4134        6.7224        1.9475        0.2113       0.53806       31.5798        2.5378             1
0.53611      133.9927        1.0192        3.9708       0.93672        3.0576       0.14728         2.439             0
10.2238      1052.8033        19.5981         9.2644        0.53468         1.3142        62.2374        14.1414              1
5.2131      492.8316        5.8768        2.7744       0.17038       0.58997       13.4829        4.5672             0
0.060003      93.9478       4.3225       1.8924      0.25155       1.0131      0.45233       2.2639            1
0.72882       300.054          1.22       11.5661        3.5015        7.2724       0.45948        8.5716             0
2.9183      1332.4462         73.896         8.1255        0.50927        0.45205        17.4526        20.0447              1
0.10258       111.733        1.5372        1.0457        0.3552       0.98445       0.59404       0.78083             0
5.1865      603.0085       17.3169        2.4359       0.33925       0.94134        19.765       11.3816             1
1.7892      290.4616       12.2546        2.7633       0.34573       0.34321        3.3387        5.6226             0
2.2474      387.3119        6.6093        5.4039       0.42223        1.2429        7.9917        2.4414             1
0.25786      109.1528        2.1409        1.2748       0.32867        1.1131       0.32867        1.1349             0
11.1074      868.4991       27.6606        7.9982       0.48617       0.45872       10.1272       16.0043             1
5.779      1682.1382        54.1992         6.5738        0.45133         1.0891        11.4501        53.7479              0
15.6979      2516.5768        17.8748        13.4085        0.67558         2.7305       186.7988        12.0667              1
0.30148      193.6349         2.513        1.0475       0.22515       0.37399       0.59532        1.9386             0
2.5211      898.1403        6.1675       11.2794        1.5004        2.6607        2.2507        7.4149             1
0.29406       177.414        2.0349        1.3664        0.2725       0.78613        1.7134        3.2876             0
11.0053      1040.3976        28.8697         8.8072         1.1689        0.91895         6.3591         8.3808              1
2.7877      653.0854       17.7011        5.9944        1.6162        8.1836       0.86368        3.9336             0
32.665      2710.8964        34.2205        15.0553         1.3414         4.0385        52.9861        92.6864              1
0.44933      56.5647       6.6319       1.4836      0.23314       1.2272      0.28613        1.117            0
4.9659      636.8787        7.8969        5.2505       0.48851         2.022       43.0573       21.9704             1
0.065055      89.2771      0.84955       1.1346      0.19708       1.0658      0.30806       2.1583            0
3.8429      2275.8104        22.0664        11.2708          2.485         7.6995        14.2854        44.2414              1
0.14585      72.3929        0.533      0.70537      0.11403      0.34208      0.19756       0.7226            0
1.1439      452.2803        15.568           8.9        1.9065         7.226        2.0646        4.2221             1
0.75469      135.2466        1.2756       0.93526       0.21298        2.0835       0.17131        1.1413             0
0.56      152.5533        8.3632        3.1279       0.39421        1.5695         1.039         3.209             1
0.090649      57.8015      0.84554       0.9315      0.35009       1.1003     0.087524      0.63455            0
1.0508      655.2817         1.065        8.5343         2.982       13.3624         0.213        14.115             1
7.7639      333.6753       17.4703        6.0997        2.0501        2.0944        9.7507        3.1195             0
5.2984      1039.7338        34.3087         11.171        0.58234         2.0095         6.3565         11.901              1
0.7305      502.0244        1.5076       11.5947        3.2639        5.9528       0.55953        7.7091             0
1.3758      1488.9045        13.2054         8.9879         1.9416         6.8149         7.6249        23.0805              1
13.3328       860.938       15.9758        9.8403         1.817        2.3834       19.5863         8.747             0
1.1535      1356.6867         10.677         9.9524         2.4548        12.2889         2.7062         19.609              1
15.3407      1127.5816        32.5185          8.721         1.1215        0.77348         6.7035        13.1814              0
27.4806      1570.5338        19.1561         6.2525        0.85178         2.8997        75.8511         6.5726              1
1.7368      451.4692         7.797        7.6233       0.84979        2.4253         1.346        6.1843             0
3.8037       363.198       32.2426         6.374        1.0135        3.0832        1.1539         2.088             1
1.3335      327.6899       12.3711         3.646        0.3986       0.76788        2.6759        2.1366             0
16.8865      1240.9064        12.6846         10.124          2.206         4.2019        10.9907        20.4318              1
3.8119      839.8124       16.7852       11.6847        1.3103        2.8156       0.54146        9.0532             0
0.39506       274.704        2.0543         1.349       0.18886       0.64751        1.2526        4.8024             1
0.20487      81.6999      0.95119       1.1749      0.34285       1.8459      0.18815        1.662            0
2.9286      460.3115        3.2754        1.5644       0.20639       0.81317         8.435        8.9097             1
0.6236       597.356        9.8791       10.1581        4.0534        8.6975        1.0831       10.2893             0
3.7013      218.5419       0.50332        2.9502       0.30715       0.85435       45.4692        3.3193             1
1.2955      184.0196        3.0658        3.4792       0.49003       0.45022        5.0106        4.9034             0
3.3602      560.1755        3.9767        2.1414       0.21014       0.42829       10.1468        6.8506             1
6.4973      554.2164        9.9511        4.0547       0.66927        2.4475        2.5989        4.7191             0
1.948      530.8537       10.1616        7.0289        1.1211        4.2221        1.6061        4.7151             1
0.088027      130.7382        1.9296       0.94717       0.30457        1.0563       0.24824        1.1426             0
4.8307      208.1237        10.066         2.194       0.19725       0.17713        6.0263        4.0115             1
8.7763      437.9805       26.2367        7.0838       0.62721        1.6925        6.9546        5.8386             0
0.10369      134.9799       0.64751        1.0855       0.28143        1.9341        1.0136        1.2844             1
0.81394      301.0982        6.1759        3.0418       0.86848        2.1523       0.40277        1.7957             0
0.3238      211.8892        1.9348        1.8839       0.38267        0.7814       0.89112        4.2522             1
1.1141      534.3313        7.0299        2.7774       0.50606         1.526        2.3538        3.3266             0
5.3801      831.5846       22.6851        4.9415       0.15364       0.23464       16.5396        9.8662             1
25.8482      1908.3368        46.3187        11.2344        0.77171         2.1852        38.3092        22.6557              0
10.3515       1203.865        31.9977         8.2706        0.68971        0.76045         7.4748        17.0069              1
10.486      1004.3149        41.1895         8.7646        0.67209         2.6472         21.452         8.9086              0
0.26578      157.2399       0.82265        6.1762        1.0694        4.6068       0.25945        1.8605             1
0.29133      139.3254        1.6836        1.8293       0.60299        4.3361       0.12534        2.0495             0
2.2722      699.9428        9.4156       14.1311        2.7079        5.4315        5.1202       16.9325             1
9.7254      1701.1312        31.4712        20.1634         2.4837         4.3072          3.406        12.9951              0
0.81787      113.0737        5.2518        1.6752       0.27816        0.8843       0.87807        1.6274             1
0.81427      220.0062        8.0155         8.007        1.7049        3.4182       0.38169         2.587             0
0.022169      45.4735      0.41171       1.0356      0.30087      0.70149     0.069674      0.74266            1
0.64909      178.1684        3.1542        1.6051       0.31521       0.85854        1.6694        4.0335             0
28.0563      2084.0157        55.1631         8.2011        0.79613        0.53715        99.9669        43.6624              1
6.9322      1106.9358        11.3622         4.6776        0.68479         1.7752         9.7451        11.7204              0
41.0934      1568.9285         78.497        15.4583        0.47847         3.0825        26.4724        17.4182              1
14.9403      1244.1125         7.5264        17.7547         2.9752         9.1346       141.7478        27.0823              0
0.39838      127.1779        2.3834        1.6511       0.34542        1.4484       0.82439        2.2176             1
0.21001       69.815       0.9048       1.0128      0.42394        2.369      0.14916       1.1285            0
1.0142      372.2111       13.9098         4.867        1.5015        4.4874        1.2125        6.8218             1
0.063567      59.4229      0.42857       0.7464      0.64182       3.1086     0.082022      0.54955            0
56.8508      3632.6011        24.6161         8.5455        0.98634         1.8111       349.8628        30.9338              1
0.10702      141.0298       0.34125       0.48865       0.55326        1.2418       0.37355        1.3468             0
0.89017      176.3895        2.2912        1.9733       0.37492        2.9205        7.2858        4.4399             1
0.14897      93.4533       2.3126        1.939      0.52259       1.7995      0.33814        1.738            0
0.9893      458.1979        5.3442        5.5828        0.7457        2.9579       0.58662        4.7476             1
2.0765      384.8936        9.2451        5.2382       0.89217        2.6504       0.73564        4.4191             0
11.0905      4663.4925        76.4338         8.2758        0.86347          2.097        54.9144       135.3179              1
8.6659      426.5465        5.9747        2.5209       0.35376       0.98792       76.4364        3.8704             0
0.63097       108.211        2.8245        2.1555       0.30278       0.76224        1.4525        3.7858             1
0.070156      138.3203        1.1313        1.0243       0.37358        0.7647       0.29816        2.4046             0
1.184      244.0403        3.9241        13.041        4.5838        7.0025        0.1184        6.7827             1
4.6019      193.6493       10.3373        2.9554       0.15566       0.25432        7.6187        2.7318             0
13.644      1083.0321        34.0268         6.8745        0.53688         1.4502        58.7231        22.2402              1
1.4707      594.4181       0.29985        5.7329       0.91383       10.4234       48.4973       25.1874             0
0.44565      45.1458       4.4468       2.1289      0.54252        1.584      0.48924      0.88402            1
0.71689       703.828        7.6052       10.9247        2.6961        9.0702         2.213       16.9715             0
55.2371      1495.7003        90.9315        23.7357         1.2261        0.92339         7.0087          9.022              1
0.028682      39.1532     0.092796       0.7643      0.48929       3.3137      0.03037      0.79805            0
2.3061      988.0838       16.9009        4.5448       0.96647        2.4651        5.1382        8.5759             1
0.56539      532.7365        4.6629        3.0336        1.2524        4.3347          1.07        4.0246             0
5.6985      525.1234        22.814        4.4084        0.4746       0.51804        7.1189        8.0013             1
0.47033      120.6888        7.7311        1.7994       0.39894        1.2871        0.7328       0.83568             0
0.15168      35.0969      0.82084      0.99631       0.1725       1.6298     0.041637      0.35243            1
0.033248      59.0337       1.0835       1.0992      0.37356       2.0438     0.035204      0.54175            0
0.13628      102.6704       0.91658        2.3249       0.44092         2.087       0.17904       0.98873             1
0.2162      121.6818         1.468       0.85258       0.16738       0.27722        1.5273        1.5081             0
2.9374      215.1811        4.6506        1.2283       0.19592       0.37238         6.921        6.3555             1
2.3029      1101.3048         6.3086        11.6442         2.8219          6.779         4.7355         21.537              0
14.2237      839.2654       33.2968       14.6413       0.61876        0.9436        8.2759        9.5134             1
0.18433      89.7983        2.336       1.3456      0.32845       1.1529      0.42229       1.0624            0
1.8604      343.8708        3.8872        4.8382       0.94581        1.5019       0.97699         4.251             1
9.7944      619.5119       25.9222        10.523        2.5362        2.2419       53.3016       17.7952             0
1.4484      245.0786         4.171        2.7372       0.32799       0.85917         3.039        4.8735             1
0.3707      171.2744         2.469        1.0212       0.30542        3.1894       0.19351         1.259             0
0.13864       87.233       2.1611       1.5075       0.3235        1.809      0.18046       1.1246            1
0.52865      325.2653        1.0426       10.9107        2.0705        7.0046       0.51396        6.6522             0
8.7468      1016.4329         38.135         5.7794        0.42811         0.1385        32.1247         10.476              1
0.07506      86.7118      0.40961       1.0315      0.46108       2.5864      0.10294       1.1066            0
0.77665      444.2765        3.1413        3.8529       0.61611        2.2692      118.9397        7.6927             1
0.37293      306.1397        2.0301        1.4201       0.42974        2.3438       0.84218        3.7417             0
1.6741      207.6862        2.9335         2.128       0.31859        1.1992       0.63719          1.62             1
0.38494      110.9862        0.7886        1.7208        0.4432        1.3192       0.12901        1.3587             0
6.0873      354.7754       10.8592        2.8725       0.14972        0.2417       23.4445        8.0679             1
0.65137      327.3539       0.77101        3.9348        1.5819       10.9271       0.54502        6.9391             0
0.25241      106.7512        3.4866        2.2764       0.27836        1.0167       0.28544        3.0124             1
0.082991       69.651      0.82638       1.0383      0.30901       2.0042      0.16951      0.38494            0
0.43268      64.0872       1.8781       1.8138      0.18138      0.37222       2.0557      0.54604            1
1.2005      644.8838        8.3872       12.8529         2.769       11.0762        1.0244        9.2995             0
0.73119      149.4975        3.3911        4.2464        0.4332         1.192       0.67877        4.1085             1
0.26713      172.2039        5.4139          6.34       0.64112        1.2422        0.5031        2.8049             0
1.9533      353.6581        3.9577         3.318       0.39816       0.79631        3.6889        3.7399             1
0.029597      49.0086      0.57392      0.60609      0.13512      0.77595      0.12611       1.0758            0
1.6241      577.1043        4.2044        1.3818       0.17532       0.42235        2.5038        1.4503             1
16.5777      741.0838        8.6152       10.9173        2.6107        3.5363      101.1394        21.538             0
37.9781      4863.8296        68.9747        10.6823        0.88019         1.2903       138.0995        48.7304              1
0.36762      238.5655        3.4492        2.5669       0.37721       0.73843       0.62335        6.1856             0
0.59802      574.8618        10.522       12.2837        2.3598        8.8895       0.75965       12.7686             1
4.6852       1244.238        13.3606         7.1638         1.0961         1.9271         6.3758        10.5523              0
3.6517      380.4175        3.2085          1.31       0.15954        0.5513        4.6036        4.5699             1
1.3028      785.7571        7.1254       13.6879        3.5868        6.0799        2.9274        9.3129             0
10.5563      619.8609       30.4344        7.4262        0.8667        2.4006        9.2718        6.8089             1
24.7965      3195.9068        45.8942        18.8117          3.302          3.048        54.4824        79.4853              0
0.80349      608.7791        26.301        8.4099        1.2106       0.85706        1.9712        8.5063             1
0.24471      92.0849       1.0889       1.0298      0.19373      0.83404      0.16925       2.2391            0
1.9021      400.6313        1.2409        4.1756       0.57064       0.11775        3.7952         3.297             1
0.056803       94.514       1.4428       1.5706      0.72707       4.2886      0.10224       1.0878            0
6.1284      584.3062       26.8418        6.1414        1.3294        3.1971        6.7639        9.8833             1
0.47002      198.7067        8.8451        2.6908       0.59935        1.1766       0.30914        2.4163             0
1.9909      516.0499       12.7553       10.5205        1.4346        3.5621       0.87833        6.3533             1
1.2713       630.951        8.7835        5.1237        2.2248        16.681       0.49118        1.2135             0
0.86222      147.8817        4.6022        2.6426        0.4871        1.3605       0.66626        2.9674             1
0.25333      96.0144       2.8424       2.0824      0.41834        1.104      0.20452       3.1445            0
21.4138      4235.2838        55.5508        13.1554         0.5292         2.7503       203.6813        38.3631              1
2.2014      785.1845        9.8069        7.0717       0.39704        1.1426        2.6116         9.026             0
3.9567        836.83       17.0034        7.7244        1.0715        2.6472          6.94       10.1404             1
0.27765      162.8704        1.4826       0.67508       0.25043       0.14155       0.70593        2.2775             0
12.1669      614.9986         5.637         3.235       0.47442        1.1394      231.9931         6.937             1
20.8259       1536.305        16.5295         6.5787         0.7018         1.7288        92.3014        26.9025              0
0.28256      56.7535      0.68071       2.4146      0.47521       1.6311      0.11559       2.3735            1
0.40768      250.0924        3.6796        2.2004       0.48608        1.4974       0.31099        0.8807             0
10.3618      544.7998       17.1893        5.1037       0.99478       11.6099       29.8434       10.7943             1
0.25307      92.3583       1.8666      0.72016      0.35668       1.5847       1.1499       1.0989            0
1.4248      503.6426        7.8761        7.2165        1.0356        1.3127        1.2995        4.4592             1
2.2837      364.6521        6.5354        5.6836        1.3071        3.2603       45.0647       20.7223             0
7.0114      834.5915       11.3602        7.6483       0.86733        1.2494         1.862       14.5081             1
0.35806      866.1421        2.6854        9.5482         2.954         8.474       0.34314       15.2921             0
8.0425      1345.5781        18.7266         5.0016        0.41467         1.3106        12.7369         11.283              1
0.4032      76.2947       2.2848       2.3993      0.32356       1.4759     0.072178         1.13            0
0.40777      77.2583        2.145      0.55204     0.069154      0.20508       1.8707       3.9644            1
0.23218      96.8596       1.4511      0.80392      0.14366       1.2842      0.37149       1.0332            0
7.7891      825.1429       10.8554        4.2098       0.25505       0.64766        46.743        9.8123             1
0.096435      119.1045       0.37324        1.2822       0.35181       0.94649       0.13751       0.93399             0
0.86661      1158.9912        47.1752        14.2597         2.7259         8.9025        0.58299         34.822              1
7.5691      1086.8658        52.3075        11.6785         2.0547         2.1952        10.0804        17.9744              0
9.5192      585.2973        6.0842        2.9352       0.41244       0.59909       99.5997        7.1801             1
3.0418      363.2414        24.664        8.4534         1.869        3.6281        1.6736        9.9927             0
0.11617      94.1309       2.1751       2.0465      0.34603        1.221      0.22245       1.2012            1
2.111      341.1027        4.0733        3.3631       0.34248        1.0808       57.5232        6.4988             0
3.5453      505.9165       14.3146        4.7474       0.64876       0.16028        2.1714        8.9071             1
3.6585      240.1693        9.8286        3.2462       0.31359       0.86527        4.0766        2.9529             0
5.712      659.3159        9.5978        2.7309       0.35535        1.5431        1.3326         5.508             1
0.12262      71.3374      0.30217       1.9006         1.27       4.0333      0.47296        2.194            0
0.46565      265.9459        3.5249        2.9567       0.24284        1.7475       0.35049        3.4423             1
4.2829      1723.4632        29.6511         8.7489         1.5497         3.3556        11.5554          32.36              0
10.8429      2301.5607        27.9991          7.786        0.62781         3.3209        20.3597        38.4547              1
1.4483      727.6499       0.62508       10.7178        2.3174       10.5958        1.4026        8.2175             0
1.2336      139.0877        2.4912        1.1134        0.1683       0.91733        1.5813        1.3723             1
0.11315      51.5666       1.0072       1.4951      0.35243       3.5744      0.24114      0.73826            0
8.6746       1505.465        33.9674        10.6585        0.79517        0.96384        18.6584         23.333              1
3.9864      870.3313       11.8755        11.298        1.8256        4.1634       0.77307        7.5072             0
2.074      521.0463        9.4041        3.9738       0.45912        2.7072         1.037        4.0054             1
0.53397       267.615        3.7844        4.2039       0.93232         2.174       0.63568         4.187             0
0.10867      96.8962       1.7954        1.819      0.40397       1.8899      0.06851      0.78195            1
0.063661      99.8904       1.2771       1.5761      0.36461       1.3272      0.17169      0.83146            0
14.1048      1099.0533          19.06         8.2269         0.7662        0.94517        25.8719        27.7958              1
1.5709      1443.4292         8.4655        11.8401         1.9637         4.9746         4.3346        19.6947              0
1.1525      452.2362        4.1137       12.9814        2.5771        7.3471       0.17607       13.3976             1
1.862      477.7957        3.6288        3.7558       0.64318         2.406        2.3901        4.9866             0
9.7409      1279.8365        34.5717        14.6541         1.9396         4.4518        44.9193          32.82              1
0.48012      208.0548        1.5521        1.8563       0.44209        1.5497       0.69879        2.4791             0
0.20223      91.4169       1.5065       3.3529      0.30481      0.89099       1.4596       1.5709            1
0.25728       158.328        1.2755       0.81109       0.57343        2.3831        1.8206        1.8446             0
1.4302      277.6014        4.9416        2.7023       0.59465       0.77154        1.0312        4.0158             1
7.1884      971.1158       32.5317       12.8828        1.1185       0.87606        4.9983       13.5164             0
20.9708      3784.8966        48.6657         8.3209         1.5594         1.1851       242.9667         75.687              1
2.9808      485.8327       11.4486        4.8224        0.6835       0.71514        4.7718         6.816             0
12.6624      1116.0082        47.2987          8.796         1.1921         2.4165        16.7006        28.4608              1
3.1882      713.1337         7.945        1.8725       0.26624       0.69665        7.2239        3.4211             0
12.5133      1237.5648        51.1718         8.3287        0.40571        0.15649        10.7919        21.3752              1
0.23879      166.1417         2.955        3.8974        0.7718         1.889       0.36245        1.3389             0
2.9028      1376.3292        21.4024        10.1991         1.8515        10.3403         1.6005        23.7874              1
1.8306      577.6057       11.4826        3.1277       0.38174         2.221        9.1792        3.4096             0
0.24698      95.9785        2.135       1.2678      0.31467      0.79581      0.41894       2.1679            1
0.82659      152.8795        5.3797        1.4647       0.26113       0.49477        2.1342        3.3653             0
4.5066      395.5938       16.3679         4.156       0.77604        1.9342       17.1597        4.9044             1
0.043268      89.1931       1.1178       1.5961      0.49999       1.2884      0.24278      0.87979            0
4.0371      356.2751        2.9974        2.4133       0.20749       0.33831       20.4788        4.6754             1
0.40001      208.4174        2.2762        3.3913       0.80711        1.9505        1.5116        6.9418             0
19.9919      1898.9715        26.5295         8.6415        0.50899         0.7352        24.8216        26.7783              1
0.74599      220.1634         5.312        2.9119       0.61265        1.6974       0.80725        3.2542             0
0.22877      90.5043       2.1756        2.171      0.33857      0.89447      0.24707       1.7089            1
6.5811      1187.1933         4.5817         6.2049        0.49063         1.5199       136.3962        17.4452              0
2.7779      159.7957       11.7756        3.8701       0.38548        1.2146       0.39466        3.1665             1
0.2892      137.9428        3.7773        1.4269       0.26718       0.96597       0.11891       0.54171             0
10.3623      1005.0936        17.1371         6.6348        0.66681         2.2672         8.7152        11.6492              1
0.95748      206.6074        2.8456        1.8781       0.50887         2.685       0.40174         1.704             0
5.6603      548.3974        68.308       17.3013        1.0039       0.96118        6.8564        9.9109             1
9.8817      637.0907       12.9001        1.9869       0.33408       0.28426      132.9222        7.0362             0
0.5133      79.8269       2.1675       1.8724      0.30133      0.74397       1.3508       1.3695            1
6.0966      597.9436       23.7346        4.0273       0.36671       0.93315       27.3297        7.3964             0
1.9898      690.8174        7.7767       12.2869         2.653        8.7716        1.6581        14.658             1
4.8363       196.234        9.2677        5.0793       0.67107       0.78292        9.1134        7.1195             0
0.36953       203.732        3.5989        1.8985       0.48467       0.97738       0.78994        3.3285             1
1.02        850.23        6.3866       10.6234        2.6362       12.3495       0.72182       23.6476             0
0.6666      256.3595        3.9617        1.7549       0.24998       0.80548        1.0277        4.5753             1
9.5796       653.955       13.1266        3.9479       0.43526       0.49253       31.1671        9.2054             0
0.53531      276.1217        9.7347        10.508        1.3482        3.0334       0.23792        2.1908             1
2.9455      286.7867        5.5215        2.2633       0.22305       0.49857        7.4633        5.1344             0
12.8135       722.342       56.1194       22.7868        1.4421        2.2897        7.6396       15.9618             1
0.18943      193.6811        2.4722        1.5994       0.34769       0.62345         1.139        1.6641             0
0.37676      163.6408        4.7795        2.4005       0.42789       0.87732       0.25835        4.4081             1
0.66927      315.7781        6.6927        8.9635        1.3206        1.5716       0.76489        3.8364             0
0.30623      181.8686       0.79721        1.9133        0.4024       0.99209       13.6741        4.1329             1
16.9938       1537.117        63.0032        14.0171          2.666         9.0448          13.51        23.5853              0
6.1559      1322.8865        14.2099         6.7625        0.30147         1.0123        33.8387        19.0705              1
0.13608      70.7226        1.038       1.8118      0.57902      0.81649     0.082716      0.42159            0
1.928      443.9817       19.0295        3.4244       0.33835       0.46086        3.3106        5.8016             1
0.76383      638.9299       11.2301        5.7316       0.62389        1.7084        1.0087       16.9442             0
1.8294      1065.5375         7.4796        14.2469          3.157         5.2616        0.87424        14.5383              1
0.30566      172.3969        4.8867        2.0907       0.25864         1.301        2.4669         3.666             0
0.23059         290.5         2.347        1.0731       0.32877       0.85845       0.94521        4.2032             1
25.8489       1713.085        20.9233         8.8763         0.3539        0.57779        23.4294         8.3057              0
43.7035      1529.4724        28.3686        15.3645         1.8705         4.6019        94.1465        50.5321              1
4.696      764.6039       25.5798       17.2776        3.3177        5.4814        2.0355       21.4447             0
1.2065      410.4334        4.7547        2.5785        0.3109        1.2493        3.9732        5.4707             1
0.43644      165.4155        1.9783        2.6531       0.58287        2.0702        0.1005        2.0157             0
21.3317      2433.2204        26.7367         9.0247        0.68177         1.1175       159.6399        25.4434              1
3.9821      492.3165        2.3765        3.1651       0.47246       0.94491       51.5865        4.1065             0
3.2784      234.6724        4.3201        2.9823       0.26238        0.7092        5.2398          9.96             1
0.11483      80.9171       1.0296       0.9569       0.2775       1.6114      0.10334       1.1215            0
0.51267      384.8782        3.3435        6.6869        2.0284        6.5532       0.23404       10.0193             1
6.2585      649.3835        25.241        4.1237       0.44122       0.58716       14.9335        8.7666             0
3.7333      1126.7732        10.7375         7.7564         1.0006         0.9799          9.868        12.1452              1
3.9593      1874.0573         33.009        10.5147         1.5083         4.3364         12.023        27.4398              0
1.7049      643.9147        6.7902        5.5556        1.4844        2.0723        5.8349        4.3137             1
1.8793      353.4953         3.095        5.8669        0.5403        1.3214       0.69886        4.8216             0
4.3983      114.5835        9.7439        3.9436       0.42941       0.52729        0.6157         1.525             1
0.38303      111.9193        3.9826        2.1312       0.26272        1.2571       0.10312       0.60401             0
0.74791      71.3591       1.4344       3.0634      0.38932       1.0911      0.18442      0.71462            1
5.4227      1129.2189        16.7999        12.9853         1.7013         6.2069        36.1516        22.5815              0
2.2291      581.3984       21.6359       15.7843        3.0815        8.5068        6.2941       18.2102             1
0.38966      268.2389        2.6527        7.7633        4.2413       16.3809       0.19483         5.815             0
2.2923      1003.4923         8.3326         7.4042         1.6963         4.0689         1.9485         9.1693              1
25.5923      2041.9182        23.7872         4.5408        0.30887        0.36503        40.6829         42.147              0
2.186      1027.6716         11.706        15.5393         3.0572         9.0923         3.5641        30.0015              1
0.93656      313.0877        0.8905       10.6707        3.1475        20.113      0.076767        3.4085             0
12.6207      994.6763       17.4695        7.1387       0.45903        1.4035       15.3432       10.9323             1
2.2478      552.2617        8.5206       10.9413        1.3929        2.4111       0.77809        4.6301             0
27.2499      1605.7487        32.2305         7.6494        0.90131          2.464       107.2029        10.6869              1
0.021889      88.6362       1.0765       1.4029      0.39798       2.0635      0.10148       1.4984            0
2.5399      358.8855         7.252         2.425       0.29882       0.85335         4.692        5.5942             1
2.0919      1214.4078        20.8674        13.9745         3.9437        12.6542          7.716        18.3983              0
23.357      3062.9998        61.7597        16.7519          1.047        0.51703       236.5818        66.7103              1
17.6974      1668.6132         5.4825           8.61        0.71593        0.17584       180.4841        26.4204              0
19.5064      1626.5216        33.1788          7.595         0.9449        0.50824         5.1397        36.5432              1
0.19716      144.6252        1.1232        2.0761       0.40028        3.2919       0.29872        1.2337             0
0.81593      738.4749        6.3119        9.4216        2.7865        7.1432       0.46185       10.0374             1
1.9193       193.736        2.8442        5.4936        1.5716        5.4658       0.59108        4.6104             0
21.9738      2415.9895        55.8296        19.1904         1.9532         3.3042        28.1915        68.0698              1
0.43678      371.2318       14.4348        6.7559        1.6344          4.72       0.65516        4.6425             0
4.1814      636.7599       24.8583        9.6416        1.6812        3.6353        3.9084       12.3142             1
8.0531      985.2547       32.7765        5.2245        0.4476       0.51907       11.4496        9.4523             0
1.3054      182.4671        3.9907        1.7532        0.2764        1.3175       10.1019        2.6793             1
2.9541      697.6947       24.7712        5.6448       0.09408        0.4704        2.1638        9.6808             0
7.5517      789.8633        4.7465        4.1009       0.37518       0.52788       55.7061       13.2536             1
0.48024      198.7414        3.5694         2.299       0.83106        2.4761       0.20436        1.7268             0
7.0077      3818.5023        22.3997         7.5144        0.86999              0        20.4208       111.3008              1
