0.52204      658.8398       12.5417        8.5054        2.5593        5.4751        1.7826       14.9736             0
0.046901      58.0689      0.27638       1.0034      0.35176      0.75377     0.061977      0.32998            1
0.5218      295.0158        1.4468        4.8385        2.4825        9.1157       0.30043         1.518             0
2.1786      514.2486       15.6657       10.4608       0.96639        2.5177       0.94096       12.7666             1
14.1997      1416.7838        14.5599        12.6536         0.8856          1.426        95.2548        47.5223              0
8.9023      1167.1741        34.6946         7.6853         1.1358         1.6964        11.5944         14.788              1
0.22143      118.0292        1.8272        1.7882       0.39447         1.563       0.23631        1.9817             0
0.02344      72.2689       2.0908       1.3712       0.4266       1.5822       0.1172       1.1321            1
0.27301      103.1062        2.1866        1.8939       0.35418        1.0847       0.16725        1.8152             0
0.07263       93.825      0.83415       1.2655      0.40717        1.358      0.22669       1.1995            1
4.5314      577.0654        9.8131        3.3358       0.41865       0.57606        7.1639         8.671             0
1.1622       145.415        1.4084        1.5294       0.42565       0.90556       15.0252       0.65517             1
2.9407       223.242       12.4975         2.683       0.13246       0.45279        2.5192          1.71             0
1.6737      1520.6637        21.4238        11.7618         2.7693        15.6418        35.1789        49.4969              1
0.90103      379.0581       0.47958       10.0712        2.7031        4.9702       0.77024        4.2436             0
1.6879      590.3188        7.7455        3.2733        1.3172       15.6565         1.049        4.4406             1
0.33084      422.4281        1.8692        5.6077        8.2378       42.4297       0.77746       12.4064             0
0.40499      164.9159        1.0473        1.4297       0.26181        1.2048       28.9529        1.3602             1
1.0729      251.8315        3.4631        8.8748        1.2306        3.1082        0.7021        7.5258             0
1.5061      1263.4338        24.3005         8.4861         1.1689         1.1015         4.5296        25.5931              1
0.11409      122.5424         1.236        1.0496       0.35177        1.0496       0.41452        2.2532             0
2.5399      358.8855         7.252         2.425       0.29882       0.85335         4.692        5.5942             1
1.237      264.4212        7.8188        2.2633       0.31869       0.42673        2.4685         5.253             0
13.5394      1130.7205        16.4122        10.0457         2.4929         7.5991          3.364        14.3364              1
1.2815       434.662        1.5497       12.6658        2.4885        3.4719        1.3411       10.5499             0
35.0857      2912.2256        85.0543        34.8928         2.2501         3.1662        59.0333        12.3917              1
13.3328       860.938       15.9758        9.8403         1.817        2.3834       19.5863         8.747             0
2.1003      1751.2569        27.4463        11.8123         2.5425         5.1482         8.4802        25.9934              1
0.39404      154.6733        2.3047        2.2452       0.37136        1.3125       0.47341        2.6619             0
2.0814      478.2227        6.0544        7.5784        0.5752        2.2593         1.097        5.8587             1
0.48012      208.0548        1.5521        1.8563       0.44209        1.5497       0.69879        2.4791             0
1.3054      182.4671        3.9907        1.7532        0.2764        1.3175       10.1019        2.6793             1
5.2131      492.8316        5.8768        2.7744       0.17038       0.58997       13.4829        4.5672             0
0.53531      276.1217        9.7347        10.508        1.3482        3.0334       0.23792        2.1908             1
0.42271      281.7711        1.7165        5.2647        1.2297        2.9462       0.36507        4.6178             0
15.6645      374.8375        6.3065       14.4439        4.7103       10.3439        6.4786       12.8634             1
0.11115      97.2957       0.7946       1.3409      0.41385       1.2534        0.175       1.0264            0
8.2789      855.3742        5.7103        3.2708       0.29707       0.93622       95.1669       12.5549             1
18.4105      2756.6399        12.3723        11.7873        0.74637         1.1364       107.1346        87.9172              0
4.3983      114.5835        9.7439        3.9436       0.42941       0.52729        0.6157         1.525             1
0.79023      698.7428       13.8124         7.279        1.7474        1.3022        2.2928        10.618             0
3.5503      643.8079          6.89        1.9447       0.19132       0.29304        7.2484       17.5409             1
0.050863       128.565       0.45335       0.77401       0.63911        1.5126       0.10394        1.1367             0
15.5014      2472.0926        28.7729         7.9296        0.84871         3.4364       113.1946        22.8985              1
0.39462      469.8003        5.2563       13.4328        4.6565       11.9175       0.34726       11.4913             0
0.85204      288.5756         2.105        9.4059        3.6588       11.5945       0.13365        7.0001             1
16.9502      521.6598        8.7459        3.9985       0.31092       0.25743       74.0362        6.2452             0
0.10369      134.9799       0.64751        1.0855       0.28143        1.9341        1.0136        1.2844             1
0.11992      150.7602        1.0285        1.4667       0.46122        1.2291       0.40356         1.718             0
3.3602      560.1755        3.9767        2.1414       0.21014       0.42829       10.1468        6.8506             1
0.088027      130.7382        1.9296       0.94717       0.30457        1.0563       0.24824        1.1426             0
28.0563      2084.0157        55.1631         8.2011        0.79613        0.53715        99.9669        43.6624              1
58.5434      7759.6649         16.958        22.9399         1.4269          1.372       997.8166       253.7657              0
1.3753      271.5591         2.952        2.4997       0.35822       0.99621       0.44712        1.8591             1
0.068753      131.3369        2.8486        1.3007       0.38465       0.78973       0.26572        1.9362             0
3.8486      1040.9599        38.8112        16.7856         1.8799         2.7236        45.2797        41.3424              1
0.81427      220.0062        8.0155         8.007        1.7049        3.4182       0.38169         2.587             0
0.46565      265.9459        3.5249        2.9567       0.24284        1.7475       0.35049        3.4423             1
1.4483      727.6499       0.62508       10.7178        2.3174       10.5958        1.4026        8.2175             0
2.2927       1070.937        29.2624        15.9402         2.5095         8.8763         1.3942        25.7925              1
1.7368      451.4692         7.797        7.6233       0.84979        2.4253         1.346        6.1843             0
2.43      351.1363        8.2299        4.5136       0.88279        3.3745        1.0299        1.4191             1
0.38303      111.9193        3.9826        2.1312       0.26272        1.2571       0.10312       0.60401             0
2.5211      898.1403        6.1675       11.2794        1.5004        2.6607        2.2507        7.4149             1
0.12031      69.4621       1.7209       1.4228       0.3278       1.2519      0.44811       2.1743            0
1.2929      358.0596        4.3416        3.4025       0.22116         1.065        5.3793        8.5062             1
0.19719      226.5234        2.5111        1.2817       0.33984       0.35662       0.91883        3.1614             0
13.9384        784.51       24.8451        6.6989        1.1177        4.2517       13.1494       14.4571             1
0.41632      100.6418        3.5029        2.6898       0.50739        1.8767        0.3968        1.1124             0
0.4368       102.437        1.3587        1.8208       0.38393       0.94027       0.52646        1.7242             1
0.030913      52.4841      0.63371      0.74384      0.60473       2.4363     0.057961      0.58928            0
1.7049      643.9147        6.7902        5.5556        1.4844        2.0723        5.8349        4.3137             1
0.015837      56.5686      0.20747      0.46086       0.4672       2.4342      0.13937      0.28665            0
0.20223      91.4169       1.5065       3.3529      0.30481      0.89099       1.4596       1.5709            1
1.4195      411.4273        7.4774        5.3101       0.83537        5.4153        2.8858        2.8332             0
0.51657      240.3404        4.5497        2.4706        0.5647       0.88555        0.6417        4.1871             1
1.4427      174.7112        2.1081         3.079       0.37908       0.79088       0.36817        2.2363             0
5.3164      852.2807       15.4148        5.8742       0.99356        2.5217        8.1228       16.5885             1
1.1353      294.0318        3.0768        4.1245       0.41366       0.61294       0.95413        4.8854             0
82.2068      3803.0537         4.6756         7.6091        0.63541          2.907      1010.2303        50.2031              1
0.3707      171.2744         2.469        1.0212       0.30542        3.1894       0.19351         1.259             0
56.8508      3632.6011        24.6161         8.5455        0.98634         1.8111       349.8628        30.9338              1
1.02        850.23        6.3866       10.6234        2.6362       12.3495       0.72182       23.6476             0
0.10847      97.3817      0.98455       1.0346      0.17688       1.3767      0.35878       1.8556            1
16.2143      1415.7793        60.8625         9.2469         1.1648         2.3939       244.5789        13.8775              0
8.0425      1345.5781        18.7266         5.0016        0.41467         1.3106        12.7369         11.283              1
1.1603      472.2927        5.5707        6.0393        1.4206        4.5667       0.45369        4.8567             0
0.57665      171.2176        1.8963        1.7688       0.26349       0.78183        1.2526        4.3907             1
0.40001      208.4174        2.2762        3.3913       0.80711        1.9505        1.5116        6.9418             0
4.5066      395.5938       16.3679         4.156       0.77604        1.9342       17.1597        4.9044             1
3.3315      387.5402         8.971        3.8578       0.95304         4.902       0.59254        5.7928             0
5.3801      831.5846       22.6851        4.9415       0.15364       0.23464       16.5396        9.8662             1
0.10302      70.6212       0.5488      0.94963      0.38959       1.7607        0.118      0.62372            0
10.3618      544.7998       17.1893        5.1037       0.99478       11.6099       29.8434       10.7943             1
0.68758      268.5319        6.9554        5.7905       0.75009        2.9151        1.0854        4.0687             0
0.06266      62.8963       1.1721       3.8039      0.72244       1.9388     0.088462        1.478            1
5.4227      1129.2189        16.7999        12.9853         1.7013         6.2069        36.1516        22.5815              0
4.5276      278.7346       21.6407        5.9118       0.42918        1.1947        8.2704        5.8113             1
0.083729      110.4642        1.1958        1.3805       0.54746        2.7588      0.075141       0.80294             0
1.2336      430.4072        4.2307        4.9343       0.54776        1.7858        3.3845        3.7185             1
0.46943      216.7166        2.2695        2.4395       0.65055        2.4322       0.16633        3.4043             0
0.66505      263.4144        5.4078        4.8492       0.46364       0.61565       0.70686        3.4925             1
0.12633      169.0471       0.99106        1.0324        0.3289         1.198       0.56632        1.1566             0
1.363      488.2316        8.5939        6.4634        1.4132          9.01       0.95408        6.0258             1
0.38403      230.2898        3.1049        1.1346       0.36003          2.59       0.48222        1.2328             0
0.20535      185.2796        1.5744        1.3325       0.40614       0.92636       0.83966         2.535             1
0.4229      197.1291         1.618        1.6571       0.36314        2.2432       0.59987         2.542             0
0.42625      207.1229        2.4501        1.8852       0.80398        3.3927       0.31536        1.9753             1
0.052476      91.9158       1.7292       1.7817      0.35984       1.7342      0.12994       1.1495            0
6.1559      1322.8865        14.2099         6.7625        0.30147         1.0123        33.8387        19.0705              1
3.6585      240.1693        9.8286        3.2462       0.31359       0.86527        4.0766        2.9529             0
1.184      244.0403        3.9241        13.041        4.5838        7.0025        0.1184        6.7827             1
1.5296       418.641        3.7373         2.045        0.4475        0.4014        6.2135        7.8598             0
11.3178      2144.1869          39.14          9.799        0.81892         1.8128        20.9418        43.6825              1
0.12262      71.3374      0.30217       1.9006         1.27       4.0333      0.47296        2.194            0
0.9893      458.1979        5.3442        5.5828        0.7457        2.9579       0.58662        4.7476             1
0.93539      744.7816       13.9502        15.563        3.3223        7.8379       0.98377        14.676             0
3.6517      380.4175        3.2085          1.31       0.15954        0.5513        4.6036        4.5699             1
0.2827       257.152        2.6251        8.2657         2.827       15.0775       0.32309        6.1252             0
1.4302      277.6014        4.9416        2.7023       0.59465       0.77154        1.0312        4.0158             1
0.049951      82.3237      0.95307       1.3627      0.33567      0.82919      0.62739       1.0969            0
31.0429      1694.6457        32.9411        13.5967         1.1654         3.4963        38.3887        21.9843              1
1.5276      507.3464          3.58         5.985        1.7939        7.7711       0.63454        4.6376             0
14.229      1269.3457         9.5551         7.3074        0.92609        0.99362       101.3441        10.5391              1
0.051756      131.5079       0.87123       0.75046       0.41189        2.0401       0.18762        1.3025             0
0.96632      97.1238        6.715      0.91874      0.30843      0.51023       1.9835       1.4979            1
84.2163      761.5794        5.8951       13.5572       0.72657             0       40.9027       14.6801             0
8.606      816.8419       29.4321        10.339        2.2219        5.9694        6.8729       15.1678             1
16.9938       1537.117        63.0032        14.0171          2.666         9.0448          13.51        23.5853              0
0.13743      159.5846        4.3265        6.0657       0.96672        1.8955       0.21325         1.161             1
8.813      772.4035        10.833        5.6749       0.53085       0.64829      106.6248        8.9727             0
9.3608      510.1385       74.6374        9.1119        1.0901        1.5759          1.41       22.3474             1
0.04302      63.3254      0.65523      0.98615      0.48149      0.88191      0.13237      0.58573            0
37.9781      4863.8296        68.9747        10.6823        0.88019         1.2903       138.0995        48.7304              1
0.49741      376.7693         7.544       11.3409        3.6974       13.3139       0.28186        7.1627             0
5.2499      941.5332        9.9429        5.1958        1.2706        3.1142       13.4031       10.2619             1
0.27765      162.8704        1.4826       0.67508       0.25043       0.14155       0.70593        2.2775             0
1.9533      353.6581        3.9577         3.318       0.39816       0.79631        3.6889        3.7399             1
1.8306      577.6057       11.4826        3.1277       0.38174         2.221        9.1792        3.4096             0
11.0053      1040.3976        28.8697         8.8072         1.1689        0.91895         6.3591         8.3808              1
0.6243       103.666        2.4295        2.0932       0.11017        0.4774       0.50833        1.0128             0
55.4749      2263.6839        42.4209         9.4478        0.55634        0.89412       163.3849        28.7806              1
0.66807      813.7368        3.4232        1.8828       0.75089        2.8766         1.038        13.367             0
5.2657      2116.3459        24.1842        10.3538         2.2839         2.8041        17.8019        41.9354              1
0.021889      88.6362       1.0765       1.4029      0.39798       2.0635      0.10148       1.4984            0
22.3622      1082.2551        53.5088        13.4216        0.84506         1.7469        32.6592        23.0652              1
0.017187      43.8365      0.64665       1.1558      0.51989       1.0806      0.27713      0.40603            0
0.14693      136.0802       0.81344        1.7568       0.18313       0.85177       0.33432        4.9466             1
2.2837      364.6521        6.5354        5.6836        1.3071        3.2603       45.0647       20.7223             0
32.665      2710.8964        34.2205        15.0553         1.3414         4.0385        52.9861        92.6864              1
0.24042      85.9977       1.0193       2.0912      0.42074       1.1245      0.33809       2.6521            0
2.2291      581.3984       21.6359       15.7843        3.0815        8.5068        6.2941       18.2102             1
0.080537       193.277         2.189       0.61692       0.32215       0.51383       0.22712       0.83598             0
9.5192      585.2973        6.0842        2.9352       0.41244       0.59909       99.5997        7.1801             1
3.1431      913.0029        9.6044       12.2973        1.2756        1.2006        4.6105         9.346             0
13.7511      569.7065        9.4212        5.5076         1.142        2.3434        4.1634        9.7661             1
1.9252      127.8676        4.5031        5.4447       0.68059        2.3541        1.6968        2.1956             0
12.9145      554.3697       0.22765        5.2183       0.83178       0.91058       87.1883       16.6619             1
0.23218      96.8596       1.4511      0.80392      0.14366       1.2842      0.37149       1.0332            0
2.4298      165.1668        6.0859        3.5936        0.5081       0.73802        1.8422        6.3328             1
4.7241       1015.973        17.2634        14.3941         3.0754         9.8127        39.2033        27.8529              0
1.2387      201.9711        1.6949        1.4743        0.2319       0.44494        1.8872        3.3502             1
1.3874      338.1204        5.8798         8.427        1.3653         2.371       0.48448        3.1638             0
1.4221       288.962        1.8738       12.0289        4.9521       21.4145       0.13384       10.0046             1
7.5691      1086.8658        52.3075        11.6785         2.0547         2.1952        10.0804        17.9744              0
0.24698      95.9785        2.135       1.2678      0.31467      0.79581      0.41894       2.1679            1
2.1633      353.5261        9.3385        3.9529       0.73621        1.4384        2.8825        2.8542             0
1.3985      516.1713        10.685        3.5793       0.55182        2.6382       0.97136        5.2612             1
2.5307      954.4485        8.9941        5.7197        1.4791        6.2241        4.2748        6.3694             0
1.597      416.4811       22.9861        7.7428        1.2556        1.9825        1.1234       10.3641             1
1.0295      215.4919        4.7668        2.1274       0.32034        1.0569        1.9494        3.9098             0
2.7779      159.7957       11.7756        3.8701       0.38548        1.2146       0.39466        3.1665             1
15.5883      2024.8958        34.5523        12.0962         1.9885         3.1817        18.0909        26.8891              0
2.9286      460.3115        3.2754        1.5644       0.20639       0.81317         8.435        8.9097             1
0.26511      37.7646       1.2585       1.3343      0.83028       3.3124      0.21849       0.3292            0
1.8859      215.1456        5.1757        4.1283       0.38231       0.47548        2.5316        4.0962             1
2.3029      1101.3048         6.3086        11.6442         2.8219          6.779         4.7355         21.537              0
7.889      751.1815       11.2315        5.2718        1.3983        6.7748        12.084       16.0397             1
9.6332      1682.0708        16.5378          8.871         1.1529         1.4155        11.8045        19.9837              0
4.9659      636.8787        7.8969        5.2505       0.48851         2.022       43.0573       21.9704             1
0.094584       133.756        0.7403       0.93311       0.46201       0.82761       0.46564        2.1863             0
4.0571      231.4405         3.222        9.5891        0.8055        2.0611        1.4511        4.8153             1
0.64255      131.3612        3.9143        2.7618       0.86656        1.9866       0.18864        4.2562             0
3.7013      218.5419       0.50332        2.9502       0.30715       0.85435       45.4692        3.3193             1
0.58872      226.4095         3.281        1.7941       0.50262        1.3124        4.4072        3.6952             0
0.7519      174.6316        3.3213        2.3503       0.40831        1.0482       22.5942        6.0002             1
0.054487      164.9633        1.8823        1.0773       0.65632        2.2364       0.20804        1.4043             0
26.864      1001.8474        31.1416         5.3831        0.39952        0.17221        58.9837        21.7805              1
0.49463      214.7316        3.8739       0.95133       0.23054        1.7859        2.0369        1.4299             0
4.1814      636.7599       24.8583        9.6416        1.6812        3.6353        3.9084       12.3142             1
0.72294      277.8604        6.1883        7.9451        1.9302        4.1207       0.49883        5.4365             0
27.2499      1605.7487        32.2305         7.6494        0.90131          2.464       107.2029        10.6869              1
0.22421      138.0383        2.5827        1.2686       0.52789        2.6168       0.11069          1.07             0
1.5433      470.1892        1.9795        3.9254       0.38583       0.37745       0.59553        3.7493             1
0.71121      947.2053        7.7102       14.1596        4.4936       10.0863        2.5539        16.374             0
0.17498      174.9937        1.8363        1.0611         0.254       0.82408       0.58702        1.3114             1
0.34474      135.9945        4.8263        2.9093        0.4865        1.7656       0.23197        1.7398             0
4.8598      1384.8018        13.5526         6.0804        0.64858        0.41887        22.2768        11.4447              1
8.1417      332.0971        2.9146        1.5056       0.20267       0.75665       57.8971        12.089             0
1.3478      355.6488        5.1218        2.4642       0.38938        1.2934        1.5738        4.9802             1
0.38391      250.1154        1.5921        1.4227       0.53917        2.1341       0.35286        1.6203             0
0.13628      102.6704       0.91658        2.3249       0.44092         2.087       0.17904       0.98873             1
0.83509       403.465        4.8347        3.1743         1.216        3.3355       0.96694        2.9057             0
7.6715      1956.1867          22.17          9.783        0.61779         2.3695         9.6735          19.91              1
0.085071      107.3874        2.1176        2.1843       0.56331        2.4924       0.11266       0.77714             0
14.3736      1412.7304        33.6001         6.2625        0.69904        0.81458       154.1758        18.1288              1
1.7025      814.1192       16.4159       13.6816        1.7231        3.9105       0.55717        8.8116             0
35.3898      7180.4672       118.7272         12.975        0.95748         1.2398        575.849       169.8049              1
2.1011      668.6056        4.6643        3.8379       0.89178        2.4419        4.7997        5.3694             0
12.1146      1556.6567         24.727        15.1621          2.429        12.1448       205.2993        47.9001              1
0.028682      39.1532     0.092796       0.7643      0.48929       3.3137      0.03037      0.79805            0
18.727      1720.3377        35.2574        12.1616         1.3809        0.89638        21.2546        12.9126              1
0.17497      122.5469       0.92781        1.4274       0.46275        1.5356       0.27167       0.96234             0
2.2923      1003.4923         8.3326         7.4042         1.6963         4.0689         1.9485         9.1693              1
0.041099      37.5647      0.29704       1.6066      0.35121       1.9167      0.10835      0.45583            0
0.40777      77.2583        2.145      0.55204     0.069154      0.20508       1.8707       3.9644            1
9.7944      619.5119       25.9222        10.523        2.5362        2.2419       53.3016       17.7952             0
2.8062      782.0401        4.0818         9.184        2.5086        6.7746        1.1763        17.064             1
0.12266      132.7048        1.1954        1.6637       0.58655        2.1366        1.5835        1.7083             0
0.17632      69.5485       3.0529       2.3148      0.26196       1.1511      0.11083       1.4005            1
0.074896      85.1464       1.3042       1.7717      0.56043       1.6193      0.33574      0.67923            0
13.6343      546.1264       35.2069         7.287        0.4164        2.6052       11.8033        5.4879             1
0.44554      183.6252        1.7822        2.3296       0.41642        2.5422        0.7979        2.8975             0
3.6874      483.2464        3.8024        3.0718       0.32335       0.84257        4.5175        9.9616             1
9.1224      583.1757       26.7302        5.0839       0.21031        0.3627       29.4032        9.7838             0
3.5453      505.9165       14.3146        4.7474       0.64876       0.16028        2.1714        8.9071             1
0.31993      136.4949        2.7101        2.2897       0.37809         1.055       0.16922        3.3235             0
0.97967      514.0245        7.3043        3.3904       0.51865        1.0949        2.6413         5.076             1
15.3407      1127.5816        32.5185          8.721         1.1215        0.77348         6.7035        13.1814              0
3.122      912.4667       25.5832       13.5287        2.1825         2.486        2.4427        8.0363             1
0.8967      334.2234       10.3994         7.686        2.8764        9.0718       0.74531        7.9422             0
13.5247      1430.3553        41.5284        16.1963          2.278         3.8881         7.8715        10.0899              1
2.0906      282.3307         5.635       12.4468        2.6444        9.1517        2.2429        9.7055             0
79.1844      2695.2012          5.395        18.3474          1.838         3.0705       651.3797         81.163              1
14.9403      1244.1125         7.5264        17.7547         2.9752         9.1346       141.7478        27.0823              0
22.9337      2415.5291        27.1599        12.0821        0.82039         1.8645        41.7778        62.0762              1
1.0733      136.3067       0.55639        2.7728        0.4439        1.5962        2.9765        3.7579             0
0.021811      47.6759      0.50501       1.1845      0.28858       2.1207     0.033556       0.4681            1
4.4806      241.7404        7.1208         1.833       0.19993        0.4447        8.5221        3.0699             0
20.564      2089.6418        80.6128        16.2381         0.9884          1.887        10.1408        22.6563              1
0.26484      244.6204        2.1264        2.0601       0.69011        1.1587        1.0186        2.2028             0
2.7474      381.9107        5.6968        2.3232       0.33188       0.53101        4.8946        3.9509             1
0.19463      111.6013        1.4302        1.7254        0.3652        3.2081        0.1837        1.5767             0
4.9939      567.5751       24.0891       11.3822        1.1243        2.3706        1.8912       16.0972             1
0.10588      68.8027       0.3341       1.4234      0.51997       2.4187     0.056467      0.59526            0
8.6746       1505.465        33.9674        10.6585        0.79517        0.96384        18.6584         23.333              1
0.65137      327.3539       0.77101        3.9348        1.5819       10.9271       0.54502        6.9391             0
0.89017      176.3895        2.2912        1.9733       0.37492        2.9205        7.2858        4.4399             1
0.054946      49.4689      0.21508      0.78338      0.37049       1.4898     0.081634      0.70488            0
2.3061      988.0838       16.9009        4.5448       0.96647        2.4651        5.1382        8.5759             1
0.020696      56.5246      0.63029       1.1157      0.35183       2.0169      0.15804       1.1007            0
2.5194       509.844        3.9371        1.4998       0.31332       0.82696         4.669        7.2321             1
0.19716      144.6252        1.1232        2.0761       0.40028        3.2919       0.29872        1.2337             0
0.35886      164.9678        2.6946         1.376       0.22721       0.38647       0.43743        5.3957             1
0.14727      114.2866       0.85338       0.87356       0.39139        1.7411       0.13315       0.95022             0
1.0142      372.2111       13.9098         4.867        1.5015        4.4874        1.2125        6.8218             1
2.6079      171.1899        5.1047        1.4405       0.22408       0.19634        6.5047         1.639             0
2.1602      297.7204         8.311        5.5248       0.56395       0.55439        4.8461        5.9501             1
1.1883      251.9994        1.2588        1.6474       0.34393         1.331        7.1108          4.11             0
3.2784      234.6724        4.3201        2.9823       0.26238        0.7092        5.2398          9.96             1
3.1882      713.1337         7.945        1.8725       0.26624       0.69665        7.2239        3.4211             0
6.0911      1076.3379        36.5465         7.9459         1.2811         3.9847         7.1521        11.9307              1
2.9053      1198.9299        11.1399        11.5384         3.0548         7.3215         2.5235        11.6048              0
15.6979      2516.5768        17.8748        13.4085        0.67558         2.7305       186.7988        12.0667              1
12.9102      645.1476        18.717        8.0785       0.41556        1.0528       11.2036        7.5189             0
23.9722      2761.6566       120.2273        19.4617         1.0189           1.66         79.312        35.8324              1
0.041878      112.6741       0.85587       0.87681       0.67004        5.6404       0.08899       0.77473             0
21.3317      2433.2204        26.7367         9.0247        0.68177         1.1175       159.6399        25.4434              1
2.1377      104.8619       0.23525         3.065        1.1217        4.5549       24.0224        3.1196             0
5.8859      366.2713        1.1628        1.7198       0.17667       0.32089       80.4255        3.8056             1
35.1036      2132.6544        63.4817        13.2095        0.82085         0.6691       241.7242        41.7601              0
0.52336      716.4027        1.5828        9.2801        2.2339        6.1271       0.59995       10.1608             1
8.1467      734.3372        7.5482        7.3952         1.104        2.2877        3.3385       21.9995             0
0.6666      256.3595        3.9617        1.7549       0.24998       0.80548        1.0277        4.5753             1
0.063567      59.4229      0.42857       0.7464      0.64182       3.1086     0.082022      0.54955            0
6.9861      392.4243         3.362        3.3221       0.29346       0.63536       48.7428        3.6811             1
4.2829      1723.4632        29.6511         8.7489         1.5497         3.3556        11.5554          32.36              0
0.39506       274.704        2.0543         1.349       0.18886       0.64751        1.2526        4.8024             1
0.20571      207.1272        4.3011        2.9846       0.44133        2.6181       0.23189        0.6433             0
2.6569      1703.8664         21.203        16.0803         3.1779         4.9665         4.1503        16.7054              1
0.18433      89.7983        2.336       1.3456      0.32845       1.1529      0.42229       1.0624            0
0.80638      250.3227        5.6011        2.0531       0.29951       0.66558        5.0456         4.316             1
0.13192      121.1996        1.3579        1.7826       0.72076        2.3489       0.14158        1.9596             0
0.37869      154.3011       0.60055        1.1437       0.34426        0.2123        2.5246        2.5801             1
0.48434       89.683       2.0464       1.4356      0.31635       1.5534       0.1069      0.61306            0
1.784         356.7        4.8286        3.7265       0.30129       0.72416         8.986        8.3067             1
0.44881      161.4301        1.8933       0.73881       0.10771       0.33971       0.47367        3.3115             0
0.9897      271.4793        2.6863        3.5347       0.91017        3.6849       0.77762        4.6437             1
0.19752      101.6071         1.047        1.9215       0.34709        1.1506        0.2608       0.66158             0
0.022169      45.4735      0.41171       1.0356      0.30087      0.70149     0.069674      0.74266            1
0.44933      56.5647       6.6319       1.4836      0.23314       1.2272      0.28613        1.117            0
0.78384      160.1959        2.2555        2.2685       0.42825        1.1965       0.63589        3.0731             1
0.50754      281.4462        5.9345        2.3665       0.44639        1.7061        1.1985        4.8277             0
1.9898      690.8174        7.7767       12.2869         2.653        8.7716        1.6581        14.658             1
0.046632      82.2371      0.60299       1.0162      0.27818       1.3748     0.083615      0.49365            0
49.4666      1468.7458          45.19         9.8152        0.64099        0.54084        58.8211        66.3428              1
38.8855      3085.1186       106.0569        14.0701        0.88259         1.3453       306.0714        38.4314              0
0.26596      139.5761         1.447        1.1321       0.38145        2.3604        1.4523        1.2318             1
1.4787      547.4946         4.304        6.8758       0.70764        1.7374        3.1316        5.4129             0
3.9489      520.0548        1.4426        2.3509       0.19429       0.76258      129.4733        4.8742             1
4.4551      2155.8109        10.1831           6.95         2.3167          4.697       108.3105        56.4656              0
0.10867      96.8962       1.7954        1.819      0.40397       1.8899      0.06851      0.78195            1
0.83161      200.6301         9.484        1.5869       0.29302        0.7016        3.2583        3.2439             0
7.7891      825.1429       10.8554        4.2098       0.25505       0.64766        46.743        9.8123             1
0.033248      59.0337       1.0835       1.0992      0.37356       2.0438     0.035204      0.54175            0
0.28256      56.7535      0.68071       2.4146      0.47521       1.6311      0.11559       2.3735            1
2.9455      286.7867        5.5215        2.2633       0.22305       0.49857        7.4633        5.1344             0
32.5921      3090.6993        26.3398         8.6968        0.96446         3.4338        64.4859        21.9166              1
0.23035      131.6241        1.0249        1.3548       0.38847         1.796       0.20302        2.2137             0
0.21392      81.6429       1.1665       1.2945      0.36933      0.55399      0.51742       1.1793            1
0.30947      153.6976        2.9279        2.1349       0.51498        1.3443       0.73984        2.3718             0
184.5832      3678.3331        54.0715        15.4304           1.02        0.84209       129.2308        99.5798              1
0.070156      138.3203        1.1313        1.0243       0.37358        0.7647       0.29816        2.4046             0
1.948      530.8537       10.1616        7.0289        1.1211        4.2221        1.6061        4.7151             1
14.7558      3044.4608        29.6517        16.2538           2.17         8.4139         83.089        78.6651              0
0.060003      93.9478       4.3225       1.8924      0.25155       1.0131      0.45233       2.2639            1
0.4032      76.2947       2.2848       2.3993      0.32356       1.4759     0.072178         1.13            0
0.55061      116.0781        2.6658        1.2393       0.34116        1.4392         3.867        1.8676             1
0.056803       94.514       1.4428       1.5706      0.72707       4.2886      0.10224       1.0878            0
0.56      152.5533        8.3632        3.1279       0.39421        1.5695         1.039         3.209             1
14.4607      902.3302       13.3226        8.8136        1.1893        1.2549       49.4671       10.0539             0
0.080727      50.9572      0.86493       1.0887      0.62275       1.7206     0.066888       0.5351            1
0.20561      204.7034        2.1182        2.4945       0.38795        2.0639       0.45778        2.6652             0
27.9428      1950.1217        19.1329        10.5086        0.77714        0.46078        55.2597        26.0309              1
0.13608      70.7226        1.038       1.8118      0.57902      0.81649     0.082716      0.42159            0
1.9479      266.8116        7.9758        5.3961         0.995        3.3798         1.174        4.7855             1
0.16965      149.5294         0.995         1.144        0.3714        1.0248       0.26136        1.8914             0
5.2978       458.832        6.9796        2.0825       0.12137       0.68197       25.3754        4.6755             1
0.063661      99.8904       1.2771       1.5761      0.36461       1.3272      0.17169      0.83146            0
3.6783      832.8731        20.344       11.0491        1.9099       12.5205        2.8578       24.7721             1
0.28134      207.4237         1.984        1.1084       0.26437        2.0737       0.29105        4.3948             0
0.29292      278.2605        3.4285        1.3559        0.4771        1.4779        1.3314        2.4299             1
3.2969      1354.5545        21.1174        13.7637         2.4635          5.356         3.1621        11.6679              0
0.3238      211.8892        1.9348        1.8839       0.38267        0.7814       0.89112        4.2522             1
4.8254      609.8626        29.043       17.4843        1.7565        3.1395         1.706        5.2392             0
0.52262      240.6592        2.6573        2.2794       0.33614        1.1925         0.952        3.3958             1
2.471      633.2625        6.6948        7.4987       0.53374         1.845       0.88297        5.7196             0
0.76236      87.2951       4.4283        2.133      0.29385      0.81373       1.7179       2.4391            1
3.0297        466.09         7.422        1.9713       0.28616       0.88119       18.1984        7.9398             0
1.6973      295.6054        0.2587        1.4092       0.15985        1.2661       53.8933         3.361             1
1.006      336.8476       18.6814        5.3609       0.35808       0.40923        1.3129        1.9234             0
7.5517      789.8633        4.7465        4.1009       0.37518       0.52788       55.7061       13.2536             1
0.88897      216.7851        1.5089        4.6086        1.4329        5.0706        2.4798        3.5793             0
2.1309       870.723        8.5713       16.4428        2.0991        9.1437        1.0654        9.0006             1
0.43939      70.7952       1.6912       1.1734      0.21118      0.76468       0.8328       1.2449            0
4.2276      1198.2501        40.9075        19.4782         1.1102         1.7942         3.3865         8.2196              1
1.6211       396.859        7.3416        5.1884       0.95096        1.4585        0.5075        2.9021             0
8.3166      241.7247       18.9385         5.464       0.52878       0.96942       0.96478        3.0057             1
42.9596      2500.5402        41.2495        15.5349         1.4941         3.5102        29.0268        27.3257              0
1.6649      543.7914        9.5276        5.6031       0.23327       0.43453        1.1984       10.5659             1
0.77693      598.7772        4.6616       12.9389        2.3457        10.384       0.34364       19.8865             0
15.8595      668.5602       12.7515        6.4206       0.28935        1.0726       92.6728        7.4533             1
0.642      249.9187        1.7184        3.4214       0.59202        1.9222         1.234        3.0332             0
0.68238      166.9325        1.1317        2.1079        0.5405        2.7228        4.1753        1.6553             1
7.0181      1625.4419        20.1684         11.285        0.62953          2.456         43.842        31.0959              0
7.0313      611.9697        8.5316        4.7981       0.21778        0.7052       17.3051       10.6057             1
0.11597      119.4006        1.6581        1.8481       0.40466        1.7321       0.16038        2.4773             0
3.7333      1126.7732        10.7375         7.7564         1.0006         0.9799          9.868        12.1452              1
0.56315      324.7166        1.0664        3.4947       0.64702        1.2261       0.65101        3.5786             0
0.8471      401.3949        3.5074        1.5042        0.1545       0.56118        4.0899        7.8281             1
0.25307      92.3583       1.8666      0.72016      0.35668       1.5847       1.1499       1.0989            0
9.2616       633.024       76.8979       11.3656       0.60742         0.908       13.2129        9.9128             1
10.1267       556.753       47.0872        8.9004       0.37928        2.0544        4.5829       20.0511             0
0.53817      111.3587         4.615        2.3468       0.34649       0.97558        1.0174         2.568             1
0.055689      80.6102      0.55482      0.97146      0.43107        2.209     0.082502       1.0292            0
17.1857      600.4499       40.5284        6.5002       0.77383        1.7361       10.7394       13.5184             1
0.1141      36.0861      0.23006      0.62472      0.52185       6.1649       1.3205      0.67522            0
3.4306      495.8642       15.3328        6.6652        1.0642        4.4178        1.8833        2.9125             1
0.08412      67.4029       1.0956        1.032      0.37957        1.229     0.065655      0.30571            0
1.2065      410.4334        4.7547        2.5785        0.3109        1.2493        3.9732        5.4707             1
2.2302      1804.5115         15.147        10.8608         1.1035        0.89442         6.2725        10.9072              0
0.24503       126.102        1.5983        1.5444       0.34619        1.1397       0.29449         2.493             1
0.42121      229.6464        1.1168        3.4143        1.3019        3.9249      0.095729        5.2076             0
1.129      372.9678        4.6067        2.5326       0.44992        1.2649       11.0358        5.5717             1
2.0919      1214.4078        20.8674        13.9745         3.9437        12.6542          7.716        18.3983              0
7.476      879.7909       12.4901        9.9905        1.3286        1.0208       20.2138        6.5077             1
0.092662      56.7761      0.85067       0.9889      0.19292       1.3018     0.042533       1.1985            0
5.7406      2379.8621        93.6846        13.5395         2.2403         4.9146        43.5029        76.1826              1
0.049149      34.2013      0.32841      0.93607      0.54735          4.2     0.040213       0.3016            0
11.8309      1107.1329        36.9312         8.6615        0.62268         1.0025        32.8651        17.0926              1
9.9004      1322.8456        56.3444        14.3833         1.5427         1.8331        21.4797        20.1548              0
17.2657      1374.4295        48.3615        13.8301        0.71346         2.4038        81.8392        14.6424              1
0.37247      214.8031        1.4507        3.5613        1.3004        4.9662       0.16336        4.1494             0
4.8367      658.1615       11.1476        5.2608       0.25312        0.8996       16.1963       12.7381             1
0.50816      177.5019       0.88399         2.906        1.4292        8.4376       0.26467        2.6043             0
1.928      443.9817       19.0295        3.4244       0.33835       0.46086        3.3106        5.8016             1
0.11483      80.9171       1.0296       0.9569       0.2775       1.6114      0.10334       1.1215            0
43.7035      1529.4724        28.3686        15.3645         1.8705         4.6019        94.1465        50.5321              1
3.9593      1874.0573         33.009        10.5147         1.5083         4.3364         12.023        27.4398              0
9.6068      1060.0047        17.8313         6.0987          1.545         5.8547         3.5198        40.0072              1
0.66029      257.1827        2.2502        1.5951       0.47904       0.81566         1.261        2.5091             0
12.6624      1116.0082        47.2987          8.796         1.1921         2.4165        16.7006        28.4608              1
2.3305      790.5618       14.1803        5.0357        1.3083        6.2554        1.3697         4.511             0
10.3623      1005.0936        17.1371         6.6348        0.66681         2.2672         8.7152        11.6492              1
0.73188      491.7015        5.7594        4.5095         1.126        4.8586       0.54047        2.7812             0
27.4806      1570.5338        19.1561         6.2525        0.85178         2.8997        75.8511         6.5726              1
22.9358      2909.4394        20.2278        12.2866         1.4736         1.5114       630.1173        19.5099              0
26.5317      2479.6314        42.6512         11.047         1.0027         1.1094       245.4417          20.67              1
1.8743      736.9207       22.1993       11.0211        2.8619        5.2412       0.93152        4.7586             0
10.3515       1203.865        31.9977         8.2706        0.68971        0.76045         7.4748        17.0069              1
