0.07506      86.7118      0.40961       1.0315      0.46108       2.5864      0.10294       1.1066            0
1.726        1606.76        13.4311        12.2073         3.0753        12.3014         1.8672        23.8026              1
0.096881       81.355       1.4348      0.89364      0.57795       2.7745         2.28       1.5618            0
4.2984      1524.5493         7.2861        12.6697         2.2972         4.4252        24.4938         29.511              1
0.20573      128.4474        1.5018        1.0184        0.1903        0.5949       0.22287        3.0705             0
37.7705      2701.6664        14.7371          8.834        0.51999         0.3959       183.2508        37.9655              1
6.5054      642.5779        16.055        4.7573       0.32202        0.4925        7.4281        6.5568             0
0.74791      71.3591       1.4344       3.0634      0.38932       1.0911      0.18442      0.71462            1
2.9808      485.8327       11.4486        4.8224        0.6835       0.71514        4.7718         6.816             0
9.5192      585.2973        6.0842        2.9352       0.41244       0.59909       99.5997        7.1801             1
0.13929      131.8375        1.9159        1.7081        0.4156       0.83119      0.066221        1.2719             0
0.10521      69.9553        1.039       1.8844      0.28934       1.6083     0.043212       1.4899            1
0.50455      479.9118        8.2031       13.5416        3.2715        7.9426       0.69986        9.1308             0
1.2336      430.4072        4.2307        4.9343       0.54776        1.7858        3.3845        3.7185             1
0.046625      88.2966       1.6966       1.2744      0.63202       2.7224      0.15283      0.85219            0
3.8429      2275.8104        22.0664        11.2708          2.485         7.6995        14.2854        44.2414              1
11.1468      661.5188        5.9659        1.8729       0.19801       0.13977       13.5602        7.1633             0
6.9861      392.4243         3.362        3.3221       0.29346       0.63536       48.7428        3.6811             1
14.202      1376.5789        34.7999         5.6797         0.5045         0.5045        74.0752          8.837              0
12.6624      1116.0082        47.2987          8.796         1.1921         2.4165        16.7006        28.4608              1
2.5833      199.0154       14.1837        6.2197        0.7569        1.0243        1.0407        4.3481             0
20.564      2089.6418        80.6128        16.2381         0.9884          1.887        10.1408        22.6563              1
0.37365      100.5937        1.5369        1.1588       0.43592        1.3434       0.25355        1.1298             0
1.5714      638.2488        6.0784       15.8694        4.2825        8.7204       0.69073       14.7297             1
2.0765      384.8936        9.2451        5.2382       0.89217        2.6504       0.73564        4.4191             0
1.363      488.2316        8.5939        6.4634        1.4132          9.01       0.95408        6.0258             1
3.5896       139.279       0.95943        2.0201       0.38985        1.2809       28.0436        4.6301             0
49.4666      1468.7458          45.19         9.8152        0.64099        0.54084        58.8211        66.3428              1
0.056803       94.514       1.4428       1.5706      0.72707       4.2886      0.10224       1.0878            0
1.2065      410.4334        4.7547        2.5785        0.3109        1.2493        3.9732        5.4707             1
0.36157      151.4358        3.6805        1.8483        0.4749        2.9087       0.24554        1.6001             0
3.7333      1126.7732        10.7375         7.7564         1.0006         0.9799          9.868        12.1452              1
3.099      647.1017        6.8876        4.6137        0.4571        1.2512       18.7142       10.5405             0
0.17498      174.9937        1.8363        1.0611         0.254       0.82408       0.58702        1.3114             1
0.10699      90.8693      0.86221       1.2083      0.41117       1.2062      0.56851       1.5608            0
7.5979      1038.0466        17.5648        13.5591         1.4214         3.2304         8.1837        14.7479              1
0.65137      327.3539       0.77101        3.9348        1.5819       10.9271       0.54502        6.9391             0
0.8471      401.3949        3.5074        1.5042        0.1545       0.56118        4.0899        7.8281             1
4.3581      376.0276       19.3866        4.1134        3.3949        4.6029        5.3214        4.6187             0
13.7511      569.7065        9.4212        5.5076         1.142        2.3434        4.1634        9.7661             1
0.55514      432.6646       10.8426       16.1338        3.4696        9.1946       0.64188        7.4944             0
2.3434      238.1943        4.4761        1.2407       0.19801       0.32699        2.9847        4.2399             1
1.7645      238.1319        4.0666        8.0632        1.7295        1.7061         0.409        4.0549             0
6.4214      1048.6991         7.4752        13.7484         3.8035         7.9691         10.406        21.6682              1
0.12601      84.1148      0.68821       1.3522      0.61794         3.79      0.17932      0.58886            0
27.9428      1950.1217        19.1329        10.5086        0.77714        0.46078        55.2597        26.0309              1
0.068753      131.3369        2.8486        1.3007       0.38465       0.78973       0.26572        1.9362             0
1.9021      400.6313        1.2409        4.1756       0.57064       0.11775        3.7952         3.297             1
7.1884      971.1158       32.5317       12.8828        1.1185       0.87606        4.9983       13.5164             0
1.9835      3085.0846        35.6605         6.4928        0.77058         1.8979        88.1453        46.9623              1
0.52315      89.7615       1.2671        1.756      0.30875        1.726      0.53173       1.6917            0
8.3166      241.7247       18.9385         5.464       0.52878       0.96942       0.96478        3.0057             1
0.028682      39.1532     0.092796       0.7643      0.48929       3.3137      0.03037      0.79805            0
3.6517      380.4175        3.2085          1.31       0.15954        0.5513        4.6036        4.5699             1
0.48891      156.8005       0.86572        2.5757       0.38397       0.60815        1.3093        1.9652             0
0.25241      106.7512        3.4866        2.2764       0.27836        1.0167       0.28544        3.0124             1
1.7025      814.1192       16.4159       13.6816        1.7231        3.9105       0.55717        8.8116             0
4.0894      1111.4435        26.0912        14.2981         1.3268         2.4259         1.7922        11.6346              1
0.8967      334.2234       10.3994         7.686        2.8764        9.0718       0.74531        7.9422             0
0.15168      35.0969      0.82084      0.99631       0.1725       1.6298     0.041637      0.35243            1
0.12805      113.9711         1.709       0.94245        0.3261       0.78366       0.63683        1.3385             0
0.53817      111.3587         4.615        2.3468       0.34649       0.97558        1.0174         2.568             1
4.7785      640.0531       21.3591        5.8332       0.84258        2.3981        3.7238        8.2313             0
0.85392      234.7114        3.4672        3.9825       0.64412        1.8514       19.8832        7.4608             1
0.05993      26.6864      0.43691        1.707      0.36151      0.64957    0.0096662      0.46204            0
2.6174      198.5831        4.3246        1.5506       0.16881        0.3933        5.5132        3.8251             1
0.55693      136.1602        2.8664        1.6192       0.28169        1.0537       0.29889         1.101             0
5.934      1313.0822        35.7001        10.3406        0.54382         2.3032         7.1176        12.8437              1
0.50754      281.4462        5.9345        2.3665       0.44639        1.7061        1.1985        4.8277             0
0.40499      164.9159        1.0473        1.4297       0.26181        1.2048       28.9529        1.3602             1
0.023023      61.3925      0.47389      0.61011      0.47389       1.4984     0.044127       0.5372            0
86.1795      7308.3359        79.9876        20.6081         1.6671         2.6673        68.3975       104.9301              1
1.1353      294.0318        3.0768        4.1245       0.41366       0.61294       0.95413        4.8854             0
14.1075      2293.2657          39.25        12.8004         0.7512         2.6893        15.6249        47.3854              1
1.9059      246.8611       11.2818        7.6567       0.91961        3.3586       0.33319        3.7917             0
1.784         356.7        4.8286        3.7265       0.30129       0.72416         8.986        8.3067             1
2.2837      364.6521        6.5354        5.6836        1.3071        3.2603       45.0647       20.7223             0
0.5133      79.8269       2.1675       1.8724      0.30133      0.74397       1.3508       1.3695            1
1.7274      1265.1187         8.2515        12.6318         1.7428         5.6758         2.4523        10.8118              0
5.3801      831.5846       22.6851        4.9415       0.15364       0.23464       16.5396        9.8662             1
0.38966      268.2389        2.6527        7.7633        4.2413       16.3809       0.19483         5.815             0
0.43956      118.3137        5.3421        2.5436       0.46007        2.3384       0.33113        2.6901             1
3.2969      1354.5545        21.1174        13.7637         2.4635          5.356         3.1621        11.6679              0
0.73119      149.4975        3.3911        4.2464        0.4332         1.192       0.67877        4.1085             1
0.14897      93.4533       2.3126        1.939      0.52259       1.7995      0.33814        1.738            0
1.597      416.4811       22.9861        7.7428        1.2556        1.9825        1.1234       10.3641             1
0.18228      135.9172        2.1874        1.5969       0.38254        1.6149        0.4647        3.5764             0
1.9675       308.988         3.532        4.2942       0.38313        1.2611        1.3409        1.4966             1
56.6202       1482.699        35.9151        16.4158         1.4133         2.9946         20.458         15.042              0
2.7531      164.6378        6.5544        1.9038       0.24002       0.47594       15.2567        3.2885             1
1.4427      174.7112        2.1081         3.079       0.37908       0.79088       0.36817        2.2363             0
3.8218      796.5619       14.6475        2.7494        0.2607       0.37895        6.7889        9.1244             1
1.719       287.988       14.5432         5.447       0.59806        2.0484          1.06        5.2894             0
3.8037       363.198       32.2426         6.374        1.0135        3.0832        1.1539         2.088             1
0.17715      96.7816      0.70338      0.87184       0.2223      0.80758      0.13894      0.73985            0
37.8368      1959.1432        17.1094         6.8552        0.73312        0.38084       105.8268        59.9733              1
0.44269       159.032        3.5944         2.328       0.32816        1.3479       0.72901        3.2618             0
3.4306      495.8642       15.3328        6.6652        1.0642        4.4178        1.8833        2.9125             1
0.65049      219.8375        1.5034        9.7285        5.2184       11.2318       0.31802        3.3826             0
13.5394      1130.7205        16.4122        10.0457         2.4929         7.5991          3.364        14.3364              1
1.9861        265.95        12.541        4.7258       0.69433        3.4986        1.2702        3.0034             0
23.9722      2761.6566       120.2273        19.4617         1.0189           1.66         79.312        35.8324              1
0.099376      50.2538      0.63082      0.96999      0.31973       2.3612      0.11234      0.64594            0
9.2616       633.024       76.8979       11.3656       0.60742         0.908       13.2129        9.9128             1
9.6332      1682.0708        16.5378          8.871         1.1529         1.4155        11.8045        19.9837              0
0.54576      814.2969         2.261       10.1356        2.2142       15.0319       0.63932       19.6319             1
0.020696      56.5246      0.63029       1.1157      0.35183       2.0169      0.15804       1.1007            0
4.7381      1934.9646        12.7073         5.5391         1.1947         2.4301         6.6999        10.2908              1
2.3481      630.1414        8.6377        9.7698        1.0662        2.6656        2.3122        6.0679             0
5.2984      1039.7338        34.3087         11.171        0.58234         2.0095         6.3565         11.901              1
0.93159      303.8875        4.8793        2.2101       0.45258        2.5074       0.43276        3.0723             0
15.6979      2516.5768        17.8748        13.4085        0.67558         2.7305       186.7988        12.0667              1
9.5294      2500.8104        14.5333         7.5303         1.3859        10.4247         9.1492        32.4639              0
0.20977      143.6413        1.7578        1.8759         0.258       0.59556       0.34239        5.7868             1
2.1633      353.5261        9.3385        3.9529       0.73621        1.4384        2.8825        2.8542             0
1.3753      271.5591         2.952        2.4997       0.35822       0.99621       0.44712        1.8591             1
14.8274      1580.8613        44.7176         6.9873         1.2282        0.90364        54.2186        12.3965              0
0.67436      227.8595          2.68       0.65345       0.34328       0.59769        9.0698        1.7425             1
0.74599      220.1634         5.312        2.9119       0.61265        1.6974       0.80725        3.2542             0
0.23059         290.5         2.347        1.0731       0.32877       0.85845       0.94521        4.2032             1
0.083729      110.4642        1.1958        1.3805       0.54746        2.7588      0.075141       0.80294             0
1.8952      471.1029        7.8589        1.7404         0.205       0.86391       13.9962       10.3649             1
55.2841      3265.9891         15.737        11.6732         2.0864          8.414       372.3153        49.3657              0
0.39838      127.1779        2.3834        1.6511       0.34542        1.4484       0.82439        2.2176             1
0.035748      46.2602      0.15674      0.83044       1.1247       6.3796     0.085244      0.94319            0
27.4806      1570.5338        19.1561         6.2525        0.85178         2.8997        75.8511         6.5726              1
0.13921      74.2792      0.16148       1.0023      0.33967      0.92805     0.087237      0.77399            0
2.1602      297.7204         8.311        5.5248       0.56395       0.55439        4.8461        5.9501             1
4.1002      233.7328        8.7862        4.2061        0.2482       0.81078        2.2669        2.3331             0
0.26596      139.5761         1.447        1.1321       0.38145        2.3604        1.4523        1.2318             1
0.47036      794.3617         7.511       11.0093        2.7487        8.7457        1.0436       12.1705             0
20.9708      3784.8966        48.6657         8.3209         1.5594         1.1851       242.9667         75.687              1
0.78434      141.0992        2.7036       0.98494       0.22229       0.99036       0.34518        1.4386             0
10.0194      1179.8571        0.59666        19.3633         1.2158          3.625       181.0359         9.9181              1
0.763      566.2664        14.692        3.9932         1.203        4.9623       0.94679        3.5811             0
1.0308      123.7117       0.36319         1.459       0.48075        1.1252        5.7858        2.4289             1
15.5883      2024.8958        34.5523        12.0962         1.9885         3.1817        18.0909        26.8891              0
4.5317      1974.3562         9.4378         10.788         1.7512         3.7029         7.3123        24.1827              1
0.56169       144.462        1.0881        2.1791       0.81459        1.9968       0.29114        1.1645             0
12.3547      1447.8191        12.8769         6.1927        0.58364         1.2471        28.5982        11.6482              1
0.12792      45.2845       3.0661       1.2656      0.24808       0.7675      0.15117       1.0718            0
5.2978       458.832        6.9796        2.0825       0.12137       0.68197       25.3754        4.6755             1
0.44085      90.7351      0.99787       2.1923      0.48255       1.1111      0.16383       1.3285            0
7.476      879.7909       12.4901        9.9905        1.3286        1.0208       20.2138        6.5077             1
5.0722      418.3156        8.4736        1.2505       0.17322       0.61892       13.9644        4.4732             0
0.10847      97.3817      0.98455       1.0346      0.17688       1.3767      0.35878       1.8556            1
0.58872      226.4095         3.281        1.7941       0.50262        1.3124        4.4072        3.6952             0
6.1877      443.3909       10.3428        5.5373       0.45787        1.0099         8.875        4.7499             1
0.63434      142.7723        3.1331        2.6652       0.44862       0.82488       0.57163        3.7096             0
11.3138      2087.7977        62.1246         19.054         2.2472         5.3526        41.1355        53.9474              1
0.30566      172.3969        4.8867        2.0907       0.25864         1.301        2.4669         3.666             0
0.9897      271.4793        2.6863        3.5347       0.91017        3.6849       0.77762        4.6437             1
0.10258       111.733        1.5372        1.0457        0.3552       0.98445       0.59404       0.78083             0
5.3164      852.2807       15.4148        5.8742       0.99356        2.5217        8.1228       16.5885             1
0.53886      178.5091         2.664        3.1793       0.75441        1.0407        1.0542        2.4451             0
9.6068      1060.0047        17.8313         6.0987          1.545         5.8547         3.5198        40.0072              1
20.8127       977.926       37.1826        8.5886        1.5111        1.8081       38.4548        9.7703             0
2.8188      1360.5558          4.374        10.6365         2.6244         2.8327         3.4576        14.7883              1
0.46048      199.6711         6.095        2.0965        0.3309        1.3282        5.6438        3.8019             0
0.21312      53.6786       1.9942       1.1322      0.34061       1.0998       1.1759      0.73639            1
2.2302      1804.5115         15.147        10.8608         1.1035        0.89442         6.2725        10.9072              0
10.9728      827.3818       25.4513        7.1466        0.5559       0.97658       13.7573        5.7744             1
19.0468      1617.6968        10.5693          9.801         1.0589         2.0596       111.7626         5.5655              0
6.4815       1192.902        40.5967        12.9226         1.4254          2.044         4.6258          18.53              1
16.5777      741.0838        8.6152       10.9173        2.6107        3.5363      101.1394        21.538             0
5.5137      2452.4207        32.5281         8.0498         1.0708         2.8743        34.3879        35.1488              1
1.4151      288.2612        2.5796        1.7057       0.25058       0.86547        2.7522        1.4951             0
11.2069      701.5361        44.815       13.4183        1.6367        1.6492        3.4358       15.8421             1
0.241      194.6688        5.2143        2.6839       0.52582        3.4397       0.70839        1.0188             0
10.3515       1203.865        31.9977         8.2706        0.68971        0.76045         7.4748        17.0069              1
13.4553      1452.6257        67.4876        14.4923        0.58788         1.0767        37.9284        18.3763              0
0.86222      147.8817        4.6022        2.6426        0.4871        1.3605       0.66626        2.9674             1
1.7195      656.6819        4.8836        5.2526        1.4447        7.3018        2.3083        4.6951             0
6.345      581.6677       11.8317       11.5363        3.0529        8.0754        1.6038       10.3686             1
8.258      1137.7474        25.6675         6.8494        0.82722         1.6544         6.8069         9.4256              0
4.4331      451.7698        3.9304        1.6865       0.16824       0.73986       21.2551        4.7878             1
0.33836      138.4283        2.4092        1.4048       0.29767        1.4991       0.13277        1.4969             0
2.248      1051.1326         1.9613         8.7203         2.5497         6.9551         1.6898         13.337              1
2.1161      360.4988       24.7852        6.0216       0.50264        1.0656        2.9354        5.1873             0
0.093444      79.2883      0.81313      0.83772      0.40001       1.2541      0.24427      0.81969            1
1.1141      534.3313        7.0299        2.7774       0.50606         1.526        2.3538        3.3266             0
7.0114      834.5915       11.3602        7.6483       0.86733        1.2494         1.862       14.5081             1
0.62655      151.0029        3.2291        1.2263       0.35879        2.0617       0.24633        1.5771             0
3.6874      483.2464        3.8024        3.0718       0.32335       0.84257        4.5175        9.9616             1
1.0848       672.978        4.5541        4.2903        0.7916       0.78183        0.3225        5.6096             0
1.6649      543.7914        9.5276        5.6031       0.23327       0.43453        1.1984       10.5659             1
1.0506      375.0856        9.3155        4.4636        1.4963        4.7119        1.7956        4.5909             0
0.26578      157.2399       0.82265        6.1762        1.0694        4.6068       0.25945        1.8605             1
9.7944      619.5119       25.9222        10.523        2.5362        2.2419       53.3016       17.7952             0
7.889      751.1815       11.2315        5.2718        1.3983        6.7748        12.084       16.0397             1
8.7763      437.9805       26.2367        7.0838       0.62721        1.6925        6.9546        5.8386             0
1.1622       145.415        1.4084        1.5294       0.42565       0.90556       15.0252       0.65517             1
0.017187      43.8365      0.64665       1.1558      0.51989       1.0806      0.27713      0.40603            0
2.1632      154.4701       13.7084        4.9513       0.78577       0.72423        1.5242        4.4306             1
1.7368      451.4692         7.797        7.6233       0.84979        2.4253         1.346        6.1843             0
13.6343      546.1264       35.2069         7.287        0.4164        2.6052       11.8033        5.4879             1
0.29012       209.843        4.2287        2.8264       0.72969        4.3737       0.33407        1.4198             0
184.5832      3678.3331        54.0715        15.4304           1.02        0.84209       129.2308        99.5798              1
0.11992      150.7602        1.0285        1.4667       0.46122        1.2291       0.40356         1.718             0
12.1146      1556.6567         24.727        15.1621          2.429        12.1448       205.2993        47.9001              1
2.1377      104.8619       0.23525         3.065        1.1217        4.5549       24.0224        3.1196             0
0.66713      332.0408        9.6323        8.6545        1.3251        5.5838       0.43866        3.0341             1
0.1712      73.2703       1.5354        1.152      0.25323       1.1288      0.14623       1.4837            0
2.186      1027.6716         11.706        15.5393         3.0572         9.0923         3.5641        30.0015              1
0.73536      318.5059        9.8966        2.6005       0.74358         1.672       0.52174        2.6703             0
6.0911      1076.3379        36.5465         7.9459         1.2811         3.9847         7.1521        11.9307              1
0.36544      109.8136        3.7337        4.0155       0.77492        2.8091       0.14089        1.3341             0
3.5503      643.8079          6.89        1.9447       0.19132       0.29304        7.2484       17.5409             1
0.0090814      41.0886      0.48585       1.2827      0.54034       1.8163      0.06811      0.74921            0
1.2929      358.0596        4.3416        3.4025       0.22116         1.065        5.3793        8.5062             1
3.9802      245.6208        6.8462        2.9902       0.44737        1.9742        4.6757       10.1885             0
1.0018      352.0507        3.8043        8.8514        3.0434         6.759       0.71014         7.317             1
0.31889       139.128        1.1643         1.481       0.17336         1.618       0.16908        1.5196             0
1.184      244.0403        3.9241        13.041        4.5838        7.0025        0.1184        6.7827             1
0.12342      128.7517       0.53855        1.3015       0.55538        2.1009       0.19073         2.401             0
0.24503       126.102        1.5983        1.5444       0.34619        1.1397       0.29449         2.493             1
7.1418      237.3466        6.5078        2.4301        0.3599        1.1457       73.2108        1.8259             0
5.8624      1535.5813        19.7434         6.3305        0.82872         4.8495        238.256        14.1035              1
9.5335      980.8545       27.7638        9.7504         1.415        1.0019        5.2883       17.1148             0
0.13864       87.233       2.1611       1.5075       0.3235        1.809      0.18046       1.1246            1
0.44785      424.2401       10.8884        9.9367        3.5688       11.3782       0.62979        6.5918             0
0.41098      214.1369        2.5282        1.4281       0.40683       0.82197        1.1043        3.1882             1
0.086219      88.5154      0.55912       1.6564      0.77336      0.98237      0.17505       1.1731            0
0.51267      384.8782        3.3435        6.6869        2.0284        6.5532       0.23404       10.0193             1
6.7458      1007.9643        24.6807         7.8689        0.95466         1.9234         8.4024         8.1497              0
8.6746       1505.465        33.9674        10.6585        0.79517        0.96384        18.6584         23.333              1
0.028024      33.4765      0.14946       1.0042      0.67023       2.9588     0.023353      0.39233            0
0.32655       256.901        2.9161        3.0761       0.31349       0.79025        1.9038        5.9269             1
0.061185      89.6271       1.6548       1.6631      0.37823      0.90386       0.2503      0.96783            0
21.5988      3228.4128        39.9075        24.4116         2.4718         3.9379        17.2518        39.2767              1
8.1417      332.0971        2.9146        1.5056       0.20267       0.75665       57.8971        12.089             0
5.5371      714.6408         8.591        2.9064        0.2418       0.29257         9.239       12.9893             1
0.092662      56.7761      0.85067       0.9889      0.19292       1.3018     0.042533       1.1985            0
41.0934      1568.9285         78.497        15.4583        0.47847         3.0825        26.4724        17.4182              1
0.10431      72.6177      0.31988       1.4789      0.49837       3.8131     0.060267      0.86461            0
1.2993      255.6298       14.8425        4.5061        1.1161        4.3895       0.83291        3.0485             1
1.0093      310.1135        4.4341        4.4843       0.89384        1.5115       0.41679        4.2131             0
1.1439      452.2803        15.568           8.9        1.9065         7.226        2.0646        4.2221             1
0.31358      201.2192        4.1258        2.8715       0.86458        3.3419       0.10751        2.2354             0
0.39506       274.704        2.0543         1.349       0.18886       0.64751        1.2526        4.8024             1
1.4336      192.1578        3.1591         4.172        1.1889        3.6484             0        2.2019             0
0.85204      288.5756         2.105        9.4059        3.6588       11.5945       0.13365        7.0001             1
0.79224      428.9151        2.4233       11.2623        2.4699        5.6545       0.57477        8.4972             0
2.1003      1751.2569        27.4463        11.8123         2.5425         5.1482         8.4802        25.9934              1
0.051756      131.5079       0.87123       0.75046       0.41189        2.0401       0.18762        1.3025             0
0.29292      278.2605        3.4285        1.3559        0.4771        1.4779        1.3314        2.4299             1
1.7931      595.9895        8.6051        3.9036       0.65203       0.77214       0.55766        12.706             0
14.229      1269.3457         9.5551         7.3074        0.92609        0.99362       101.3441        10.5391              1
1.6494      258.8659        8.9507        4.9555        1.7813        4.6549       0.50581        5.3513             0
6.7436      541.0284        7.9179        2.8984       0.42423       0.47175       21.5511        6.0683             1
28.4598      1841.4233         7.5067         9.9603         1.7977         2.6358         31.205        70.7548              0
15.5014      2472.0926        28.7729         7.9296        0.84871         3.4364       113.1946        22.8985              1
1.3578      977.1711       11.1258        7.8535        2.4615        6.4371        2.4518        11.116             0
53.8303      5396.0941        89.3567        12.8436         1.0349        0.21625       266.4405        96.6164              1
0.41894       119.332        3.1255         1.888       0.31421        1.6895       0.09371       0.74417             0
7.0313      611.9697        8.5316        4.7981       0.21778        0.7052       17.3051       10.6057             1
16.9051      1748.9984        48.9088          9.295        0.81437         3.3417        21.9879         9.2389              0
0.30839      143.9113        3.6736        2.0083       0.38488        1.2533       0.90791        3.0913             1
0.063378      142.2413        1.1449        1.0325       0.37414        1.2696       0.34347         1.609             0
0.18535      145.4021        1.6328        1.1633       0.16063        0.7661        1.1915        2.1641             1
0.4484      190.9119        4.4729        2.5022       0.50375        1.3397       0.87742        4.1795             0
3.8486      1040.9599        38.8112        16.7856         1.8799         2.7236        45.2797        41.3424              1
0.22956      130.0162         1.285        2.0329       0.43781        1.7181       0.22246        1.2259             0
3.3602      560.1755        3.9767        2.1414       0.21014       0.42829       10.1468        6.8506             1
0.63216      608.5367         4.109        4.4184        1.2509        8.8838       0.36988        4.2301             0
2.0814      478.2227        6.0544        7.5784        0.5752        2.2593         1.097        5.8587             1
3.1576      475.3536       11.8403        2.1797       0.29337        1.5209       26.3519        7.6946             0
1.4484      245.0786         4.171        2.7372       0.32799       0.85917         3.039        4.8735             1
2.0793      747.8992       10.7278        5.8239       0.49683       0.54283        1.0397       10.6174             0
10.8429      2301.5607        27.9991          7.786        0.62781         3.3209        20.3597        38.4547              1
0.12738      165.9162       0.62747        1.2832       0.50952         1.472       0.62747        1.6276             0
9.1919      1969.5919         9.4649        16.3209         2.2752         5.3695       167.9259         33.476              1
4.6019      193.6493       10.3373        2.9554       0.15566       0.25432        7.6187        2.7318             0
0.89017      176.3895        2.2912        1.9733       0.37492        2.9205        7.2858        4.4399             1
0.17403      99.1945       2.0418       1.2971      0.30556       1.3052      0.21247      0.47149            0
2.5399      358.8855         7.252         2.425       0.29882       0.85335         4.692        5.5942             1
0.49021       529.118        1.1394         5.909        5.0478       32.7511       0.86117       12.4671             0
7.7891      825.1429       10.8554        4.2098       0.25505       0.64766        46.743        9.8123             1
1.5709      1443.4292         8.4655        11.8401         1.9637         4.9746         4.3346        19.6947              0
5.7406      2379.8621        93.6846        13.5395         2.2403         4.9146        43.5029        76.1826              1
12.9102      645.1476        18.717        8.0785       0.41556        1.0528       11.2036        7.5189             0
12.6207      994.6763       17.4695        7.1387       0.45903        1.4035       15.3432       10.9323             1
0.078859      145.4943        1.2337       0.80611       0.21905        1.1391       0.16648        1.1654             0
2.2291      581.3984       21.6359       15.7843        3.0815        8.5068        6.2941       18.2102             1
0.12929       95.531      0.35554       1.4488      0.37265       1.3518      0.19963      0.71678            0
1.2336      139.0877        2.4912        1.1134        0.1683       0.91733        1.5813        1.3723             1
0.44801      161.9526        2.6613        2.6139        0.4124        1.3025       0.22845        2.0739             0
1.6973      295.6054        0.2587        1.4092       0.15985        1.2661       53.8933         3.361             1
0.51485      889.2411        7.7228       10.5466        2.8239        7.0363        1.7786       12.9805             0
0.4368       102.437        1.3587        1.8208       0.38393       0.94027       0.52646        1.7242             1
0.088027      130.7382        1.9296       0.94717       0.30457        1.0563       0.24824        1.1426             0
21.4138      4235.2838        55.5508        13.1554         0.5292         2.7503       203.6813        38.3631              1
4.2021      465.3264        9.0262        8.1692        2.2946        7.1187       34.8746         5.999             0
3.4141      839.8969       12.4003        4.7706       0.49251        1.0309        7.9928        7.1163             1
1.8793      353.4953         3.095        5.8669        0.5403        1.3214       0.69886        4.8216             0
0.62397       792.889        4.7095        8.7653        4.3975       10.5927       13.6531       12.4794             1
0.63244      698.0379        8.6283        4.0431        2.6088         6.844       0.74538       10.0062             0
1.5433      470.1892        1.9795        3.9254       0.38583       0.37745       0.59553        3.7493             1
6.5591      460.5941        9.7991        3.4942       0.32536       0.74094         3.907        6.8763             0
11.2302      1549.1973        55.3784         9.1741        0.26614        0.82452       132.9823        24.4433              1
13.6563      472.2827        1.0715        1.3509       0.20021       0.82505      110.9554        4.0725             0
2.1786      514.2486       15.6657       10.4608       0.96639        2.5177       0.94096       12.7666             1
0.31316      127.2328        2.0295        1.1706       0.34205        1.2147       0.32077        3.0024             0
0.30623      181.8686       0.79721        1.9133        0.4024       0.99209       13.6741        4.1329             1
1.5236      267.4645        1.9585         2.596       0.25663       0.53216        2.2367        3.0606             0
5.3954      455.0095       20.6293          7.86       0.28762       0.22811       44.1496        5.9557             1
0.69529       263.639        4.1577        2.8091       0.51796        2.2585        1.5539        1.9272             0
17.2657      1374.4295        48.3615        13.8301        0.71346         2.4038        81.8392        14.6424              1
0.23761      223.5009       0.51654        1.2345        0.6121        0.9711        0.5088        1.3766             0
2.6506      412.8273        8.4565       27.6695        1.2061         4.656       10.9107        8.7791             1
0.31993      136.4949        2.7101        2.2897       0.37809         1.055       0.16922        3.3235             0
14.8577      708.4333       22.3653        9.1916       0.73187        2.2271       22.4361        8.1686             1
1.1858      362.6806        10.705        3.7741        1.1588        3.1297       0.39528        3.0702             0
4.8598      1384.8018        13.5526         6.0804        0.64858        0.41887        22.2768        11.4447              1
0.91005       611.581        4.8991       12.2401        3.3065        6.3096       0.56119        14.136             0
35.0857      2912.2256        85.0543        34.8928         2.2501         3.1662        59.0333        12.3917              1
0.096435      119.1045       0.37324        1.2822       0.35181       0.94649       0.13751       0.93399             0
0.5731      237.1314         4.058        3.4639        1.0366        3.7799       0.49303       0.99871             1
1.6211       396.859        7.3416        5.1884       0.95096        1.4585        0.5075        2.9021             0
2.6569      1703.8664         21.203        16.0803         3.1779         4.9665         4.1503        16.7054              1
4.0655      1358.2491        22.4713        16.3572         4.2084         7.7022         3.4938        28.0137              0
2.1309       870.723        8.5713       16.4428        2.0991        9.1437        1.0654        9.0006             1
0.045955      72.1332      0.65547        0.982       0.5563       3.0258     0.036281      0.31685            0
1.3687      582.9715        2.7201        9.1479        3.8636       18.3305       0.27721        7.9351             1
3.1474      497.0333        5.2872        4.2533       0.37952        2.9642       87.1205        8.6571             0
10.5168      967.5813       18.5119        8.3869       0.67868         1.258       10.0147       10.8092             1
7.0385      190.7204        1.8799        3.8748       0.21248       0.80861       51.5299        4.8753             0
1.6737      1520.6637        21.4238        11.7618         2.7693        15.6418        35.1789        49.4969              1
0.021656      73.6555      0.89331      0.59554       0.3465       2.6402     0.068577      0.64426            0
0.34366       200.741        6.3151         2.664       0.21447        1.2894          1.23        2.7829             1
1.0183      136.0692        7.1611        4.9543       0.46655       0.61466       0.98494        2.7512             0
5.968      867.9315        5.8368        8.0249       0.44856        1.1597       15.8309       13.7084             1
0.7305      502.0244        1.5076       11.5947        3.2639        5.9528       0.55953        7.7091             0
2.9374      215.1811        4.6506        1.2283       0.19592       0.37238         6.921        6.3555             1
0.73188      491.7015        5.7594        4.5095         1.126        4.8586       0.54047        2.7812             0
0.3912      478.0549       0.75445        8.6063        1.6486        3.7722       0.78239       12.4484             1
5.9497      1002.1208         1.3538         5.9613        0.44739         3.0446        31.6716        28.6793              0
1.3784      859.5576         4.565       12.3167        2.8457        9.2783         1.082       14.0952             1
0.049149      34.2013      0.32841      0.93607      0.54735          4.2     0.040213       0.3016            0
4.2098      1613.6546         17.452         3.5578        0.21497        0.35828        14.8759        29.1034              1
0.595       285.619        3.5441         4.553       0.52774        2.8198       0.81747        4.3461             0
0.07263       93.825      0.83415       1.2655      0.40717        1.358      0.22669       1.1995            1
1.5835      332.9721        2.1028        9.4121        2.4449        5.1938       0.44337        7.4486             0
0.42625      207.1229        2.4501        1.8852       0.80398        3.3927       0.31536        1.9753             1
0.13005      98.4073       1.4747       1.8599      0.38524       2.4488      0.34598      0.57418            0
0.43268      64.0872       1.8781       1.8138      0.18138      0.37222       2.0557      0.54604            1
0.87437      678.1546       11.3258        9.3585        3.1559        4.6451       0.60113         9.659             0
1.6462         679.7        3.3065       10.6652        1.1115        7.2602       0.54874        9.9757             1
0.25333      96.0144       2.8424       2.0824      0.41834        1.104      0.20452       3.1445            0
12.204      1256.5038         4.9889         4.3546        0.68107         1.7665        265.874        32.0488              1
8.0531      985.2547       32.7765        5.2245        0.4476       0.51907       11.4496        9.4523             0
0.046901      58.0689      0.27638       1.0034      0.35176      0.75377     0.061977      0.32998            1
0.15212       107.078        2.9409        2.2193       0.72938        4.4777       0.22232         1.096             0
0.42635      141.6926        2.6916          1.55       0.25103       0.85868        2.2493        2.5103             1
0.15593      177.2155        1.0164        1.9549       0.50244        2.5382        3.7395        3.7135             0
21.9738      2415.9895        55.8296        19.1904         1.9532         3.3042        28.1915        68.0698              1
0.72882       300.054          1.22       11.5661        3.5015        7.2724       0.45948        8.5716             0
2.2218      128.9005        3.2114        2.6704       0.19749      0.045079        5.4653        3.9283             1
0.6236       597.356        9.8791       10.1581        4.0534        8.6975        1.0831       10.2893             0
5.1865      603.0085       17.3169        2.4359       0.33925       0.94134        19.765       11.3816             1
1.4719      526.2084       13.5749        4.7972        1.3643        3.5649        5.5503        2.1957             0
2.6359      212.9732        8.2819        4.5491       0.81203        1.1904       10.2716        5.9521             1
2.0839      621.6092       17.0084         7.621       0.76409        1.5579       0.70455        9.0103             0
2.43      351.1363        8.2299        4.5136       0.88279        3.3745        1.0299        1.4191             1
0.38391      250.1154        1.5921        1.4227       0.53917        2.1341       0.35286        1.6203             0
1.703      415.9811        2.0255        1.7318       0.33983        1.2384      109.9994        7.3822             1
0.071729      84.9251      0.51695       1.1996      0.56394       2.0332     0.061836      0.91022            0
7.7779      1778.5168         19.837        11.0504         1.1207         2.2191        11.6893        28.6684              1
0.22643      114.8479        2.2098       0.97283       0.31868        2.3755       0.16144        1.5347             0
0.10867      96.8962       1.7954        1.819      0.40397       1.8899      0.06851      0.78195            1
1.8306      577.6057       11.4826        3.1277       0.38174         2.221        9.1792        3.4096             0
0.55061      116.0781        2.6658        1.2393       0.34116        1.4392         3.867        1.8676             1
2.1793       351.787       12.4741        5.9361       0.89634        1.5027        12.206       11.4986             0
5.2499      941.5332        9.9429        5.1958        1.2706        3.1142       13.4031       10.2619             1
0.068738      91.8943      0.55579       1.0134      0.36333       1.8697      0.12766      0.95447            0
10.5995      1066.2396         8.3684          4.937        0.35264        0.72901        92.0254        17.0522              1
0.14461      143.9055       0.59956       0.88065       0.29084       0.79291       0.31359        1.4737             0
0.47715      116.7114        3.2933        3.0237       0.35786       0.83241       0.49011        1.8982             1
0.66213      372.1559        5.4626         5.679        2.5849        3.7436        0.6876        6.1247             0
1.9533      353.6581        3.9577         3.318       0.39816       0.79631        3.6889        3.7399             1
0.033248      59.0337       1.0835       1.0992      0.37356       2.0438     0.035204      0.54175            0
12.7702      1934.8005        40.6154         14.066        0.75177          1.553        72.6844        21.8013              1
1.0528      152.2592        0.7615        1.7962       0.42596       0.54249       54.4058        2.0072             0
0.86661      1158.9912        47.1752        14.2597         2.7259         8.9025        0.58299         34.822              1
3.1115      292.8103         1.452        5.3933       0.97432       20.4481       34.3651        6.7259             0
5.2657      2116.3459        24.1842        10.3538         2.2839         2.8041        17.8019        41.9354              1
0.93539      744.7816       13.9502        15.563        3.3223        7.8379       0.98377        14.676             0
0.9893      458.1979        5.3442        5.5828        0.7457        2.9579       0.58662        4.7476             1
1.5644      536.0165        3.3742        14.923        3.8956        7.7912        1.1196        7.7146             0
2.0939      384.7129       15.4827         6.781        0.3624       0.97447         2.718       10.6346             1
2.7877      653.0854       17.7011        5.9944        1.6162        8.1836       0.86368        3.9336             0
0.35886      164.9678        2.6946         1.376       0.22721       0.38647       0.43743        5.3957             1
0.18433      89.7983        2.336       1.3456      0.32845       1.1529      0.42229       1.0624            0
9.3608      510.1385       74.6374        9.1119        1.0901        1.5759          1.41       22.3474             1
0.063222      58.7231       1.0137       0.8514      0.48892       2.2992     0.088511      0.16016            0
1.4302      277.6014        4.9416        2.7023       0.59465       0.77154        1.0312        4.0158             1
0.066762      84.2841       1.0081       2.6505      0.68765       1.2585      0.32046      0.96138            0
22.1543      1547.1974         28.756        10.8244          1.078         2.2154        34.1682        50.1818              1
0.26576      220.1678        2.3379        1.4098        0.3322        0.2097        1.1793        1.7192             0
30.4713      7449.6382        57.8802        14.4267        0.83787         1.5987       114.7395       107.6802              1
