0.21001       69.815       0.9048       1.0128      0.42394        2.369      0.14916       1.1285            0
0.40777      77.2583        2.145      0.55204     0.069154      0.20508       1.8707       3.9644            1
3.6585      240.1693        9.8286        3.2462       0.31359       0.86527        4.0766        2.9529             0
0.17632      69.5485       3.0529       2.3148      0.26196       1.1511      0.11083       1.4005            1
1.8905      410.0366        6.4655        6.6688       0.74675        2.3773         3.592        7.8503             0
1.1439      452.2803        15.568           8.9        1.9065         7.226        2.0646        4.2221             1
0.89797      291.3118       0.82187        1.4067       0.53922        1.3589       47.6902         6.588             0
2.3061      988.0838       16.9009        4.5448       0.96647        2.4651        5.1382        8.5759             1
0.24416      130.5491       0.73247        1.3549        0.3142        1.1647        7.1185        1.4909             0
2.1632      154.4701       13.7084        4.9513       0.78577       0.72423        1.5242        4.4306             1
2.4339      210.2847        6.1325        4.4308       0.38201       0.58749        1.1779        2.8651             0
21.3204      1047.8648        38.5391        22.5179         1.8857         7.2811         3.2345        13.5713              1
0.049149      34.2013      0.32841      0.93607      0.54735          4.2     0.040213       0.3016            0
11.2302      1549.1973        55.3784         9.1741        0.26614        0.82452       132.9823        24.4433              1
2.2478      552.2617        8.5206       10.9413        1.3929        2.4111       0.77809        4.6301             0
1.1256      177.4126         2.733        1.4557       0.20708       0.32394        1.5008        2.1815             1
33.4107      1964.5224        54.9924        13.6656         1.0495        0.34483        19.2353        28.0434              0
0.81593      738.4749        6.3119        9.4216        2.7865        7.1432       0.46185       10.0374             1
1.8186      1292.3019         4.9821        15.1451         2.7203         3.1635        0.80998         6.4951              0
0.28445      136.8063        3.5434        4.2382       0.63797        0.6908       0.30476        4.0473             1
8.7763      437.9805       26.2367        7.0838       0.62721        1.6925        6.9546        5.8386             0
2.0964      137.8677        3.4365       0.91042       0.10332       0.23958        3.9307        2.0395             1
3.648      1805.6806        18.3178         6.3804         2.0937          5.259         6.6217         6.8488              0
0.13628      102.6704       0.91658        2.3249       0.44092         2.087       0.17904       0.98873             1
0.75469      135.2466        1.2756       0.93526       0.21298        2.0835       0.17131        1.1413             0
2.36       631.206       10.7443         4.852        1.7467        7.2043       13.0888          3.54             1
7.7385      2332.3201        26.1599        14.0126         2.5744         6.3357        25.9441        43.4869              0
0.57631      384.5022        8.3413       11.4503        2.6692       11.2228       0.19716       12.6181             1
1.7274      1265.1187         8.2515        12.6318         1.7428         5.6758         2.4523        10.8118              0
3.3675      365.4711       10.3078        4.2162       0.38329       0.41067        3.8158        3.9424             1
1.2713       630.951        8.7835        5.1237        2.2248        16.681       0.49118        1.2135             0
55.2371      1495.7003        90.9315        23.7357         1.2261        0.92339         7.0087          9.022              1
0.080537       193.277         2.189       0.61692       0.32215       0.51383       0.22712       0.83598             0
1.4484      245.0786         4.171        2.7372       0.32799       0.85917         3.039        4.8735             1
0.31358      201.2192        4.1258        2.8715       0.86458        3.3419       0.10751        2.2354             0
1.4221       288.962        1.8738       12.0289        4.9521       21.4145       0.13384       10.0046             1
0.63711      345.2364        6.6086        4.5947       0.63171        4.2816       0.51293        4.2978             0
0.07263       93.825      0.83415       1.2655      0.40717        1.358      0.22669       1.1995            1
0.642      249.9187        1.7184        3.4214       0.59202        1.9222         1.234        3.0332             0
1.129      372.9678        4.6067        2.5326       0.44992        1.2649       11.0358        5.5717             1
0.041234      98.0208      0.21702      0.68796       0.9918       3.8218      0.11285       1.1285            0
0.66505      263.4144        5.4078        4.8492       0.46364       0.61565       0.70686        3.4925             1
6.376      785.1521        3.8382         2.312       0.21434       0.59159      133.9357        7.7506             0
3.4141      839.8969       12.4003        4.7706       0.49251        1.0309        7.9928        7.1163             1
0.44801      161.9526        2.6613        2.6139        0.4124        1.3025       0.22845        2.0739             0
3.6874      483.2464        3.8024        3.0718       0.32335       0.84257        4.5175        9.9616             1
1.3578      977.1711       11.1258        7.8535        2.4615        6.4371        2.4518        11.116             0
0.5133      79.8269       2.1675       1.8724      0.30133      0.74397       1.3508       1.3695            1
2.111      341.1027        4.0733        3.3631       0.34248        1.0808       57.5232        6.4988             0
0.28256      56.7535      0.68071       2.4146      0.47521       1.6311      0.11559       2.3735            1
0.73073      358.9654          4.01        2.9769       0.54355        2.1958        1.3571        6.5838             0
6.4214      1048.6991         7.4752        13.7484         3.8035         7.9691         10.406        21.6682              1
0.22421      138.0383        2.5827        1.2686       0.52789        2.6168       0.11069          1.07             0
2.9374      215.1811        4.6506        1.2283       0.19592       0.37238         6.921        6.3555             1
5.0722      418.3156        8.4736        1.2505       0.17322       0.61892       13.9644        4.4732             0
11.4247      1311.0242        20.0565         7.3449        0.74613         1.5402        22.2401        14.5872              1
3.0297        466.09         7.422        1.9713       0.28616       0.88119       18.1984        7.9398             0
2.5211      898.1403        6.1675       11.2794        1.5004        2.6607        2.2507        7.4149             1
7.7639      333.6753       17.4703        6.0997        2.0501        2.0944        9.7507        3.1195             0
2.43      351.1363        8.2299        4.5136       0.88279        3.3745        1.0299        1.4191             1
2.9808      485.8327       11.4486        4.8224        0.6835       0.71514        4.7718         6.816             0
10.3618      544.7998       17.1893        5.1037       0.99478       11.6099       29.8434       10.7943             1
0.18134      110.4584       0.92226        1.5026       0.67874        2.2331      0.046631       0.81345             0
10.9728      827.3818       25.4513        7.1466        0.5559       0.97658       13.7573        5.7744             1
0.021656      73.6555      0.89331      0.59554       0.3465       2.6402     0.068577      0.64426            0
1.9675       308.988         3.532        4.2942       0.38313        1.2611        1.3409        1.4966             1
0.12031      69.4621       1.7209       1.4228       0.3278       1.2519      0.44811       2.1743            0
0.74791      71.3591       1.4344       3.0634      0.38932       1.0911      0.18442      0.71462            1
0.098131      90.5226       1.6611       1.1345      0.55767      0.99567      0.20344       0.8018            0
5.2499      941.5332        9.9429        5.1958        1.2706        3.1142       13.4031       10.2619             1
1.6783      371.3006       15.0917        7.9704       0.90938        2.9287        1.1233        3.8515             0
0.14693      136.0802       0.81344        1.7568       0.18313       0.85177       0.33432        4.9466             1
11.1468      661.5188        5.9659        1.8729       0.19801       0.13977       13.5602        7.1633             0
2.1786      514.2486       15.6657       10.4608       0.96639        2.5177       0.94096       12.7666             1
0.7305      502.0244        1.5076       11.5947        3.2639        5.9528       0.55953        7.7091             0
7.9269      798.7666       38.9374        5.1416       0.28002       0.98304       82.2032       16.0951             1
0.26713      172.2039        5.4139          6.34       0.64112        1.2422        0.5031        2.8049             0
5.3954      455.0095       20.6293          7.86       0.28762       0.22811       44.1496        5.9557             1
6.6945      326.8563       19.1392        3.5314       0.49118        1.8589        2.2146        2.7565             0
0.86661      1158.9912        47.1752        14.2597         2.7259         8.9025        0.58299         34.822              1
0.11409      122.5424         1.236        1.0496       0.35177        1.0496       0.41452        2.2532             0
0.30839      143.9113        3.6736        2.0083       0.38488        1.2533       0.90791        3.0913             1
0.55693      136.1602        2.8664        1.6192       0.28169        1.0537       0.29889         1.101             0
2.6174      198.5831        4.3246        1.5506       0.16881        0.3933        5.5132        3.8251             1
1.62      263.3177       0.90642        4.5192        1.6136        3.6707       0.67499        7.4956             0
0.31202      128.1192         3.972        4.6846        1.0499        3.3015       0.24878        1.9818             1
1.6211       396.859        7.3416        5.1884       0.95096        1.4585        0.5075        2.9021             0
0.34366       200.741        6.3151         2.664       0.21447        1.2894          1.23        2.7829             1
0.2827       257.152        2.6251        8.2657         2.827       15.0775       0.32309        6.1252             0
0.10369      134.9799       0.64751        1.0855       0.28143        1.9341        1.0136        1.2844             1
0.096435      119.1045       0.37324        1.2822       0.35181       0.94649       0.13751       0.93399             0
0.73119      149.4975        3.3911        4.2464        0.4332         1.192       0.67877        4.1085             1
0.31022       181.918        5.3208        5.0499       0.73824        1.7317       0.31415        1.4529             0
6.484      1186.7343        32.3009        12.3271          1.036         1.8558          5.776        16.8957              1
0.46943      216.7166        2.2695        2.4395       0.65055        2.4322       0.16633        3.4043             0
5.6985      525.1234        22.814        4.4084        0.4746       0.51804        7.1189        8.0013             1
9.1354      346.7263       31.1087        3.6084        1.4878        6.6647       25.3394        4.7326             0
0.17304      94.3341        1.344        2.287       0.6316       1.5805      0.78734        2.737            1
1.1883      251.9994        1.2588        1.6474       0.34393         1.331        7.1108          4.11             0
3.5503      643.8079          6.89        1.9447       0.19132       0.29304        7.2484       17.5409             1
1.0093      310.1135        4.4341        4.4843       0.89384        1.5115       0.41679        4.2131             0
1.6462         679.7        3.3065       10.6652        1.1115        7.2602       0.54874        9.9757             1
0.81427      220.0062        8.0155         8.007        1.7049        3.4182       0.38169         2.587             0
4.0924      492.0539       15.0386        4.1137        0.8078        1.4911       19.2235       18.9673             1
1.6231      193.6357       0.47309        1.9627       0.51919        1.0772       30.1421        2.5353             0
13.5247      1430.3553        41.5284        16.1963          2.278         3.8881         7.8715        10.0899              1
7.1399      1130.1694        21.2648          5.482        0.81788         2.0281         12.445         9.2453              0
3.7524      189.1291         8.022        3.6746       0.46273        3.1847       0.45107        1.7498             1
1.7087      1050.1809         6.0882         9.4482         2.5415         7.2082         1.0913        23.3476              0
1.3753      271.5591         2.952        2.4997       0.35822       0.99621       0.44712        1.8591             1
0.071729      84.9251      0.51695       1.1996      0.56394       2.0332     0.061836      0.91022            0
1.6649      543.7914        9.5276        5.6031       0.23327       0.43453        1.1984       10.5659             1
0.44881      161.4301        1.8933       0.73881       0.10771       0.33971       0.47367        3.3115             0
1.9909      516.0499       12.7553       10.5205        1.4346        3.5621       0.87833        6.3533             1
27.2218      2645.7471        63.8523        15.7457         2.0962         2.0189         36.418        52.6661              0
1.5433      470.1892        1.9795        3.9254       0.38583       0.37745       0.59553        3.7493             1
0.12204      112.5687        1.2528        1.0831       0.38899        2.0384       0.32607        1.9793             0
0.54805      108.0811        2.8763       0.98781       0.15055       0.52428       0.62069        3.0995             1
1.1603      472.2927        5.5707        6.0393        1.4206        4.5667       0.45369        4.8567             0
3.2985      687.1423       12.0029       14.0339        3.2069        6.5665        1.3286       25.8688             1
1.2815       434.662        1.5497       12.6658        2.4885        3.4719        1.3411       10.5499             0
3.7013      218.5419       0.50332        2.9502       0.30715       0.85435       45.4692        3.3193             1
0.14363      103.1894       0.97001        1.0283       0.53704        2.0087       0.41007        1.1657             0
2.1618      227.9967         7.282        1.7383        0.2069        0.9204        3.3162        4.5827             1
7.6262      410.7255       13.3038        2.6171       0.37291       0.70551        6.3966        4.3809             0
1.726        1606.76        13.4311        12.2073         3.0753        12.3014         1.8672        23.8026              1
0.31889       139.128        1.1643         1.481       0.17336         1.618       0.16908        1.5196             0
11.916       2133.371         58.954        14.4955         1.0374         1.2337        13.8132        24.9536              1
9.9004      1322.8456        56.3444        14.3833         1.5427         1.8331        21.4797        20.1548              0
12.1669      614.9986         5.637         3.235       0.47442        1.1394      231.9931         6.937             1
1.0221      691.5563        2.2266        7.5803        1.8738        7.7141       0.70571        5.5483             0
13.644      1083.0321        34.0268         6.8745        0.53688         1.4502        58.7231        22.2402              1
0.27315      136.1352        1.3318        1.3364       0.31173        1.3627       0.54784        1.6065             0
0.23059         290.5         2.347        1.0731       0.32877       0.85845       0.94521        4.2032             1
2.2837      364.6521        6.5354        5.6836        1.3071        3.2603       45.0647       20.7223             0
1.3784      859.5576         4.565       12.3167        2.8457        9.2783         1.082       14.0952             1
1.6453      124.4711        3.6012        2.6436        0.6914        1.8598        2.2295        2.7582             0
1.9835      3085.0846        35.6605         6.4928        0.77058         1.8979        88.1453        46.9623              1
0.78434      141.0992        2.7036       0.98494       0.22229       0.99036       0.34518        1.4386             0
2.2012      1108.5035        27.3806         9.1169         2.2458         5.1757         4.4915        25.5958              1
0.49366      146.6885        6.3928        2.8776       0.38451        1.1808        0.6425        1.6323             0
0.3912      478.0549       0.75445        8.6063        1.6486        3.7722       0.78239       12.4484             1
6.5054      642.5779        16.055        4.7573       0.32202        0.4925        7.4281        6.5568             0
2.4314      319.4514       14.5097        5.4439       0.38952       0.32041        1.2879        7.3726             1
0.43644      165.4155        1.9783        2.6531       0.58287        2.0702        0.1005        2.0157             0
2.2291      581.3984       21.6359       15.7843        3.0815        8.5068        6.2941       18.2102             1
1.0733      136.3067       0.55639        2.7728        0.4439        1.5962        2.9765        3.7579             0
11.0905      4663.4925        76.4338         8.2758        0.86347          2.097        54.9144       135.3179              1
1.3028      785.7571        7.1254       13.6879        3.5868        6.0799        2.9274        9.3129             0
0.37676      163.6408        4.7795        2.4005       0.42789       0.87732       0.25835        4.4081             1
0.052476      91.9158       1.7292       1.7817      0.35984       1.7342      0.12994       1.1495            0
10.0194      1179.8571        0.59666        19.3633         1.2158          3.625       181.0359         9.9181              1
6.8064       1343.138        25.9978        15.9126         2.6417         5.5321        12.3696        29.2922              0
41.0811      1230.4128        27.1774         8.1045        0.47253         1.3531        65.3875        10.0233              1
0.72294      277.8604        6.1883        7.9451        1.9302        4.1207       0.49883        5.4365             0
0.42257      149.1234        3.6037        2.2566       0.31747        1.0339       0.81512        3.0653             1
0.25307      92.3583       1.8666      0.72016      0.35668       1.5847       1.1499       1.0989            0
1.2065      410.4334        4.7547        2.5785        0.3109        1.2493        3.9732        5.4707             1
8.3991      3027.2874        42.1705        15.5097         2.1793         4.0564        92.2151         61.657              0
4.5276      278.7346       21.6407        5.9118       0.42918        1.1947        8.2704        5.8113             1
1.8358      234.2706        5.8997         5.227        1.5135        5.3461       0.55353        2.6906             0
15.8595      668.5602       12.7515        6.4206       0.28935        1.0726       92.6728        7.4533             1
0.72629      203.1427        1.1992        7.1447        4.7125       17.6337       0.16891        5.9624             0
1.184      244.0403        3.9241        13.041        4.5838        7.0025        0.1184        6.7827             1
2.0534      723.8748       10.4167         12.53        3.9418       10.5066        1.1241       12.8747             0
8.606      816.8419       29.4321        10.339        2.2219        5.9694        6.8729       15.1678             1
0.19274      138.7334        2.3305        1.8774       0.41553        1.6571       0.76847        2.1652             0
1.5061      1263.4338        24.3005         8.4861         1.1689         1.1015         4.5296        25.5931              1
0.15755      83.8345      0.28009       1.3279      0.43514       2.3708     0.090029       1.2054            0
0.14481      134.2419        1.7941        1.0005       0.37988        2.1909       0.27457        1.1603             1
14.8264      1718.2617        10.9261          6.917        0.44836              0        71.1633        31.5203              0
7.5979      1038.0466        17.5648        13.5591         1.4214         3.2304         8.1837        14.7479              1
1.4336      192.1578        3.1591         4.172        1.1889        3.6484             0        2.2019             0
4.2098      1613.6546         17.452         3.5578        0.21497        0.35828        14.8759        29.1034              1
0.26576      220.1678        2.3379        1.4098        0.3322        0.2097        1.1793        1.7192             0
31.0429      1694.6457        32.9411        13.5967         1.1654         3.4963        38.3887        21.9843              1
0.11746      156.2577        1.2235       0.92204       0.32497        1.6111      0.092008        1.1335             0
0.67436      227.8595          2.68       0.65345       0.34328       0.59769        9.0698        1.7425             1
0.14585      72.3929        0.533      0.70537      0.11403      0.34208      0.19756       0.7226            0
8.7468      1016.4329         38.135         5.7794        0.42811         0.1385        32.1247         10.476              1
0.48303      258.1089        2.1228        1.6118       0.65082        1.6677        1.2127        2.8956             0
5.8859      366.2713        1.1628        1.7198       0.17667       0.32089       80.4255        3.8056             1
4.9323      858.6652       16.0994        6.5541        1.7393        5.9659        5.3861        5.4449             0
13.6343      546.1264       35.2069         7.287        0.4164        2.6052       11.8033        5.4879             1
13.5551      1175.3194        20.4987         8.9496        0.78406         1.9001        43.1235        14.2403              0
0.44565      45.1458       4.4468       2.1289      0.54252        1.584      0.48924      0.88402            1
2.2302      1804.5115         15.147        10.8608         1.1035        0.89442         6.2725        10.9072              0
1.645      201.6873        7.8788        4.1231       0.65799        1.1835        1.9654        6.0501             1
0.37365      100.5937        1.5369        1.1588       0.43592        1.3434       0.25355        1.1298             0
0.32595      197.6851        3.3288        3.4849       0.45425       0.89463       0.85649        2.2851             1
0.23765      115.1552        1.0089       0.99489       0.48929         1.589        0.2959        1.5215             0
1.6241      577.1043        4.2044        1.3818       0.17532       0.42235        2.5038        1.4503             1
3.8119      839.8124       16.7852       11.6847        1.3103        2.8156       0.54146        9.0532             0
1.0625      361.9976        7.9117        3.1461        1.2327        2.9656       0.92836        2.2435             1
1.7931      595.9895        8.6051        3.9036       0.65203       0.77214       0.55766        12.706             0
1.928      443.9817       19.0295        3.4244       0.33835       0.46086        3.3106        5.8016             1
0.033248      59.0337       1.0835       1.0992      0.37356       2.0438     0.035204      0.54175            0
0.97967      514.0245        7.3043        3.3904       0.51865        1.0949        2.6413         5.076             1
0.79023      698.7428       13.8124         7.279        1.7474        1.3022        2.2928        10.618             0
10.3531      344.9454       15.7582        4.9715       0.24538       0.49749       17.1532        3.8286             1
16.3384      1045.0654        10.8557         5.6152        0.31525          1.197       147.3605         6.9127              0
2.9104      151.7409        2.8942        2.8291       0.45294        1.1335         9.003        4.9451             1
16.9938       1537.117        63.0032        14.0171          2.666         9.0448          13.51        23.5853              0
0.87011      277.4862        2.4025        2.4242       0.47615       0.59941        1.2762        4.5898             1
1.4615      640.8836        2.5764       10.2603        2.9982        11.104        1.0848       10.5767             0
17.2657      1374.4295        48.3615        13.8301        0.71346         2.4038        81.8392        14.6424              1
14.4607      902.3302       13.3226        8.8136        1.1893        1.2549       49.4671       10.0539             0
8.3166      241.7247       18.9385         5.464       0.52878       0.96942       0.96478        3.0057             1
34.8826      513.5127        8.4951        7.9156          1.08        1.9229       231.811        3.6746             0
15.5014      2472.0926        28.7729         7.9296        0.84871         3.4364       113.1946        22.8985              1
2.0197       282.542        5.9448        5.4511        0.5549        1.2444        1.9054        2.2971             0
1.2336      139.0877        2.4912        1.1134        0.1683       0.91733        1.5813        1.3723             1
1.1858      362.6806        10.705        3.7741        1.1588        3.1297       0.39528        3.0702             0
1.0308      123.7117       0.36319         1.459       0.48075        1.1252        5.7858        2.4289             1
0.06663      37.1676        1.581      0.72688      0.23775      0.75868      0.09086       1.1615            0
0.10692      114.0553        1.3764       0.88545       0.37345        1.0707       0.24244        1.1972             1
0.66213      372.1559        5.4626         5.679        2.5849        3.7436        0.6876        6.1247             0
2.9308      817.1523       10.9188        5.6318       0.79128         1.282        6.5159        5.6362             1
0.083729      110.4642        1.1958        1.3805       0.54746        2.7588      0.075141       0.80294             0
0.81787      113.0737        5.2518        1.6752       0.27816        0.8843       0.87807        1.6274             1
0.57803       193.717        4.8422        2.5124       0.20789        0.9583       0.49183        1.9825             0
1.5714      638.2488        6.0784       15.8694        4.2825        8.7204       0.69073       14.7297             1
1.4151      288.2612        2.5796        1.7057       0.25058       0.86547        2.7522        1.4951             0
8.3177      1037.2767        14.7274         8.5535         1.5006         9.2609         3.3121         6.5491              1
12.3534      1281.7307        39.5546         7.2905        0.99282        0.43961        17.6385        16.5074              0
13.4466        2626.51        16.0801         9.1869         1.4927         2.7306         194.15         85.558              1
13.7723      1253.1967        38.3802         8.5527        0.51445        0.85206       200.3089        16.6285              0
4.0371      356.2751        2.9974        2.4133       0.20749       0.33831       20.4788        4.6754             1
5.3877       523.619        5.4036        3.4261       0.19827       0.52608       24.4508       13.0515             0
2.6359      212.9732        8.2819        4.5491       0.81203        1.1904       10.2716        5.9521             1
1.0848       672.978        4.5541        4.2903        0.7916       0.78183        0.3225        5.6096             0
1.4011      272.7812        4.4952         2.153       0.45478        1.7402        1.2329        3.0126             1
1.1289      305.4597        8.9101        4.3041        1.5092        2.6984       0.51915        2.7044             0
20.564      2089.6418        80.6128        16.2381         0.9884          1.887        10.1408        22.6563              1
0.063902      31.8154      0.13047       1.6961      0.65766        2.178     0.026626      0.42868            0
1.2387      201.9711        1.6949        1.4743        0.2319       0.44494        1.8872        3.3502             1
13.3328       860.938       15.9758        9.8403         1.817        2.3834       19.5863         8.747             0
3.5453      505.9165       14.3146        4.7474       0.64876       0.16028        2.1714        8.9071             1
0.38564      208.0229        2.3612        1.0893       0.19282        1.4326       0.26386         1.409             0
0.55061      116.0781        2.6658        1.2393       0.34116        1.4392         3.867        1.8676             1
1.5546       258.934        6.3643        2.2461        0.2433       0.40721        4.8763        1.7595             0
10.5168      967.5813       18.5119        8.3869       0.67868         1.258       10.0147       10.8092             1
3.2429      264.6609        6.8243        3.4032       0.31054       0.24945        3.0596        2.9222             0
4.5066      395.5938       16.3679         4.156       0.77604        1.9342       17.1597        4.9044             1
3.6914      568.1537        15.618       10.4664        1.5509        3.9997        1.2153        9.2148             0
3.122      912.4667       25.5832       13.5287        2.1825         2.486        2.4427        8.0363             1
0.24042      85.9977       1.0193       2.0912      0.42074       1.1245      0.33809       2.6521            0
0.41098      214.1369        2.5282        1.4281       0.40683       0.82197        1.1043        3.1882             1
0.52609       799.776        6.6479        8.4972        3.6508       17.2017        1.0203       17.7119             0
2.6999      479.6782       53.4531         6.218       0.69998       0.46362       0.71816       13.0178             1
0.39419      162.4575        1.3947        0.6565      0.098906       0.32539        0.5447        6.1379             0
4.3983      114.5835        9.7439        3.9436       0.42941       0.52729        0.6157         1.525             1
0.37247      214.8031        1.4507        3.5613        1.3004        4.9662       0.16336        4.1494             0
53.8303      5396.0941        89.3567        12.8436         1.0349        0.21625       266.4405        96.6164              1
0.12841      107.6341        1.2023        1.3961       0.43891        1.9167       0.26848        1.5105             0
37.9781      4863.8296        68.9747        10.6823        0.88019         1.2903       138.0995        48.7304              1
0.96215       765.172        9.9128        6.9998        1.9508        5.1285       0.76795        7.7854             0
11.8309      1107.1329        36.9312         8.6615        0.62268         1.0025        32.8651        17.0926              1
0.045946      110.7149        1.0192        1.2029       0.40516         1.416       0.17752       0.96069             0
0.24698      95.9785        2.135       1.2678      0.31467      0.79581      0.41894       2.1679            1
9.0526      3002.4694        24.7348         8.5577        0.96918         3.3406        51.9647        24.8276              0
0.18872      87.6854       1.1061      0.77554      0.20938       1.3458      0.30581      0.93808            1
0.17249      153.7068        2.3524        2.9836       0.69728        1.2588        0.1468        2.7855             0
1.8604      343.8708        3.8872        4.8382       0.94581        1.5019       0.97699         4.251             1
11.6033       1378.994         6.9857         4.7448        0.57008        0.93844       153.3955        16.2078              0
0.77665      444.2765        3.1413        3.8529       0.61611        2.2692      118.9397        7.6927             1
1.5907      1195.2935         1.5045         3.9436         1.2063         8.4306         18.538        21.6464              0
0.6666      256.3595        3.9617        1.7549       0.24998       0.80548        1.0277        4.5753             1
0.043268      89.1931       1.1178       1.5961      0.49999       1.2884      0.24278      0.87979            0
1.4248      503.6426        7.8761        7.2165        1.0356        1.3127        1.2995        4.4592             1
20.7096      2668.6293        52.7728        12.6596         1.3059         1.2767        49.2839         45.103              0
5.8624      1535.5813        19.7434         6.3305        0.82872         4.8495        238.256        14.1035              1
0.93656      313.0877        0.8905       10.6707        3.1475        20.113      0.076767        3.4085             0
3.9489      520.0548        1.4426        2.3509       0.19429       0.76258      129.4733        4.8742             1
0.68319      270.4654        2.5809        15.106        2.6416       10.8095       0.12146       10.5362             0
4.2984      1524.5493         7.2861        12.6697         2.2972         4.4252        24.4938         29.511              1
1.0183      136.0692        7.1611        4.9543       0.46655       0.61466       0.98494        2.7512             0
1.0142      372.2111       13.9098         4.867        1.5015        4.4874        1.2125        6.8218             1
1.3095      478.5003       13.9379        2.7403       0.27061        1.0389        3.2504        4.3795             0
7.8988      733.7923       10.1913        7.4045       0.72795       0.79314       10.3869        9.5612             1
1.0341        375.23        6.6103        3.9751        1.3287        5.6763       0.71718        4.3364             0
22.9337      2415.5291        27.1599        12.0821        0.82039         1.8645        41.7778        62.0762              1
0.41632      100.6418        3.5029        2.6898       0.50739        1.8767        0.3968        1.1124             0
62.892      2041.0253         32.002        20.1712         1.5033         1.8122       144.4931        27.9348              1
0.28505      101.6549        0.4526        1.4427       0.32857       0.82469       0.23065        3.1878             0
0.95845      399.8849         5.794        6.7834        1.1934        1.7438        2.3374        5.2993             1
0.29406       177.414        2.0349        1.3664        0.2725       0.78613        1.7134        3.2876             0
2.8419      844.7791        12.741        5.4033        1.1045        2.3225        4.3584        5.2839             1
10.4593      508.7042        8.3548        5.2093       0.68793         1.222        7.7121        7.1328             0
7.0114      834.5915       11.3602        7.6483       0.86733        1.2494         1.862       14.5081             1
1.8743      736.9207       22.1993       11.0211        2.8619        5.2412       0.93152        4.7586             0
13.7511      569.7065        9.4212        5.5076         1.142        2.3434        4.1634        9.7661             1
2.5307      954.4485        8.9941        5.7197        1.4791        6.2241        4.2748        6.3694             0
0.15168      35.0969      0.82084      0.99631       0.1725       1.6298     0.041637      0.35243            1
8.1417      332.0971        2.9146        1.5056       0.20267       0.75665       57.8971        12.089             0
9.3608      510.1385       74.6374        9.1119        1.0901        1.5759          1.41       22.3474             1
0.063567      59.4229      0.42857       0.7464      0.64182       3.1086     0.082022      0.54955            0
12.3547      1447.8191        12.8769         6.1927        0.58364         1.2471        28.5982        11.6482              1
0.29529      127.7277        1.6781        1.2749       0.39467        3.3788      0.051108        1.5844             0
10.3515       1203.865        31.9977         8.2706        0.68971        0.76045         7.4748        17.0069              1
0.36762      238.5655        3.4492        2.5669       0.37721       0.73843       0.62335        6.1856             0
11.1074      868.4991       27.6606        7.9982       0.48617       0.45872       10.1272       16.0043             1
9.6332      1682.0708        16.5378          8.871         1.1529         1.4155        11.8045        19.9837              0
1.363      488.2316        8.5939        6.4634        1.4132          9.01       0.95408        6.0258             1
19.0468      1617.6968        10.5693          9.801         1.0589         2.0596       111.7626         5.5655              0
1.3687      582.9715        2.7201        9.1479        3.8636       18.3305       0.27721        7.9351             1
0.66807      813.7368        3.4232        1.8828       0.75089        2.8766         1.038        13.367             0
0.52262      240.6592        2.6573        2.2794       0.33614        1.1925         0.952        3.3958             1
2.5683      1924.7568        28.5777        10.0208         1.7815         6.1906         4.1864        31.0569              0
11.2069      701.5361        44.815       13.4183        1.6367        1.6492        3.4358       15.8421             1
0.65137      327.3539       0.77101        3.9348        1.5819       10.9271       0.54502        6.9391             0
3.878       804.113        5.7503        5.8909        1.2951        4.4996        2.1166       16.0743             1
4.5314      577.0654        9.8131        3.3358       0.41865       0.57606        7.1639         8.671             0
8.8908      3502.8173         70.476         20.167         1.2501         1.3649         9.7965        37.5404              1
13.6653      1391.4644        38.2042         5.9132         0.2936        0.58205        23.3645        10.5284              0
5.968      867.9315        5.8368        8.0249       0.44856        1.1597       15.8309       13.7084             1
10.1293      521.5564        7.7542       14.1531        1.6486        9.0116        1.0898        6.9578             0
9.1919      1969.5919         9.4649        16.3209         2.2752         5.3695       167.9259         33.476              1
0.04302      63.3254      0.65523      0.98615      0.48149      0.88191      0.13237      0.58573            0
3.5796      1536.7675        10.3705         7.4025          0.212        0.59776       171.1651        20.3483              1
0.18943      193.6811        2.4722        1.5994       0.34769       0.62345         1.139        1.6641             0
82.2068      3803.0537         4.6756         7.6091        0.63541          2.907      1010.2303        50.2031              1
0.82857      563.9266        4.9245       11.4749        3.7833        3.6895        0.6097       12.6943             0
0.34702      190.2609       10.4351         4.646       0.55523        3.3436       0.80427        1.3268             1
0.22143      118.0292        1.8272        1.7882       0.39447         1.563       0.23631        1.9817             0
9.2616       633.024       76.8979       11.3656       0.60742         0.908       13.2129        9.9128             1
0.20769       151.195        2.0056       0.65002        0.1633       0.60722        4.9988        4.8197             0
13.5394      1130.7205        16.4122        10.0457         2.4929         7.5991          3.364        14.3364              1
0.53611      133.9927        1.0192        3.9708       0.93672        3.0576       0.14728         2.439             0
23.357      3062.9998        61.7597        16.7519          1.047        0.51703       236.5818        66.7103              1
0.42271      281.7711        1.7165        5.2647        1.2297        2.9462       0.36507        4.6178             0
0.62397       792.889        4.7095        8.7653        4.3975       10.5927       13.6531       12.4794             1
0.24471      92.0849       1.0889       1.0298      0.19373      0.83404      0.16925       2.2391            0
21.4138      4235.2838        55.5508        13.1554         0.5292         2.7503       203.6813        38.3631              1
0.83509       403.465        4.8347        3.1743         1.216        3.3355       0.96694        2.9057             0
0.80066      275.7002        6.7407        2.9344       0.78389        3.0811       0.61622         1.266             1
0.83082      239.5865        3.8079        6.2865        1.0801        7.1935       0.20078        1.7655             0
11.7209      886.8864       18.1879        6.1637        1.0993        2.8203       14.6701       14.6095             1
0.18228      135.9172        2.1874        1.5969       0.38254        1.6149        0.4647        3.5764             0
0.46227      438.3867        3.6271        3.7693       0.72008       0.31115       0.46227        7.2897             1
56.6202       1482.699        35.9151        16.4158         1.4133         2.9946         20.458         15.042              0
3.3602      560.1755        3.9767        2.1414       0.21014       0.42829       10.1468        6.8506             1
6.6184      1518.9097        27.0933         5.0309        0.20317         1.0227        34.3005        14.9241              0
27.6282      3578.2088        67.7902        18.1057         1.4799         3.4358       178.7534       109.8823              1
0.10875      225.5064        2.2743        2.2122       0.62762        1.5411       0.60897        3.9552             0
0.02344      72.2689       2.0908       1.3712       0.4266       1.5822       0.1172       1.1321            1
0.092662      56.7761      0.85067       0.9889      0.19292       1.3018     0.042533       1.1985            0
1.703      415.9811        2.0255        1.7318       0.33983        1.2384      109.9994        7.3822             1
0.061341      49.8437      0.59768      0.41838      0.37591        3.336     0.056623      0.35232            0
1.3054      182.4671        3.9907        1.7532        0.2764        1.3175       10.1019        2.6793             1
1.2279      507.0253        2.2127        2.2875       0.47995        1.2747        2.5556        2.4496             0
0.5731      237.1314         4.058        3.4639        1.0366        3.7799       0.49303       0.99871             1
8.5481      912.6395       21.3265        4.7985       0.19356        1.1364       17.1086       11.5702             0
1.4302      277.6014        4.9416        2.7023       0.59465       0.77154        1.0312        4.0158             1
0.38391      250.1154        1.5921        1.4227       0.53917        2.1341       0.35286        1.6203             0
4.7381      1934.9646        12.7073         5.5391         1.1947         2.4301         6.6999        10.2908              1
6.8894      900.5519       27.1875        6.8894        2.2292        5.7538        5.9473        7.2764             0
2.2218      128.9005        3.2114        2.6704       0.19749      0.045079        5.4653        3.9283             1
0.11318      53.9016      0.20331       1.2094      0.45273       1.5845     0.052399      0.50303            0
19.9919      1898.9715        26.5295         8.6415        0.50899         0.7352        24.8216        26.7783              1
0.31546      133.3304        2.3236        0.8579       0.27122       0.65593       0.51743        1.8312             0
32.6412      2369.3866       113.2362        13.3244         1.8753         4.0185        33.9666        63.0406              1
0.47033      120.6888        7.7311        1.7994       0.39894        1.2871        0.7328       0.83568             0
0.56      152.5533        8.3632        3.1279       0.39421        1.5695         1.039         3.209             1
1.8655      210.5218        6.6493        1.5994         0.309       0.87264        9.9081        1.6423             0
0.54036      625.2755       14.7519        6.8194        1.5887        1.3293        1.7292       17.5726             1
4.0986       643.175       18.0433        8.1007        2.1505         8.525         0.839        6.7699             0
24.2693      2066.4082        49.0384         8.3629        0.70321         1.0054        152.677        10.0832              1
9.1224      583.1757       26.7302        5.0839       0.21031        0.3627       29.4032        9.7838             0
21.9738      2415.9895        55.8296        19.1904         1.9532         3.3042        28.1915        68.0698              1
0.071928       105.204        1.0543       0.67764       0.40317        2.2411       0.14764        1.0695             0
11.6763       1169.145         4.8954         5.5703        0.29037        0.43352       160.3883         29.295              1
0.32498      98.7178      0.64996       1.5673      0.41487      0.84356      0.47018       1.8369            0
0.53531      276.1217        9.7347        10.508        1.3482        3.0334       0.23792        2.1908             1
0.87082      494.0128        7.8452        6.4252        1.6632        5.8133       0.61193         4.613             0
8.6746       1505.465        33.9674        10.6585        0.79517        0.96384        18.6584         23.333              1
1.5236      267.4645        1.9585         2.596       0.25663       0.53216        2.2367        3.0606             0
2.8188      1360.5558          4.374        10.6365         2.6244         2.8327         3.4576        14.7883              1
1.1721      312.9984        3.4859         8.357        3.9425       16.5922       0.31967        7.4893             0
0.35886      164.9678        2.6946         1.376       0.22721       0.38647       0.43743        5.3957             1
15.5883      2024.8958        34.5523        12.0962         1.9885         3.1817        18.0909        26.8891              0
3.4509      693.3847       45.7457       12.5087        0.8913        2.6053       16.8585       23.3414             1
0.91005       611.581        4.8991       12.2401        3.3065        6.3096       0.56119        14.136             0
0.8471      401.3949        3.5074        1.5042        0.1545       0.56118        4.0899        7.8281             1
0.49197      190.6755        2.6996        1.6607       0.28969        2.2451       0.19729       0.77667             0
3.7333      1126.7732        10.7375         7.7564         1.0006         0.9799          9.868        12.1452              1
0.13313      80.5661      0.78957       1.1775      0.50496       2.7199     0.066563      0.61513            0
1.8859      215.1456        5.1757        4.1283       0.38231       0.47548        2.5316        4.0962             1
0.19963      117.4175        1.9215        1.6096       0.47413        0.7661       0.23707        1.4149             0
5.3801      831.5846       22.6851        4.9415       0.15364       0.23464       16.5396        9.8662             1
0.74809      511.6073        3.1831        7.2609        4.2832       22.6481       0.61608        3.9752             0
14.1075      2293.2657          39.25        12.8004         0.7512         2.6893        15.6249        47.3854              1
5.6165      870.1852       15.3326        6.5117       0.72415        1.3286         2.794         4.687             0
0.57665      171.2176        1.8963        1.7688       0.26349       0.78183        1.2526        4.3907             1
31.285      2084.5026        25.2915        10.7577        0.81145         2.9967        76.8789        29.0354              0
2.0814      478.2227        6.0544        7.5784        0.5752        2.2593         1.097        5.8587             1
0.17385      68.0364      0.36087       1.5594      0.59794       2.0151     0.052682      0.92721            0
0.86222      147.8817        4.6022        2.6426        0.4871        1.3605       0.66626        2.9674             1
0.036516      56.5755      0.76135      0.79239       0.4035       1.1703     0.056599       1.1466            0
0.78384      160.1959        2.2555        2.2685       0.42825        1.1965       0.63589        3.0731             1
