0.46048      199.6711         6.095        2.0965        0.3309        1.3282        5.6438        3.8019             0
5.1755      1005.3169        10.9017         7.2719        0.18353        0.50573        35.7313        13.8015              1
0.33084      422.4281        1.8692        5.6077        8.2378       42.4297       0.77746       12.4064             0
5.3801      831.5846       22.6851        4.9415       0.15364       0.23464       16.5396        9.8662             1
0.47036      794.3617         7.511       11.0093        2.7487        8.7457        1.0436       12.1705             0
6.345      581.6677       11.8317       11.5363        3.0529        8.0754        1.6038       10.3686             1
1.2713       630.951        8.7835        5.1237        2.2248        16.681       0.49118        1.2135             0
0.3912      478.0549       0.75445        8.6063        1.6486        3.7722       0.78239       12.4484             1
3.008      226.0386        5.2737        2.5545       0.34659       0.53913        4.6746        5.3785             0
3.8218      796.5619       14.6475        2.7494        0.2607       0.37895        6.7889        9.1244             1
0.14897      93.4533       2.3126        1.939      0.52259       1.7995      0.33814        1.738            0
41.0934      1568.9285         78.497        15.4583        0.47847         3.0825        26.4724        17.4182              1
0.20407      98.3081       1.2323       6.0908       1.4285       6.8914      0.10204       2.9983            0
2.2923      1003.4923         8.3326         7.4042         1.6963         4.0689         1.9485         9.1693              1
0.12126      65.0142       1.5158       1.9596      0.46323       3.4318      0.08731      0.79549            0
1.6741      207.6862        2.9335         2.128       0.31859        1.1992       0.63719          1.62             1
6.6945      326.8563       19.1392        3.5314       0.49118        1.8589        2.2146        2.7565             0
0.80349      608.7791        26.301        8.4099        1.2106       0.85706        1.9712        8.5063             1
0.22421      138.0383        2.5827        1.2686       0.52789        2.6168       0.11069          1.07             0
28.0563      2084.0157        55.1631         8.2011        0.79613        0.53715        99.9669        43.6624              1
0.48434       89.683       2.0464       1.4356      0.31635       1.5534       0.1069      0.61306            0
0.20977      143.6413        1.7578        1.8759         0.258       0.59556       0.34239        5.7868             1
0.5442      301.8638        2.8466       10.6049        3.6001         8.456       0.16745        2.6233             0
4.2984      1524.5493         7.2861        12.6697         2.2972         4.4252        24.4938         29.511              1
2.0381      284.9974        4.0475        1.3435       0.10687       0.88546        2.4045        3.4426             0
12.5133      1237.5648        51.1718         8.3287        0.40571        0.15649        10.7919        21.3752              1
0.6236       597.356        9.8791       10.1581        4.0534        8.6975        1.0831       10.2893             0
30.4713      7449.6382        57.8802        14.4267        0.83787         1.5987       114.7395       107.6802              1
0.29168       35.196      0.38468         1.03      0.26068      0.52136     0.097227       1.2231            0
0.40777      77.2583        2.145      0.55204     0.069154      0.20508       1.8707       3.9644            1
1.1655      544.5188       12.3772        5.1795        1.0063        2.7461       22.5883         9.472             0
21.3317      2433.2204        26.7367         9.0247        0.68177         1.1175       159.6399        25.4434              1
0.26396      138.3308         1.324        2.2351       0.48321       0.97068       0.66841       0.51301             0
3.878       804.113        5.7503        5.8909        1.2951        4.4996        2.1166       16.0743             1
0.085842      86.2839      0.70188       1.2826      0.53525       1.3507      0.14644      0.94931            0
3.4141      839.8969       12.4003        4.7706       0.49251        1.0309        7.9928        7.1163             1
0.95748      206.6074        2.8456        1.8781       0.50887         2.685       0.40174         1.704             0
1.4221       288.962        1.8738       12.0289        4.9521       21.4145       0.13384       10.0046             1
3.4121       438.596       17.3722        4.1476       0.57381       0.62773        7.3979        4.2015             0
53.8303      5396.0941        89.3567        12.8436         1.0349        0.21625       266.4405        96.6164              1
1.8846      959.4644        11.962       14.9836        3.7537       13.3482        6.0121       25.9799             0
35.3898      7180.4672       118.7272         12.975        0.95748         1.2398        575.849       169.8049              1
0.20573      128.4474        1.5018        1.0184        0.1903        0.5949       0.22287        3.0705             0
6.4815       1192.902        40.5967        12.9226         1.4254          2.044         4.6258          18.53              1
6.8894      900.5519       27.1875        6.8894        2.2292        5.7538        5.9473        7.2764             0
27.4806      1570.5338        19.1561         6.2525        0.85178         2.8997        75.8511         6.5726              1
0.26576      220.1678        2.3379        1.4098        0.3322        0.2097        1.1793        1.7192             0
1.928      443.9817       19.0295        3.4244       0.33835       0.46086        3.3106        5.8016             1
5.8784      332.4223        3.9402        4.4859        0.8256        1.7043       20.9341        4.8508             0
8.6746       1505.465        33.9674        10.6585        0.79517        0.96384        18.6584         23.333              1
1.0093      310.1135        4.4341        4.4843       0.89384        1.5115       0.41679        4.2131             0
2.2291      581.3984       21.6359       15.7843        3.0815        8.5068        6.2941       18.2102             1
0.017187      43.8365      0.64665       1.1558      0.51989       1.0806      0.27713      0.40603            0
4.7381      1934.9646        12.7073         5.5391         1.1947         2.4301         6.6999        10.2908              1
0.37247      214.8031        1.4507        3.5613        1.3004        4.9662       0.16336        4.1494             0
2.1003      1751.2569        27.4463        11.8123         2.5425         5.1482         8.4802        25.9934              1
8.3991      3027.2874        42.1705        15.5097         2.1793         4.0564        92.2151         61.657              0
6.6637      894.9367       14.2959        4.0243       0.25488       0.34833       61.8251        17.108             1
9.0031      658.9395       16.0646        3.5985       0.61827       0.87183       40.0763        7.6554             0
3.7013      218.5419       0.50332        2.9502       0.30715       0.85435       45.4692        3.3193             1
9.9972      1498.6052        28.6915         10.537         1.7296         1.9872        33.7208        35.5362              0
1.6973      295.6054        0.2587        1.4092       0.15985        1.2661       53.8933         3.361             1
20.8127       977.926       37.1826        8.5886        1.5111        1.8081       38.4548        9.7703             0
1.6462         679.7        3.3065       10.6652        1.1115        7.2602       0.54874        9.9757             1
0.021656      73.6555      0.89331      0.59554       0.3465       2.6402     0.068577      0.64426            0
22.7966      1162.0277        29.5126        11.2632         1.6133         1.6058        34.9828        15.2778              1
3.1576      475.3536       11.8403        2.1797       0.29337        1.5209       26.3519        7.6946             0
1.4302      277.6014        4.9416        2.7023       0.59465       0.77154        1.0312        4.0158             1
0.52315      89.7615       1.2671        1.756      0.30875        1.726      0.53173       1.6917            0
0.20223      91.4169       1.5065       3.3529      0.30481      0.89099       1.4596       1.5709            1
0.43678      371.2318       14.4348        6.7559        1.6344          4.72       0.65516        4.6425             0
8.7468      1016.4329         38.135         5.7794        0.42811         0.1385        32.1247         10.476              1
0.57777      634.1183        1.3289         8.941        2.8455        3.9722       0.30333        4.8822             0
2.6999      479.6782       53.4531         6.218       0.69998       0.46362       0.71816       13.0178             1
0.094584       133.756        0.7403       0.93311       0.46201       0.82761       0.46564        2.1863             0
1.1622       145.415        1.4084        1.5294       0.42565       0.90556       15.0252       0.65517             1
1.5644      536.0165        3.3742        14.923        3.8956        7.7912        1.1196        7.7146             0
0.10369      134.9799       0.64751        1.0855       0.28143        1.9341        1.0136        1.2844             1
0.12031      69.4621       1.7209       1.4228       0.3278       1.2519      0.44811       2.1743            0
1.1535      1356.6867         10.677         9.9524         2.4548        12.2889         2.7062         19.609              1
14.1997      1416.7838        14.5599        12.6536         0.8856          1.426        95.2548        47.5223              0
0.9893      458.1979        5.3442        5.5828        0.7457        2.9579       0.58662        4.7476             1
5.4227      1129.2189        16.7999        12.9853         1.7013         6.2069        36.1516        22.5815              0
4.9659      636.8787        7.8969        5.2505       0.48851         2.022       43.0573       21.9704             1
0.18228      135.9172        2.1874        1.5969       0.38254        1.6149        0.4647        3.5764             0
12.6624      1116.0082        47.2987          8.796         1.1921         2.4165        16.7006        28.4608              1
7.1399      1130.1694        21.2648          5.482        0.81788         2.0281         12.445         9.2453              0
24.2693      2066.4082        49.0384         8.3629        0.70321         1.0054        152.677        10.0832              1
1.8306      577.6057       11.4826        3.1277       0.38174         2.221        9.1792        3.4096             0
2.4314      319.4514       14.5097        5.4439       0.38952       0.32041        1.2879        7.3726             1
2.9407       223.242       12.4975         2.683       0.13246       0.45279        2.5192          1.71             0
0.14693      136.0802       0.81344        1.7568       0.18313       0.85177       0.33432        4.9466             1
0.036516      56.5755      0.76135      0.79239       0.4035       1.1703     0.056599       1.1466            0
3.4043      3356.7595        12.6846        11.2079          3.653         8.0989         21.654        63.4853              1
0.72294      277.8604        6.1883        7.9451        1.9302        4.1207       0.49883        5.4365             0
9.5782      1980.2993        50.1919        13.7323         1.3101         1.6776       103.3875        32.3056              1
0.5941      189.8073        4.4129        2.1792       0.30094       0.65895        1.6137        4.4207             0
2.0345      613.7496        9.3482       17.9238        2.5366        6.9918       0.68244        6.8888             1
0.76105      399.1927        5.6733         9.949        3.0165        5.6733        3.0442        7.8042             0
22.3622      1082.2551        53.5088        13.4216        0.84506         1.7469        32.6592        23.0652              1
1.726      319.1186       10.7779       10.5286        1.9753        5.3506       0.85341        5.8013             0
20.564      2089.6418        80.6128        16.2381         0.9884          1.887        10.1408        22.6563              1
0.11992      150.7602        1.0285        1.4667       0.46122        1.2291       0.40356         1.718             0
6.0873      354.7754       10.8592        2.8725       0.14972        0.2417       23.4445        8.0679             1
0.11115      97.2957       0.7946       1.3409      0.41385       1.2534        0.175       1.0264            0
0.97967      514.0245        7.3043        3.3904       0.51865        1.0949        2.6413         5.076             1
0.024559      58.9514      0.55012      0.84483      0.59678       2.5713     0.088412      0.64836            0
5.2984      1039.7338        34.3087         11.171        0.58234         2.0095         6.3565         11.901              1
0.50816      177.5019       0.88399         2.906        1.4292        8.4376       0.26467        2.6043             0
19.9919      1898.9715        26.5295         8.6415        0.50899         0.7352        24.8216        26.7783              1
0.069273      80.1197       1.6387       1.6673      0.33681      0.88143       0.1696       1.6745            0
9.7409      1279.8365        34.5717        14.6541         1.9396         4.4518        44.9193          32.82              1
0.3707      171.2744         2.469        1.0212       0.30542        3.1894       0.19351         1.259             0
0.15168      35.0969      0.82084      0.99631       0.1725       1.6298     0.041637      0.35243            1
0.19463      111.6013        1.4302        1.7254        0.3652        3.2081        0.1837        1.5767             0
0.86661      1158.9912        47.1752        14.2597         2.7259         8.9025        0.58299         34.822              1
0.47714        714.43        8.7332       12.5793        2.2122        4.5401        1.2868       16.2952             0
1.0142      372.2111       13.9098         4.867        1.5015        4.4874        1.2125        6.8218             1
1.2319      219.5544        3.1072        4.9433        2.1264        5.9163       0.28248         1.483             0
5.7406      2379.8621        93.6846        13.5395         2.2403         4.9146        43.5029        76.1826              1
0.086219      88.5154      0.55912       1.6564      0.77336      0.98237      0.17505       1.1731            0
5.1865      603.0085       17.3169        2.4359       0.33925       0.94134        19.765       11.3816             1
0.31074       92.231      0.79132       1.5132      0.36478       1.4495      0.22195       1.1368            0
5.6603      548.3974        68.308       17.3013        1.0039       0.96118        6.8564        9.9109             1
0.11318      53.9016      0.20331       1.2094      0.45273       1.5845     0.052399      0.50303            0
0.02631      52.3606      0.52808      0.90769      0.54311       2.3322     0.041344      0.45479            1
0.14363      103.1894       0.97001        1.0283       0.53704        2.0087       0.41007        1.1657             0
9.2616       633.024       76.8979       11.3656       0.60742         0.908       13.2129        9.9128             1
0.063378      142.2413        1.1449        1.0325       0.37414        1.2696       0.34347         1.609             0
7.6715      1956.1867          22.17          9.783        0.61779         2.3695         9.6735          19.91              1
0.58225       159.678         1.735        1.7162       0.38504        1.8759       0.52121        1.3922             0
1.5936      339.1138       12.6462        5.0034       0.29549       0.33533        1.2351        4.2663             1
2.9808      485.8327       11.4486        4.8224        0.6835       0.71514        4.7718         6.816             0
1.9021      400.6313        1.2409        4.1756       0.57064       0.11775        3.7952         3.297             1
0.65049      219.8375        1.5034        9.7285        5.2184       11.2318       0.31802        3.3826             0
0.57631      384.5022        8.3413       11.4503        2.6692       11.2228       0.19716       12.6181             1
3.8865      605.3342       29.4628        7.8927       0.62279        2.2396       10.0185        7.0004             0
5.2499      941.5332        9.9429        5.1958        1.2706        3.1142       13.4031       10.2619             1
13.6563      472.2827        1.0715        1.3509       0.20021       0.82505      110.9554        4.0725             0
5.712      659.3159        9.5978        2.7309       0.35535        1.5431        1.3326         5.508             1
42.9596      2500.5402        41.2495        15.5349         1.4941         3.5102        29.0268        27.3257              0
14.1048      1099.0533          19.06         8.2269         0.7662        0.94517        25.8719        27.7958              1
0.47002      198.7067        8.8451        2.6908       0.59935        1.1766       0.30914        2.4163             0
1.726        1606.76        13.4311        12.2073         3.0753        12.3014         1.8672        23.8026              1
0.12266      132.7048        1.1954        1.6637       0.58655        2.1366        1.5835        1.7083             0
3.2985      687.1423       12.0029       14.0339        3.2069        6.5665        1.3286       25.8688             1
14.9403      1244.1125         7.5264        17.7547         2.9752         9.1346       141.7478        27.0823              0
0.25241      106.7512        3.4866        2.2764       0.27836        1.0167       0.28544        3.0124             1
0.18915      100.2475         5.064        2.1968       0.59069        3.2587       0.23229       0.51104             0
5.3164      852.2807       15.4148        5.8742       0.99356        2.5217        8.1228       16.5885             1
1.4483      727.6499       0.62508       10.7178        2.3174       10.5958        1.4026        8.2175             0
1.3784      859.5576         4.565       12.3167        2.8457        9.2783         1.082       14.0952             1
6.5591      460.5941        9.7991        3.4942       0.32536       0.74094         3.907        6.8763             0
11.0053      1040.3976        28.8697         8.8072         1.1689        0.91895         6.3591         8.3808              1
1.62      263.3177       0.90642        4.5192        1.6136        3.6707       0.67499        7.4956             0
1.784         356.7        4.8286        3.7265       0.30129       0.72416         8.986        8.3067             1
12.4589      1155.8728        38.4537        10.4392         1.0951         4.2278         8.0426         4.6496              0
11.8309      1107.1329        36.9312         8.6615        0.62268         1.0025        32.8651        17.0926              1
7.3403      341.1015       24.1706         9.254        2.5036        8.2578        6.4097       12.7014             0
21.3204      1047.8648        38.5391        22.5179         1.8857         7.2811         3.2345        13.5713              1
1.3365      422.3911        1.8774       11.1691        3.8662        8.8621       0.22275        8.0348             0
6.1284      584.3062       26.8418        6.1414        1.3294        3.1971        6.7639        9.8833             1
0.13021      106.3997        1.7978        1.8503       0.48199        1.6767        0.3061        1.6424             0
26.864      1001.8474        31.1416         5.3831        0.39952        0.17221        58.9837        21.7805              1
11.6702      2636.2148          4.428         8.1319         0.7656        0.71387         623.05        26.0613              0
10.3623      1005.0936        17.1371         6.6348        0.66681         2.2672         8.7152        11.6492              1
0.018737      62.7918      0.18112      0.83067      0.36225       2.4701      0.21547      0.50589            0
21.9738      2415.9895        55.8296        19.1904         1.9532         3.3042        28.1915        68.0698              1
2.111      341.1027        4.0733        3.3631       0.34248        1.0808       57.5232        6.4988             0
11.2236      1367.9162        20.1056          8.817        0.71548         1.5032        12.7123        20.7271              1
0.42271      281.7711        1.7165        5.2647        1.2297        2.9462       0.36507        4.6178             0
0.021811      47.6759      0.50501       1.1845      0.28858       2.1207     0.033556       0.4681            1
0.79224      428.9151        2.4233       11.2623        2.4699        5.6545       0.57477        8.4972             0
1.3478      355.6488        5.1218        2.4642       0.38938        1.2934        1.5738        4.9802             1
0.56671      126.9787        3.0975        1.8243       0.43991         1.343       0.11386       0.30794             0
6.1559      1322.8865        14.2099         6.7625        0.30147         1.0123        33.8387        19.0705              1
13.6653      1391.4644        38.2042         5.9132         0.2936        0.58205        23.3645        10.5284              0
1.1439      452.2803        15.568           8.9        1.9065         7.226        2.0646        4.2221             1
3.1474      497.0333        5.2872        4.2533       0.37952        2.9642       87.1205        8.6571             0
0.80638      250.3227        5.6011        2.0531       0.29951       0.66558        5.0456         4.316             1
2.9455      286.7867        5.5215        2.2633       0.22305       0.49857        7.4633        5.1344             0
0.10692      114.0553        1.3764       0.88545       0.37345        1.0707       0.24244        1.1972             1
8.1417      332.0971        2.9146        1.5056       0.20267       0.75665       57.8971        12.089             0
5.1415      416.4531        3.1597        1.6373       0.35626       0.83323       29.1708         4.429             1
0.12792      45.2845       3.0661       1.2656      0.24808       0.7675      0.15117       1.0718            0
0.06266      62.8963       1.1721       3.8039      0.72244       1.9388     0.088462        1.478            1
10.486      1004.3149        41.1895         8.7646        0.67209         2.6472         21.452         8.9086              0
9.6068      1060.0047        17.8313         6.0987          1.545         5.8547         3.5198        40.0072              1
0.53611      133.9927        1.0192        3.9708       0.93672        3.0576       0.14728         2.439             0
0.62397       792.889        4.7095        8.7653        4.3975       10.5927       13.6531       12.4794             1
35.1036      2132.6544        63.4817        13.2095        0.82085         0.6691       241.7242        41.7601              0
7.889      751.1815       11.2315        5.2718        1.3983        6.7748        12.084       16.0397             1
13.7723      1253.1967        38.3802         8.5527        0.51445        0.85206       200.3089        16.6285              0
2.074      521.0463        9.4041        3.9738       0.45912        2.7072         1.037        4.0054             1
0.68758      268.5319        6.9554        5.7905       0.75009        2.9151        1.0854        4.0687             0
0.66505      263.4144        5.4078        4.8492       0.46364       0.61565       0.70686        3.4925             1
4.2021      465.3264        9.0262        8.1692        2.2946        7.1187       34.8746         5.999             0
26.5317      2479.6314        42.6512         11.047         1.0027         1.1094       245.4417          20.67              1
1.0848       672.978        4.5541        4.2903        0.7916       0.78183        0.3225        5.6096             0
20.9708      3784.8966        48.6657         8.3209         1.5594         1.1851       242.9667         75.687              1
0.41945      128.6478        4.2351         1.538       0.33301        1.3676        0.2898        1.5888             0
1.9909      516.0499       12.7553       10.5205        1.4346        3.5621       0.87833        6.3533             1
4.6852       1244.238        13.3606         7.1638         1.0961         1.9271         6.3758        10.5523              0
4.2276      1198.2501        40.9075        19.4782         1.1102         1.7942         3.3865         8.2196              1
2.471      633.2625        6.6948        7.4987       0.53374         1.845       0.88297        5.7196             0
1.597      416.4811       22.9861        7.7428        1.2556        1.9825        1.1234       10.3641             1
1.6169      1471.4044        15.2175         14.203         2.9959         4.3433        14.2664        27.3756              0
0.28256      56.7535      0.68071       2.4146      0.47521       1.6311      0.11559       2.3735            1
0.19963      117.4175        1.9215        1.6096       0.47413        0.7661       0.23707        1.4149             0
6.9861      392.4243         3.362        3.3221       0.29346       0.63536       48.7428        3.6811             1
0.12929       95.531      0.35554       1.4488      0.37265       1.3518      0.19963      0.71678            0
12.7846      566.5152        4.6629         8.849        1.6163        4.9862        30.612        7.4348             1
2.0046      1930.4719        29.7214        11.1751         1.7678         5.0351         8.1604        38.1659              0
0.13194      138.9139       15.6814        2.9828       0.77168        5.4377       0.27189        1.3794             1
0.11409      122.5424         1.236        1.0496       0.35177        1.0496       0.41452        2.2532             0
2.6682       489.493        8.5531        4.5772       0.66705        2.2908        2.3303        7.9431             1
0.15755      83.8345      0.28009       1.3279      0.43514       2.3708     0.090029       1.2054            0
0.66713      332.0408        9.6323        8.6545        1.3251        5.5838       0.43866        3.0341             1
0.014944      78.6603      0.50169       2.2202      0.31382      0.71304     0.074719      0.39708            0
3.13      969.0394       0.83467        4.5087       0.30927        4.7248      114.3534       20.0619             1
19.0468      1617.6968        10.5693          9.801         1.0589         2.0596       111.7626         5.5655              0
2.3061      988.0838       16.9009        4.5448       0.96647        2.4651        5.1382        8.5759             1
3.9714      1084.4174        14.7256         6.4882         1.3476           5.56         3.7483         6.4971              0
2.248      1051.1326         1.9613         8.7203         2.5497         6.9551         1.6898         13.337              1
25.4364      3938.4687        30.8216        13.9136        0.55654        0.76819       401.3782         52.033              0
0.32655       256.901        2.9161        3.0761       0.31349       0.79025        1.9038        5.9269             1
2.0765      384.8936        9.2451        5.2382       0.89217        2.6504       0.73564        4.4191             0
1.1525      452.2362        4.1137       12.9814        2.5771        7.3471       0.17607       13.3976             1
5.779      1682.1382        54.1992         6.5738        0.45133         1.0891        11.4501        53.7479              0
8.3166      241.7247       18.9385         5.464       0.52878       0.96942       0.96478        3.0057             1
0.90103      379.0581       0.47958       10.0712        2.7031        4.9702       0.77024        4.2436             0
1.8604      343.8708        3.8872        4.8382       0.94581        1.5019       0.97699         4.251             1
2.2023      1031.5072         3.7711        10.8607         3.6655         13.787        0.54303        14.4055              0
7.9013      548.6632       42.8037        8.5002       0.90154        3.0008        2.6789        5.0808             1
0.59233      124.2107          1.57        5.7449        1.6985        5.4666      0.085638        2.0268             0
15.6645      374.8375        6.3065       14.4439        4.7103       10.3439        6.4786       12.8634             1
2.603      1315.0819        51.9234         8.7743         4.1976              0         8.6026         7.1367              0
0.4223      486.2119        4.9052        8.9657        4.8564        6.9679        0.4223       14.4556             1
0.46207      191.4785        1.8728        1.9599       0.48216        1.9063       0.53573        1.5246             0
13.5247      1430.3553        41.5284        16.1963          2.278         3.8881         7.8715        10.0899              1
37.4705      1914.3931        77.5991          6.685        0.21807        0.40606        29.3868        52.3932              0
0.14481      134.2419        1.7941        1.0005       0.37988        2.1909       0.27457        1.1603             1
0.93539      744.7816       13.9502        15.563        3.3223        7.8379       0.98377        14.676             0
0.29915      107.9596       0.75958        1.5452       0.56448        1.2278       0.25233        1.1836             1
0.103      156.8706        1.2987        1.4017       0.34707       0.90463       0.40753         4.391             0
22.1543      1547.1974         28.756        10.8244          1.078         2.2154        34.1682        50.1818              1
0.098131      90.5226       1.6611       1.1345      0.55767      0.99567      0.20344       0.8018            0
1.6649      543.7914        9.5276        5.6031       0.23327       0.43453        1.1984       10.5659             1
5.3877       523.619        5.4036        3.4261       0.19827       0.52608       24.4508       13.0515             0
0.13628      102.6704       0.91658        2.3249       0.44092         2.087       0.17904       0.98873             1
0.041878      112.6741       0.85587       0.87681       0.67004        5.6404       0.08899       0.77473             0
1.7049      643.9147        6.7902        5.5556        1.4844        2.0723        5.8349        4.3137             1
0.72882       300.054          1.22       11.5661        3.5015        7.2724       0.45948        8.5716             0
21.4138      4235.2838        55.5508        13.1554         0.5292         2.7503       203.6813        38.3631              1
0.41632      100.6418        3.5029        2.6898       0.50739        1.8767        0.3968        1.1124             0
3.986      531.6516       15.7381         5.664       0.25961       0.29444        4.5052       17.6757             1
1.5296       418.641        3.7373         2.045        0.4475        0.4014        6.2135        7.8598             0
2.6506      412.8273        8.4565       27.6695        1.2061         4.656       10.9107        8.7791             1
0.41315      130.4953        1.4537       0.75133       0.14231       0.47283       0.67176        3.9525             0
7.9269      798.7666       38.9374        5.1416       0.28002       0.98304       82.2032       16.0951             1
0.080537       193.277         2.189       0.61692       0.32215       0.51383       0.22712       0.83598             0
27.9428      1950.1217        19.1329        10.5086        0.77714        0.46078        55.2597        26.0309              1
0.76383      638.9299       11.2301        5.7316       0.62389        1.7084        1.0087       16.9442             0
2.1602      297.7204         8.311        5.5248       0.56395       0.55439        4.8461        5.9501             1
0.2827       257.152        2.6251        8.2657         2.827       15.0775       0.32309        6.1252             0
2.2722      699.9428        9.4156       14.1311        2.7079        5.4315        5.1202       16.9325             1
1.9059      246.8611       11.2818        7.6567       0.91961        3.3586       0.33319        3.7917             0
11.3717      2053.7916       145.0996        13.4781         1.5065          2.613        51.8594        45.3936              1
6.5811      1187.1933         4.5817         6.2049        0.49063         1.5199       136.3962        17.4452              0
0.13864       87.233       2.1611       1.5075       0.3235        1.809      0.18046       1.1246            1
0.2892      137.9428        3.7773        1.4269       0.26718       0.96597       0.11891       0.54171             0
0.080727      50.9572      0.86493       1.0887      0.62275       1.7206     0.066888       0.5351            1
0.29012       209.843        4.2287        2.8264       0.72969        4.3737       0.33407        1.4198             0
0.46227      438.3867        3.6271        3.7693       0.72008       0.31115       0.46227        7.2897             1
0.38494      110.9862        0.7886        1.7208        0.4432        1.3192       0.12901        1.3587             0
0.37869      154.3011       0.60055        1.1437       0.34426        0.2123        2.5246        2.5801             1
13.7158      1138.5201        35.7924         10.245        0.76853         1.4751        49.4028         8.4848              0
0.30839      143.9113        3.6736        2.0083       0.38488        1.2533       0.90791        3.0913             1
0.042487      97.4875       1.9119       1.1011       0.3399       1.0409      0.17703      0.73291            0
1.3654      369.5764        3.2392        2.4799       0.53291        1.5291        1.0937        5.0086             1
0.085282       112.538       0.38959        1.1688       0.39928        1.3645       0.14924        1.2017             0
2.0964      137.8677        3.4365       0.91042       0.10332       0.23958        3.9307        2.0395             1
0.063661      99.8904       1.2771       1.5761      0.36461       1.3272      0.17169      0.83146            0
0.42257      149.1234        3.6037        2.2566       0.31747        1.0339       0.81512        3.0653             1
0.33782      249.4315        1.9063        8.4093        2.0028        6.8047       0.09652        6.9856             0
4.5066      395.5938       16.3679         4.156       0.77604        1.9342       17.1597        4.9044             1
0.28505      101.6549        0.4526        1.4427       0.32857       0.82469       0.23065        3.1878             0
0.59802      574.8618        10.522       12.2837        2.3598        8.8895       0.75965       12.7686             1
0.31316      127.2328        2.0295        1.1706       0.34205        1.2147       0.32077        3.0024             0
0.28445      136.8063        3.5434        4.2382       0.63797        0.6908       0.30476        4.0473             1
0.19642      121.7092        1.9642        2.1581       0.36766        1.5059       0.25686        3.7798             0
0.7519      174.6316        3.3213        2.3503       0.40831        1.0482       22.5942        6.0002             1
0.10201      68.4324      0.80755       1.0643      0.28902       1.2394     0.051003      0.91635            0
0.34366       200.741        6.3151         2.664       0.21447        1.2894          1.23        2.7829             1
13.3328       860.938       15.9758        9.8403         1.817        2.3834       19.5863         8.747             0
16.8865      1240.9064        12.6846         10.124          2.206         4.2019        10.9907        20.4318              1
9.7254      1701.1312        31.4712        20.1634         2.4837         4.3072          3.406        12.9951              0
0.13743      159.5846        4.3265        6.0657       0.96672        1.8955       0.21325         1.161             1
0.033248      59.0337       1.0835       1.0992      0.37356       2.0438     0.035204      0.54175            0
1.0018      352.0507        3.8043        8.8514        3.0434         6.759       0.71014         7.317             1
0.15212       107.078        2.9409        2.2193       0.72938        4.4777       0.22232         1.096             0
1.835      521.6999       13.1803        8.4185       0.96024        1.8876        1.5193        8.4185             1
1.4195      411.4273        7.4774        5.3101       0.83537        5.4153        2.8858        2.8332             0
2.9183      1332.4462         73.896         8.1255        0.50927        0.45205        17.4526        20.0447              1
0.44093      475.7045        4.6342        5.1201       0.85486        1.4218       0.50391        6.5959             0
6.0911      1076.3379        36.5465         7.9459         1.2811         3.9847         7.1521        11.9307              1
15.5574      1125.2672        27.4155         6.7398        0.50676        0.58558        19.3468        19.9155              0
3.5503      643.8079          6.89        1.9447       0.19132       0.29304        7.2484       17.5409             1
1.3874      338.1204        5.8798         8.427        1.3653         2.371       0.48448        3.1638             0
23.9722      2761.6566       120.2273        19.4617         1.0189           1.66         79.312        35.8324              1
1.5835      332.9721        2.1028        9.4121        2.4449        5.1938       0.44337        7.4486             0
0.53817      111.3587         4.615        2.3468       0.34649       0.97558        1.0174         2.568             1
1.719       287.988       14.5432         5.447       0.59806        2.0484          1.06        5.2894             0
1.0449      276.6138        2.0983        1.5021       0.22331       0.40028        1.5779        1.1861             1
1.8168      471.8443       20.6959       10.2374        1.4227        7.2864         1.365        6.1425             0
9.3608      510.1385       74.6374        9.1119        1.0901        1.5759          1.41       22.3474             1
11.8447      1888.4368        13.0557         5.8572        0.51142         0.8202       187.9617         17.591              0
0.89017      176.3895        2.2912        1.9733       0.37492        2.9205        7.2858        4.4399             1
1.5205       320.519        5.8646        7.1099        1.7956        3.6998       0.88331        3.4391             0
5.673      730.4051        4.2302        8.8731       0.28306        1.1794       65.0802        8.4839             1
1.2005      644.8838        8.3872       12.8529         2.769       11.0762        1.0244        9.2995             0
2.0814      478.2227        6.0544        7.5784        0.5752        2.2593         1.097        5.8587             1
0.77693      598.7772        4.6616       12.9389        2.3457        10.384       0.34364       19.8865             0
0.81593      738.4749        6.3119        9.4216        2.7865        7.1432       0.46185       10.0374             1
0.24416      130.5491       0.73247        1.3549        0.3142        1.1647        7.1185        1.4909             0
1.3404      399.3607        2.3142        3.4749       0.38091        1.0852        2.5621        3.5324             1
1.3882      632.3559        2.3951       10.3582        3.6155       13.3025       0.32036        5.8122             0
0.63343      721.3492       16.9701       16.4988        2.2538       10.9599       12.8749       16.1452             1
0.20727      139.6094        1.1751       0.89396       0.41454        1.1265       0.21268        1.8907             0
0.73119      149.4975        3.3911        4.2464        0.4332         1.192       0.67877        4.1085             1
0.37365      100.5937        1.5369        1.1588       0.43592        1.3434       0.25355        1.1298             0
1.3878      695.7223        15.426         6.517       0.92735        2.4687        3.0634        7.2141             1
1.3578      977.1711       11.1258        7.8535        2.4615        6.4371        2.4518        11.116             0
10.8429      2301.5607        27.9991          7.786        0.62781         3.3209        20.3597        38.4547              1
0.12342      128.7517       0.53855        1.3015       0.55538        2.1009       0.19073         2.401             0
2.6569      1703.8664         21.203        16.0803         3.1779         4.9665         4.1503        16.7054              1
0.041099      37.5647      0.29704       1.6066      0.35121       1.9167      0.10835      0.45583            0
0.43956      118.3137        5.3421        2.5436       0.46007        2.3384       0.33113        2.6901             1
3.8025       653.708       10.7738        2.9125       0.57783        2.8659        3.0383        3.1315             0
0.24698      95.9785        2.135       1.2678      0.31467      0.79581      0.41894       2.1679            1
0.40768      250.0924        3.6796        2.2004       0.48608        1.4974       0.31099        0.8807             0
1.5714      638.2488        6.0784       15.8694        4.2825        8.7204       0.69073       14.7297             1
3.6914      568.1537        15.618       10.4664        1.5509        3.9997        1.2153        9.2148             0
1.948      530.8537       10.1616        7.0289        1.1211        4.2221        1.6061        4.7151             1
0.10699      90.8693      0.86221       1.2083      0.41117       1.2062      0.56851       1.5608            0
5.0363      845.7428       22.3642        7.0987        2.2097        7.3749       65.1591        5.8558             1
8.2745      371.8473       12.2306        6.6317       0.97241        1.8421       41.5419       13.0037             0
4.6646       455.895        4.4311        5.5942       0.53528        1.4931       54.7834       15.9335             1
1.9193       193.736        2.8442        5.4936        1.5716        5.4658       0.59108        4.6104             0
1.2336      430.4072        4.2307        4.9343       0.54776        1.7858        3.3845        3.7185             1
0.21001       69.815       0.9048       1.0128      0.42394        2.369      0.14916       1.1285            0
10.9728      827.3818       25.4513        7.1466        0.5559       0.97658       13.7573        5.7744             1
0.26763      152.7675        3.9838        1.5584       0.38472        1.1625       0.25927        1.5751             0
5.5137      2452.4207        32.5281         8.0498         1.0708         2.8743        34.3879        35.1488              1
0.19054      108.4917         2.642        2.0634       0.41826        1.3315       0.52979        2.1657             0
55.4749      2263.6839        42.4209         9.4478        0.55634        0.89412       163.3849        28.7806              1
0.24007      149.4877        2.7316        2.0348       0.47781        1.2609        1.3798         2.375             0
16.5428      1108.5737        11.1675         6.2562        0.78632        0.73476        71.6196        10.2351              1
14.7558      3044.4608        29.6517        16.2538           2.17         8.4139         83.089        78.6651              0
2.9104      151.7409        2.8942        2.8291       0.45294        1.1335         9.003        4.9451             1
5.7572      332.1157       10.4279        4.4387       0.44465        1.3997         5.038        5.9892             0
10.5168      967.5813       18.5119        8.3869       0.67868         1.258       10.0147       10.8092             1
0.53743      177.2944        1.9389        2.1335       0.37064       0.97525        1.1536        1.2926             0
5.5371      714.6408         8.591        2.9064        0.2418       0.29257         9.239       12.9893             1
0.090649      57.8015      0.84554       0.9315      0.35009       1.1003     0.087524      0.63455            0
5.2657      2116.3459        24.1842        10.3538         2.2839         2.8041        17.8019        41.9354              1
0.39811      408.5522        7.2894        9.6781        2.6769       17.4205       0.60402        8.2504             0
1.0508      655.2817         1.065        8.5343         2.982       13.3624         0.213        14.115             1
2.1161      360.4988       24.7852        6.0216       0.50264        1.0656        2.9354        5.1873             0
2.36       631.206       10.7443         4.852        1.7467        7.2043       13.0888          3.54             1
0.030913      52.4841      0.63371      0.74384      0.60473       2.4363     0.057961      0.58928            0
1.9479      266.8116        7.9758        5.3961         0.995        3.3798         1.174        4.7855             1
1.4615      640.8836        2.5764       10.2603        2.9982        11.104        1.0848       10.5767             0
2.5194       509.844        3.9371        1.4998       0.31332       0.82696         4.669        7.2321             1
1.2103      368.8549        6.1133        4.9806         1.955        7.2072       0.31808        3.5454             0
0.39838      127.1779        2.3834        1.6511       0.34542        1.4484       0.82439        2.2176             1
4.0655      1358.2491        22.4713        16.3572         4.2084         7.7022         3.4938        28.0137              0
1.184      244.0403        3.9241        13.041        4.5838        7.0025        0.1184        6.7827             1
5.8061      175.6201       16.0705        7.5811       0.46466        0.9335        9.3769        7.9871             0
3.7524      189.1291         8.022        3.6746       0.46273        3.1847       0.45107        1.7498             1
0.73208       269.028        2.4762        2.1067       0.31211        0.9042       0.93863        5.7924             0
1.9898      690.8174        7.7767       12.2869         2.653        8.7716        1.6581        14.658             1
0.35642      178.6779         3.669        1.9768       0.23961        2.2733       0.30251        1.5754             0
5.1683      453.5298       12.8506        2.2464       0.30908       0.85394        44.918        7.9531             1
0.11746      156.2577        1.2235       0.92204       0.32497        1.6111      0.092008        1.1335             0
1.9675       308.988         3.532        4.2942       0.38313        1.2611        1.3409        1.4966             1
0.31781      630.6024        1.6334        3.6807         1.929       13.1411       0.96082       12.8528             0
0.082035      195.3048        2.2355        2.0338       0.59475        1.6475       0.60501        2.5021             1
5.3816      400.7546       11.3224        4.6605       0.34831        1.1528        1.6238        1.8397             0
3.5796      1536.7675        10.3705         7.4025          0.212        0.59776       171.1651        20.3483              1
0.44854      133.7255        1.0208       10.4865        3.3563       20.5708       0.35574        4.8411             0
22.9337      2415.5291        27.1599        12.0821        0.82039         1.8645        41.7778        62.0762              1
2.1633      353.5261        9.3385        3.9529       0.73621        1.4384        2.8825        2.8542             0
0.92253      177.4259         2.889        6.2757        0.2711       0.73236        1.1491        7.5219             1
0.12841      107.6341        1.2023        1.3961       0.43891        1.9167       0.26848        1.5105             0
2.6359      212.9732        8.2819        4.5491       0.81203        1.1904       10.2716        5.9521             1
0.043409      87.4119      0.76182       1.6712      0.30169      0.95499      0.14325      0.96367            0
0.51267      384.8782        3.3435        6.6869        2.0284        6.5532       0.23404       10.0193             1
0.11709      100.4708       0.75513        1.5748        0.5305        1.5915       0.23897       0.94153             0
9.1919      1969.5919         9.4649        16.3209         2.2752         5.3695       167.9259         33.476              1
