2.5683      1924.7568        28.5777        10.0208         1.7815         6.1906         4.1864        31.0569              0
1.0322      188.9713        2.0096        3.3822       0.54632        2.4186        1.5868        6.7645             1
37.4705      1914.3931        77.5991          6.685        0.21807        0.40606        29.3868        52.3932              0
2.1618      227.9967         7.282        1.7383        0.2069        0.9204        3.3162        4.5827             1
3.4121       438.596       17.3722        4.1476       0.57381       0.62773        7.3979        4.2015             0
2.1602      297.7204         8.311        5.5248       0.56395       0.55439        4.8461        5.9501             1
2.6611      430.3004       17.9065        6.6086       0.53948       0.94927        2.6092        5.0368             0
1.6879      590.3188        7.7455        3.2733        1.3172       15.6565         1.049        4.4406             1
6.7458      1007.9643        24.6807         7.8689        0.95466         1.9234         8.4024         8.1497              0
10.2238      1052.8033        19.5981         9.2644        0.53468         1.3142        62.2374        14.1414              1
0.22145      51.8524       2.0631       3.0891      0.49615       1.8585     0.047653       1.5894            0
4.0894      1111.4435        26.0912        14.2981         1.3268         2.4259         1.7922        11.6346              1
13.9231      1656.2079        83.4136        11.3619         1.0784        0.74141        81.2761        25.9879              0
3.986      531.6516       15.7381         5.664       0.25961       0.29444        4.5052       17.6757             1
0.71121      947.2053        7.7102       14.1596        4.4936       10.0863        2.5539        16.374             0
3.3675      365.4711       10.3078        4.2162       0.38329       0.41067        3.8158        3.9424             1
1.4901      547.0528        13.998         7.744        1.2185        1.7323        1.6149        7.0247             0
27.6282      3578.2088        67.7902        18.1057         1.4799         3.4358       178.7534       109.8823              1
0.10702      141.0298       0.34125       0.48865       0.55326        1.2418       0.37355        1.3468             0
28.0563      2084.0157        55.1631         8.2011        0.79613        0.53715        99.9669        43.6624              1
0.31022       181.918        5.3208        5.0499       0.73824        1.7317       0.31415        1.4529             0
7.0114      834.5915       11.3602        7.6483       0.86733        1.2494         1.862       14.5081             1
1.02        850.23        6.3866       10.6234        2.6362       12.3495       0.72182       23.6476             0
2.9183      1332.4462         73.896         8.1255        0.50927        0.45205        17.4526        20.0447              1
0.16143      77.3815      0.40673        1.541      0.49898       1.9561     0.098538      0.86587            0
4.7381      1934.9646        12.7073         5.5391         1.1947         2.4301         6.6999        10.2908              1
9.9972      1498.6052        28.6915         10.537         1.7296         1.9872        33.7208        35.5362              0
0.19387      342.4134        6.7224        1.9475        0.2113       0.53806       31.5798        2.5378             1
2.9808      485.8327       11.4486        4.8224        0.6835       0.71514        4.7718         6.816             0
11.3138      2087.7977        62.1246         19.054         2.2472         5.3526        41.1355        53.9474              1
3.5282      422.6081       27.1373         6.507       0.41197       0.22711        3.0422        3.2113             0
0.53531      276.1217        9.7347        10.508        1.3482        3.0334       0.23792        2.1908             1
0.028682      39.1532     0.092796       0.7643      0.48929       3.3137      0.03037      0.79805            0
6.1284      584.3062       26.8418        6.1414        1.3294        3.1971        6.7639        9.8833             1
0.41894       119.332        3.1255         1.888       0.31421        1.6895       0.09371       0.74417             0
2.2923      1003.4923         8.3326         7.4042         1.6963         4.0689         1.9485         9.1693              1
0.11115      97.2957       0.7946       1.3409      0.41385       1.2534        0.175       1.0264            0
0.63097       108.211        2.8245        2.1555       0.30278       0.76224        1.4525        3.7858             1
0.19274      138.7334        2.3305        1.8774       0.41553        1.6571       0.76847        2.1652             0
0.11617      94.1309       2.1751       2.0465      0.34603        1.221      0.22245       1.2012            1
0.92107      305.1032        4.8731        2.4499       0.34272        2.2491        1.1674        6.0378             0
1.9479      266.8116        7.9758        5.3961         0.995        3.3798         1.174        4.7855             1
13.8458      1199.0443        23.1204         6.4018        0.51281         1.3013        19.1172         9.4676              0
4.5066      395.5938       16.3679         4.156       0.77604        1.9342       17.1597        4.9044             1
0.14461      143.9055       0.59956       0.88065       0.29084       0.79291       0.31359        1.4737             0
3.13      969.0394       0.83467        4.5087       0.30927        4.7248      114.3534       20.0619             1
6.5811      1187.1933         4.5817         6.2049        0.49063         1.5199       136.3962        17.4452              0
4.2839      221.5668        5.1162        2.0445       0.30242       0.83979        5.3936        3.0267             1
0.24042      85.9977       1.0193       2.0912      0.42074       1.1245      0.33809       2.6521            0
0.41098      214.1369        2.5282        1.4281       0.40683       0.82197        1.1043        3.1882             1
2.3178      589.2258        6.2464         7.164       0.92438        2.1138         1.305       15.8572             0
1.0713      457.0289        7.9117        4.4737       0.39149       0.87908        2.1781        3.9256             1
0.068738      91.8943      0.55579       1.0134      0.36333       1.8697      0.12766      0.95447            0
2.5399      358.8855         7.252         2.425       0.29882       0.85335         4.692        5.5942             1
2.9053      1198.9299        11.1399        11.5384         3.0548         7.3215         2.5235        11.6048              0
7.6715      1956.1867          22.17          9.783        0.61779         2.3695         9.6735          19.91              1
12.4589      1155.8728        38.4537        10.4392         1.0951         4.2278         8.0426         4.6496              0
0.66505      263.4144        5.4078        4.8492       0.46364       0.61565       0.70686        3.4925             1
17.6974      1668.6132         5.4825           8.61        0.71593        0.17584       180.4841        26.4204              0
10.5995      1066.2396         8.3684          4.937        0.35264        0.72901        92.0254        17.0522              1
0.40001      208.4174        2.2762        3.3913       0.80711        1.9505        1.5116        6.9418             0
2.074      521.0463        9.4041        3.9738       0.45912        2.7072         1.037        4.0054             1
0.12841      107.6341        1.2023        1.3961       0.43891        1.9167       0.26848        1.5105             0
3.6517      380.4175        3.2085          1.31       0.15954        0.5513        4.6036        4.5699             1
5.7572      332.1157       10.4279        4.4387       0.44465        1.3997         5.038        5.9892             0
0.76236      87.2951       4.4283        2.133      0.29385      0.81373       1.7179       2.4391            1
0.21001       69.815       0.9048       1.0128      0.42394        2.369      0.14916       1.1285            0
7.7779      1778.5168         19.837        11.0504         1.1207         2.2191        11.6893        28.6684              1
0.33782      249.4315        1.9063        8.4093        2.0028        6.8047       0.09652        6.9856             0
14.1048      1099.0533          19.06         8.2269         0.7662        0.94517        25.8719        27.7958              1
1.9193       193.736        2.8442        5.4936        1.5716        5.4658       0.59108        4.6104             0
14.229      1269.3457         9.5551         7.3074        0.92609        0.99362       101.3441        10.5391              1
0.053244       58.351      0.17202       0.5222      0.83552       4.9005     0.090105      0.71879            0
0.54036      625.2755       14.7519        6.8194        1.5887        1.3293        1.7292       17.5726             1
0.71385      146.7526        1.3492        4.7257        1.5705        9.0302       0.29268        3.5407             0
12.9145      554.3697       0.22765        5.2183       0.83178       0.91058       87.1883       16.6619             1
0.045955      72.1332      0.65547        0.982       0.5563       3.0258     0.036281      0.31685            0
0.57133      465.8938         6.016        4.3916       0.85273        1.6841        1.2322        8.1308             1
0.092662      56.7761      0.85067       0.9889      0.19292       1.3018     0.042533       1.1985            0
0.10867      96.8962       1.7954        1.819      0.40397       1.8899      0.06851      0.78195            1
0.20561      204.7034        2.1182        2.4945       0.38795        2.0639       0.45778        2.6652             0
3.9567        836.83       17.0034        7.7244        1.0715        2.6472          6.94       10.1404             1
7.1399      1130.1694        21.2648          5.482        0.81788         2.0281         12.445         9.2453              0
2.0939      384.7129       15.4827         6.781        0.3624       0.97447         2.718       10.6346             1
9.0031      658.9395       16.0646        3.5985       0.61827       0.87183       40.0763        7.6554             0
0.57665      171.2176        1.8963        1.7688       0.26349       0.78183        1.2526        4.3907             1
0.065055      89.2771      0.84955       1.1346      0.19708       1.0658      0.30806       2.1583            0
0.68238      166.9325        1.1317        2.1079        0.5405        2.7228        4.1753        1.6553             1
0.31074       92.231      0.79132       1.5132      0.36478       1.4495      0.22195       1.1368            0
0.60175      602.3843         6.168       14.1713         2.392        9.2519        1.5796       14.6828             1
3.6585      240.1693        9.8286        3.2462       0.31359       0.86527        4.0766        2.9529             0
5.0363      845.7428       22.3642        7.0987        2.2097        7.3749       65.1591        5.8558             1
1.2429      288.3065        3.3992         2.578       0.54186       0.79603        6.2341        4.7259             0
0.26338      220.7098        2.8094        2.4488       0.57067        1.4329        1.0974        5.3147             1
0.39462      469.8003        5.2563       13.4328        4.6565       11.9175       0.34726       11.4913             0
0.06266      62.8963       1.1721       3.8039      0.72244       1.9388     0.088462        1.478            1
0.10302      70.6212       0.5488      0.94963      0.38959       1.7607        0.118      0.62372            0
2.6569      1703.8664         21.203        16.0803         3.1779         4.9665         4.1503        16.7054              1
0.063378      142.2413        1.1449        1.0325       0.37414        1.2696       0.34347         1.609             0
6.484      1186.7343        32.3009        12.3271          1.036         1.8558          5.776        16.8957              1
0.063222      58.7231       1.0137       0.8514      0.48892       2.2992     0.088511      0.16016            0
0.42635      141.6926        2.6916          1.55       0.25103       0.85868        2.2493        2.5103             1
2.2014      785.1845        9.8069        7.0717       0.39704        1.1426        2.6116         9.026             0
1.0912      1975.7707        39.2461        10.9509         1.5406          3.094          3.017        41.9421              1
0.020696      56.5246      0.63029       1.1157      0.35183       2.0169      0.15804       1.1007            0
1.3654      369.5764        3.2392        2.4799       0.53291        1.5291        1.0937        5.0086             1
6.4973      554.2164        9.9511        4.0547       0.66927        2.4475        2.5989        4.7191             0
21.3317      2433.2204        26.7367         9.0247        0.68177         1.1175       159.6399        25.4434              1
1.9014      969.5377        7.5555       11.3082        3.5859       11.0414        1.6846       12.5258             0
0.40499      164.9159        1.0473        1.4297       0.26181        1.2048       28.9529        1.3602             1
6.5591      460.5941        9.7991        3.4942       0.32536       0.74094         3.907        6.8763             0
4.7072      199.1847        4.8663        2.8165       0.25557       0.73542       22.5634        2.5531             1
0.030913      52.4841      0.63371      0.74384      0.60473       2.4363     0.057961      0.58928            0
5.1755      1005.3169        10.9017         7.2719        0.18353        0.50573        35.7313        13.8015              1
0.082991       69.651      0.82638       1.0383      0.30901       2.0042      0.16951      0.38494            0
15.5014      2472.0926        28.7729         7.9296        0.84871         3.4364       113.1946        22.8985              1
1.3882      632.3559        2.3951       10.3582        3.6155       13.3025       0.32036        5.8122             0
0.78384      160.1959        2.2555        2.2685       0.42825        1.1965       0.63589        3.0731             1
0.50193      366.8823        2.2757        1.0379       0.39595       0.38995        1.4958        3.5115             0
1.3404      399.3607        2.3142        3.4749       0.38091        1.0852        2.5621        3.5324             1
2.471      633.2625        6.6948        7.4987       0.53374         1.845       0.88297        5.7196             0
2.6174      198.5831        4.3246        1.5506       0.16881        0.3933        5.5132        3.8251             1
0.28505      101.6549        0.4526        1.4427       0.32857       0.82469       0.23065        3.1878             0
31.0429      1694.6457        32.9411        13.5967         1.1654         3.4963        38.3887        21.9843              1
0.024752      42.1015      0.59856       1.0036      0.65031       1.6067     0.047254       0.5738            0
0.20535      185.2796        1.5744        1.3325       0.40614       0.92636       0.83966         2.535             1
0.55693      136.1602        2.8664        1.6192       0.28169        1.0537       0.29889         1.101             0
30.4713      7449.6382        57.8802        14.4267        0.83787         1.5987       114.7395       107.6802              1
0.50843       215.955        2.4765        1.3261       0.32802        1.2113       0.92782        1.9798             0
0.3238      211.8892        1.9348        1.8839       0.38267        0.7814       0.89112        4.2522             1
0.15212       107.078        2.9409        2.2193       0.72938        4.4777       0.22232         1.096             0
49.4666      1468.7458          45.19         9.8152        0.64099        0.54084        58.8211        66.3428              1
0.14727      114.2866       0.85338       0.87356       0.39139        1.7411       0.13315       0.95022             0
2.8062      782.0401        4.0818         9.184        2.5086        6.7746        1.1763        17.064             1
0.051771      79.8316      0.79908      0.98591      0.54248       3.1491      0.18007      0.88237            0
5.673      730.4051        4.2302        8.8731       0.28306        1.1794       65.0802        8.4839             1
36.9009      2646.4224        17.9278        14.0379         2.4742         3.2283        357.974        69.4488              0
0.69672       743.837        3.4694       10.9057        1.8769        10.664       0.86734        6.4979             1
0.021606       67.846      0.62946      0.65971      0.34426       1.3482     0.056176      0.36154            0
13.7562      3463.5307        43.3261         9.4843        0.73484        0.48009        17.7341        72.9842              1
5.3877       523.619        5.4036        3.4261       0.19827       0.52608       24.4508       13.0515             0
12.7702      1934.8005        40.6154         14.066        0.75177          1.553        72.6844        21.8013              1
0.045946      110.7149        1.0192        1.2029       0.40516         1.416       0.17752       0.96069             0
1.2336      430.4072        4.2307        4.9343       0.54776        1.7858        3.3845        3.7185             1
1.7274      1265.1187         8.2515        12.6318         1.7428         5.6758         2.4523        10.8118              0
2.6682       489.493        8.5531        4.5772       0.66705        2.2908        2.3303        7.9431             1
0.72294      277.8604        6.1883        7.9451        1.9302        4.1207       0.49883        5.4365             0
69.2612      1987.8154        46.4257         8.3198         1.2755        0.72549       192.6593        20.0798              1
0.9584       504.565        1.8826       13.2465        3.5427        7.9411       0.75303        12.271             0
9.7409      1279.8365        34.5717        14.6541         1.9396         4.4518        44.9193          32.82              1
7.7385      2332.3201        26.1599        14.0126         2.5744         6.3357        25.9441        43.4869              0
1.3054      182.4671        3.9907        1.7532        0.2764        1.3175       10.1019        2.6793             1
1.5236      267.4645        1.9585         2.596       0.25663       0.53216        2.2367        3.0606             0
0.55061      116.0781        2.6658        1.2393       0.34116        1.4392         3.867        1.8676             1
10.486      1004.3149        41.1895         8.7646        0.67209         2.6472         21.452         8.9086              0
0.24698      95.9785        2.135       1.2678      0.31467      0.79581      0.41894       2.1679            1
7.6262      410.7255       13.3038        2.6171       0.37291       0.70551        6.3966        4.3809             0
55.2371      1495.7003        90.9315        23.7357         1.2261        0.92339         7.0087          9.022              1
0.82119      652.5729         4.628        5.3729       0.63936         1.701         1.572       14.3767             0
10.3618      544.7998       17.1893        5.1037       0.99478       11.6099       29.8434       10.7943             1
4.6019      193.6493       10.3373        2.9554       0.15566       0.25432        7.6187        2.7318             0
0.81787      113.0737        5.2518        1.6752       0.27816        0.8843       0.87807        1.6274             1
5.3816      400.7546       11.3224        4.6605       0.34831        1.1528        1.6238        1.8397             0
0.23059         290.5         2.347        1.0731       0.32877       0.85845       0.94521        4.2032             1
0.241      194.6688        5.2143        2.6839       0.52582        3.4397       0.70839        1.0188             0
0.28445      136.8063        3.5434        4.2382       0.63797        0.6908       0.30476        4.0473             1
12.6044      1243.7287        24.1321         5.0812        0.59105        0.61854        22.4506        21.0257              0
3.878       804.113        5.7503        5.8909        1.2951        4.4996        2.1166       16.0743             1
13.5551      1175.3194        20.4987         8.9496        0.78406         1.9001        43.1235        14.2403              0
33.356      1708.4895        72.4841        22.6249        0.98369        0.10569        10.8937         16.552              1
0.021656      73.6555      0.89331      0.59554       0.3465       2.6402     0.068577      0.64426            0
7.9269      798.7666       38.9374        5.1416       0.28002       0.98304       82.2032       16.0951             1
4.6883      1052.5199        23.5772         7.5998         1.0704           4.46          8.185        16.2843              0
3.7333      1126.7732        10.7375         7.7564         1.0006         0.9799          9.868        12.1452              1
0.66807      813.7368        3.4232        1.8828       0.75089        2.8766         1.038        13.367             0
1.184      244.0403        3.9241        13.041        4.5838        7.0025        0.1184        6.7827             1
0.10588      68.8027       0.3341       1.4234      0.51997       2.4187     0.056467      0.59526            0
1.4221       288.962        1.8738       12.0289        4.9521       21.4145       0.13384       10.0046             1
21.2646      4700.0257        55.9574         8.8996         1.3192        0.40363      1103.9965        47.6484              0
0.13194      138.9139       15.6814        2.9828       0.77168        5.4377       0.27189        1.3794             1
0.20266      79.1247      0.67423       1.4186       0.2806       1.0951      0.31958       1.2315            0
5.8859      366.2713        1.1628        1.7198       0.17667       0.32089       80.4255        3.8056             1
1.2606      495.7488        4.7376       11.4978        2.7428        13.548       0.58182        7.2727             0
1.1256      177.4126         2.733        1.4557       0.20708       0.32394        1.5008        2.1815             1
0.13608      70.7226        1.038       1.8118      0.57902      0.81649     0.082716      0.42159            0
13.5247      1430.3553        41.5284        16.1963          2.278         3.8881         7.8715        10.0899              1
0.642      249.9187        1.7184        3.4214       0.59202        1.9222         1.234        3.0332             0
13.4466        2626.51        16.0801         9.1869         1.4927         2.7306         194.15         85.558              1
1.3874      338.1204        5.8798         8.427        1.3653         2.371       0.48448        3.1638             0
2.2012      1108.5035        27.3806         9.1169         2.2458         5.1757         4.4915        25.5958              1
0.12792      45.2845       3.0661       1.2656      0.24808       0.7675      0.15117       1.0718            0
21.4138      4235.2838        55.5508        13.1554         0.5292         2.7503       203.6813        38.3631              1
1.9848      574.5656         3.407       13.3311        2.4849        3.0163        1.2815        7.8455             0
1.5433      470.1892        1.9795        3.9254       0.38583       0.37745       0.59553        3.7493             1
1.0014      243.9029        4.1485        4.9273        1.4067        1.4146       0.48479         4.824             0
0.86661      1158.9912        47.1752        14.2597         2.7259         8.9025        0.58299         34.822              1
0.12805      113.9711         1.709       0.94245        0.3261       0.78366       0.63683        1.3385             0
4.8598      1384.8018        13.5526         6.0804        0.64858        0.41887        22.2768        11.4447              1
0.16965      149.5294         0.995         1.144        0.3714        1.0248       0.26136        1.8914             0
22.3622      1082.2551        53.5088        13.4216        0.84506         1.7469        32.6592        23.0652              1
4.9618      632.9725       13.1666        2.3002       0.37409        1.1122       10.9195       15.5123             0
11.2236      1367.9162        20.1056          8.817        0.71548         1.5032        12.7123        20.7271              1
0.50754      281.4462        5.9345        2.3665       0.44639        1.7061        1.1985        4.8277             0
0.22877      90.5043       2.1756        2.171      0.33857      0.89447      0.24707       1.7089            1
0.035748      46.2602      0.15674      0.83044       1.1247       6.3796     0.085244      0.94319            0
43.4911      775.1548       80.5478       10.7953        1.1116       0.32065        5.6862       18.4909             1
0.49021       529.118        1.1394         5.909        5.0478       32.7511       0.86117       12.4671             0
1.0625      361.9976        7.9117        3.1461        1.2327        2.9656       0.92836        2.2435             1
0.099376      50.2538      0.63082      0.96999      0.31973       2.3612      0.11234      0.64594            0
5.5371      714.6408         8.591        2.9064        0.2418       0.29257         9.239       12.9893             1
23.3722      1251.9567        34.0234        14.1525         1.9673         2.4958       157.5278        25.4863              0
6.0873      354.7754       10.8592        2.8725       0.14972        0.2417       23.4445        8.0679             1
0.20571      207.1272        4.3011        2.9846       0.44133        2.6181       0.23189        0.6433             0
13.6343      546.1264       35.2069         7.287        0.4164        2.6052       11.8033        5.4879             1
0.23035      131.6241        1.0249        1.3548       0.38847         1.796       0.20302        2.2137             0
0.9897      271.4793        2.6863        3.5347       0.91017        3.6849       0.77762        4.6437             1
0.29529      127.7277        1.6781        1.2749       0.39467        3.3788      0.051108        1.5844             0
0.15351      239.8028        2.9946        2.3101       0.28436        1.4671       0.58886        3.5482             1
0.12342      128.7517       0.53855        1.3015       0.55538        2.1009       0.19073         2.401             0
12.6207      994.6763       17.4695        7.1387       0.45903        1.4035       15.3432       10.9323             1
0.79949      313.4004        2.0756         7.426        4.4279       25.5991         0.246        6.5497             0
2.2927       1070.937        29.2624        15.9402         2.5095         8.8763         1.3942        25.7925              1
0.66927      315.7781        6.6927        8.9635        1.3206        1.5716       0.76489        3.8364             0
1.1525      452.2362        4.1137       12.9814        2.5771        7.3471       0.17607       13.3976             1
9.5294      2500.8104        14.5333         7.5303         1.3859        10.4247         9.1492        32.4639              0
19.9919      1898.9715        26.5295         8.6415        0.50899         0.7352        24.8216        26.7783              1
0.48802       199.391        3.4779        1.5735       0.44876        3.5648       0.31974        1.2397             0
1.0508      655.2817         1.065        8.5343         2.982       13.3624         0.213        14.115             1
0.38391      250.1154        1.5921        1.4227       0.53917        2.1341       0.35286        1.6203             0
1.2993      255.6298       14.8425        4.5061        1.1161        4.3895       0.83291        3.0485             1
1.5088      1328.0261        18.0903         15.827         2.8605         4.6051         2.5147        46.6796              0
12.1669      614.9986         5.637         3.235       0.47442        1.1394      231.9931         6.937             1
5.8061      175.6201       16.0705        7.5811       0.46466        0.9335        9.3769        7.9871             0
11.7209      886.8864       18.1879        6.1637        1.0993        2.8203       14.6701       14.6095             1
0.19752      101.6071         1.047        1.9215       0.34709        1.1506        0.2608       0.66158             0
2.43      351.1363        8.2299        4.5136       0.88279        3.3745        1.0299        1.4191             1
0.12262      71.3374      0.30217       1.9006         1.27       4.0333      0.47296        2.194            0
79.1844      2695.2012          5.395        18.3474          1.838         3.0705       651.3797         81.163              1
0.103      156.8706        1.2987        1.4017       0.34707       0.90463       0.40753         4.391             0
0.24503       126.102        1.5983        1.5444       0.34619        1.1397       0.29449         2.493             1
11.6702      2636.2148          4.428         8.1319         0.7656        0.71387         623.05        26.0613              0
7.8988      733.7923       10.1913        7.4045       0.72795       0.79314       10.3869        9.5612             1
0.37365      100.5937        1.5369        1.1588       0.43592        1.3434       0.25355        1.1298             0
1.645      201.6873        7.8788        4.1231       0.65799        1.1835        1.9654        6.0501             1
0.13313      80.5661      0.78957       1.1775      0.50496       2.7199     0.066563      0.61513            0
9.1919      1969.5919         9.4649        16.3209         2.2752         5.3695       167.9259         33.476              1
0.50455      479.9118        8.2031       13.5416        3.2715        7.9426       0.69986        9.1308             0
6.6637      894.9367       14.2959        4.0243       0.25488       0.34833       61.8251        17.108             1
0.25786      109.1528        2.1409        1.2748       0.32867        1.1131       0.32867        1.1349             0
0.34702      190.2609       10.4351         4.646       0.55523        3.3436       0.80427        1.3268             1
0.1712      73.2703       1.5354        1.152      0.25323       1.1288      0.14623       1.4837            0
5.2499      941.5332        9.9429        5.1958        1.2706        3.1142       13.4031       10.2619             1
2.0906      282.3307         5.635       12.4468        2.6444        9.1517        2.2429        9.7055             0
0.13864       87.233       2.1611       1.5075       0.3235        1.809      0.18046       1.1246            1
3.9593      1874.0573         33.009        10.5147         1.5083         4.3364         12.023        27.4398              0
0.080727      50.9572      0.86493       1.0887      0.62275       1.7206     0.066888       0.5351            1
0.085071      107.3874        2.1176        2.1843       0.56331        2.4924       0.11266       0.77714             0
0.66713      332.0408        9.6323        8.6545        1.3251        5.5838       0.43866        3.0341             1
1.3578      977.1711       11.1258        7.8535        2.4615        6.4371        2.4518        11.116             0
8.8908      3502.8173         70.476         20.167         1.2501         1.3649         9.7965        37.5404              1
71.9703      2045.2784        84.3965        11.0196        0.78459         1.4137        52.6382        29.8286              0
6.7436      541.0284        7.9179        2.8984       0.42423       0.47175       21.5511        6.0683             1
0.29133      139.3254        1.6836        1.8293       0.60299        4.3361       0.12534        2.0495             0
1.4248      503.6426        7.8761        7.2165        1.0356        1.3127        1.2995        4.4592             1
0.36762      238.5655        3.4492        2.5669       0.37721       0.73843       0.62335        6.1856             0
0.85392      234.7114        3.4672        3.9825       0.64412        1.8514       19.8832        7.4608             1
1.4592      899.1248       25.0001       13.2033        3.2173        7.9993        2.5668       18.9171             0
11.8309      1107.1329        36.9312         8.6615        0.62268         1.0025        32.8651        17.0926              1
1.6231      193.6357       0.47309        1.9627       0.51919        1.0772       30.1421        2.5353             0
0.86222      147.8817        4.6022        2.6426        0.4871        1.3605       0.66626        2.9674             1
16.2143      1415.7793        60.8625         9.2469         1.1648         2.3939       244.5789        13.8775              0
0.87011      277.4862        2.4025        2.4242       0.47615       0.59941        1.2762        4.5898             1
1.8463      497.1912       17.3516       13.7128        6.5965       16.7242        2.1689         8.622             0
14.2237      839.2654       33.2968       14.6413       0.61876        0.9436        8.2759        9.5134             1
14.202      1376.5789        34.7999         5.6797         0.5045         0.5045        74.0752          8.837              0
0.97967      514.0245        7.3043        3.3904       0.51865        1.0949        2.6413         5.076             1
1.4382      354.0274        2.9839        8.9115        3.4813       12.9573       0.57797        6.3308             0
0.10521      69.9553        1.039       1.8844      0.28934       1.6083     0.043212       1.4899            1
1.0848       672.978        4.5541        4.2903        0.7916       0.78183        0.3225        5.6096             0
2.031      686.8652        9.3377        2.8263        0.2466       0.53477        1.1887        9.4125             1
0.26576      220.1678        2.3379        1.4098        0.3322        0.2097        1.1793        1.7192             0
1.3985      516.1713        10.685        3.5793       0.55182        2.6382       0.97136        5.2612             1
3.5896       139.279       0.95943        2.0201       0.38985        1.2809       28.0436        4.6301             0
12.204      1256.5038         4.9889         4.3546        0.68107         1.7665        265.874        32.0488              1
0.21446      144.1244        0.8787        1.0286       0.30935       0.94703       0.73067        2.5811             0
10.3531      344.9454       15.7582        4.9715       0.24538       0.49749       17.1532        3.8286             1
0.82857      563.9266        4.9245       11.4749        3.7833        3.6895        0.6097       12.6943             0
5.8624      1535.5813        19.7434         6.3305        0.82872         4.8495        238.256        14.1035              1
9.5335      980.8545       27.7638        9.7504         1.415        1.0019        5.2883       17.1148             0
0.42625      207.1229        2.4501        1.8852       0.80398        3.3927       0.31536        1.9753             1
7.6676      515.4522       29.1047        2.8023       0.16138      0.074147       14.2013       10.7534             0
9.5192      585.2973        6.0842        2.9352       0.41244       0.59909       99.5997        7.1801             1
1.7612      417.0101       11.2279       10.1088        1.1191        2.7703        1.8713        5.1186             0
3.4509      693.3847       45.7457       12.5087        0.8913        2.6053       16.8585       23.3414             1
0.26763      152.7675        3.9838        1.5584       0.38472        1.1625       0.25927        1.5751             0
3.8037       363.198       32.2426         6.374        1.0135        3.0832        1.1539         2.088             1
0.061341      49.8437      0.59768      0.41838      0.37591        3.336     0.056623      0.35232            0
4.1376      259.7015       0.89076        1.2239       0.14619       0.12749       54.0424        14.599             1
1.9731      432.9287        4.6522        3.7351       0.30378       0.45712        7.4788        6.5067             0
0.060003      93.9478       4.3225       1.8924      0.25155       1.0131      0.45233       2.2639            1
27.2645       1276.188        14.7312         7.6597        0.80887        0.58418        89.4452        11.0954              0
7.5517      789.8633        4.7465        4.1009       0.37518       0.52788       55.7061       13.2536             1
0.70601      314.9128        2.5623        1.3775       0.26374       0.60254        2.0835        2.8747             0
21.3204      1047.8648        38.5391        22.5179         1.8857         7.2811         3.2345        13.5713              1
58.6085      4141.9786        79.5368         8.1858         0.6071        0.20014         62.111        28.3002              0
11.4247      1311.0242        20.0565         7.3449        0.74613         1.5402        22.2401        14.5872              1
15.0075      360.8243       10.3234        7.4966       0.62391       0.66711       25.9549        1.7998             0
1.9909      516.0499       12.7553       10.5205        1.4346        3.5621       0.87833        6.3533             1
0.35806      866.1421        2.6854        9.5482         2.954         8.474       0.34314       15.2921             0
8.3177      1037.2767        14.7274         8.5535         1.5006         9.2609         3.3121         6.5491              1
16.3384      1045.0654        10.8557         5.6152        0.31525          1.197       147.3605         6.9127              0
37.9781      4863.8296        68.9747        10.6823        0.88019         1.2903       138.0995        48.7304              1
0.53743      177.2944        1.9389        2.1335       0.37064       0.97525        1.1536        1.2926             0
10.3515       1203.865        31.9977         8.2706        0.68971        0.76045         7.4748        17.0069              1
1.2103      368.8549        6.1133        4.9806         1.955        7.2072       0.31808        3.5454             0
6.9861      392.4243         3.362        3.3221       0.29346       0.63536       48.7428        3.6811             1
0.93656      313.0877        0.8905       10.6707        3.1475        20.113      0.076767        3.4085             0
0.80066      275.7002        6.7407        2.9344       0.78389        3.0811       0.61622         1.266             1
0.066762      84.2841       1.0081       2.6505      0.68765       1.2585      0.32046      0.96138            0
1.0142      372.2111       13.9098         4.867        1.5015        4.4874        1.2125        6.8218             1
1.6861      395.9575        6.9211         5.346        1.2548        4.2611       0.41827        3.2481             0
43.7035      1529.4724        28.3686        15.3645         1.8705         4.6019        94.1465        50.5321              1
1.1289      305.4597        8.9101        4.3041        1.5092        2.6984       0.51915        2.7044             0
3.6783      832.8731        20.344       11.0491        1.9099       12.5205        2.8578       24.7721             1
0.049951      82.3237      0.95307       1.3627      0.33567      0.82919      0.62739       1.0969            0
1.9898      690.8174        7.7767       12.2869         2.653        8.7716        1.6581        14.658             1
2.169      360.4928        6.5932        1.6416       0.24214       0.22983        4.5042        1.8571             0
3.4043      3356.7595        12.6846        11.2079          3.653         8.0989         21.654        63.4853              1
0.054162      44.6279      0.54743      0.90335      0.40235       2.4934      0.11413      0.63447            0
1.4518      657.5731        2.8717       13.0822        2.9834       16.7676       0.57434       12.0133             1
1.3028      785.7571        7.1254       13.6879        3.5868        6.0799        2.9274        9.3129             0
13.644      1083.0321        34.0268         6.8745        0.53688         1.4502        58.7231        22.2402              1
9.3834      1150.8468        51.8768         8.7425        0.94739         1.1355        20.2157        11.0204              0
3.5503      643.8079          6.89        1.9447       0.19132       0.29304        7.2484       17.5409             1
1.6494      258.8659        8.9507        4.9555        1.7813        4.6549       0.50581        5.3513             0
0.51267      384.8782        3.3435        6.6869        2.0284        6.5532       0.23404       10.0193             1
4.8363       196.234        9.2677        5.0793       0.67107       0.78292        9.1134        7.1195             0
0.18872      87.6854       1.1061      0.77554      0.20938       1.3458      0.30581      0.93808            1
0.19054      108.4917         2.642        2.0634       0.41826        1.3315       0.52979        2.1657             0
1.4011      272.7812        4.4952         2.153       0.45478        1.7402        1.2329        3.0126             1
1.7645      238.1319        4.0666        8.0632        1.7295        1.7061         0.409        4.0549             0
37.8368      1959.1432        17.1094         6.8552        0.73312        0.38084       105.8268        59.9733              1
3.6914      568.1537        15.618       10.4664        1.5509        3.9997        1.2153        9.2148             0
2.2291      581.3984       21.6359       15.7843        3.0815        8.5068        6.2941       18.2102             1
0.25333      96.0144       2.8424       2.0824      0.41834        1.104      0.20452       3.1445            0
11.6763       1169.145         4.8954         5.5703        0.29037        0.43352       160.3883         29.295              1
1.8358      234.2706        5.8997         5.227        1.5135        5.3461       0.55353        2.6906             0
3.5796      1536.7675        10.3705         7.4025          0.212        0.59776       171.1651        20.3483              1
1.4195      411.4273        7.4774        5.3101       0.83537        5.4153        2.8858        2.8332             0
9.6068      1060.0047        17.8313         6.0987          1.545         5.8547         3.5198        40.0072              1
0.018737      62.7918      0.18112      0.83067      0.36225       2.4701      0.21547      0.50589            0
7.5979      1038.0466        17.5648        13.5591         1.4214         3.2304         8.1837        14.7479              1
4.7785      640.0531       21.3591        5.8332       0.84258        2.3981        3.7238        8.2313             0
0.082035      195.3048        2.2355        2.0338       0.59475        1.6475       0.60501        2.5021             1
0.18433      89.7983        2.336       1.3456      0.32845       1.1529      0.42229       1.0624            0
2.4298      165.1668        6.0859        3.5936        0.5081       0.73802        1.8422        6.3328             1
1.0573      238.1091        1.4098       11.4191        3.3129       10.4041       0.19737        6.1325             0
0.96632      97.1238        6.715      0.91874      0.30843      0.51023       1.9835       1.4979            1
2.0381      284.9974        4.0475        1.3435       0.10687       0.88546        2.4045        3.4426             0
2.1003      1751.2569        27.4463        11.8123         2.5425         5.1482         8.4802        25.9934              1
34.8826      513.5127        8.4951        7.9156          1.08        1.9229       231.811        3.6746             0
0.26578      157.2399       0.82265        6.1762        1.0694        4.6068       0.25945        1.8605             1
0.48012      208.0548        1.5521        1.8563       0.44209        1.5497       0.69879        2.4791             0
15.6979      2516.5768        17.8748        13.4085        0.67558         2.7305       186.7988        12.0667              1
0.14897      93.4533       2.3126        1.939      0.52259       1.7995      0.33814        1.738            0
1.6973      295.6054        0.2587        1.4092       0.15985        1.2661       53.8933         3.361             1
9.1978       813.783       11.6631        9.9215       0.70114        1.7265       71.6143        8.8133             0
2.9308      817.1523       10.9188        5.6318       0.79128         1.282        6.5159        5.6362             1
0.18943      193.6811        2.4722        1.5994       0.34769       0.62345         1.139        1.6641             0
4.2984      1524.5493         7.2861        12.6697         2.2972         4.4252        24.4938         29.511              1
0.66088      126.7453        2.5749        1.3012       0.26298       0.57627       0.92615        4.3289             0
184.5832      3678.3331        54.0715        15.4304           1.02        0.84209       129.2308        99.5798              1
0.59527      234.6135        3.5377         2.957        1.2099        8.0966       0.18874        1.3551             0
0.34366       200.741        6.3151         2.664       0.21447        1.2894          1.23        2.7829             1
13.7158      1138.5201        35.7924         10.245        0.76853         1.4751        49.4028         8.4848              0
6.1559      1322.8865        14.2099         6.7625        0.30147         1.0123        33.8387        19.0705              1
0.42121      229.6464        1.1168        3.4143        1.3019        3.9249      0.095729        5.2076             0
5.0631      1560.3576         28.113         8.1542         2.1959         5.9863         1.5665        19.0777              1
0.070156      138.3203        1.1313        1.0243       0.37358        0.7647       0.29816        2.4046             0
0.14481      134.2419        1.7941        1.0005       0.37988        2.1909       0.27457        1.1603             1
0.90103      379.0581       0.47958       10.0712        2.7031        4.9702       0.77024        4.2436             0
6.6675      1075.2947        10.9697         7.5192        0.56941        0.64728         12.274         13.554              1
0.11709      100.4708       0.75513        1.5748        0.5305        1.5915       0.23897       0.94153             0
0.80638      250.3227        5.6011        2.0531       0.29951       0.66558        5.0456         4.316             1
3.008      226.0386        5.2737        2.5545       0.34659       0.53913        4.6746        5.3785             0
0.29292      278.2605        3.4285        1.3559        0.4771        1.4779        1.3314        2.4299             1
2.1377      104.8619       0.23525         3.065        1.1217        4.5549       24.0224        3.1196             0
2.36       631.206       10.7443         4.852        1.7467        7.2043       13.0888          3.54             1
0.6243       103.666        2.4295        2.0932       0.11017        0.4774       0.50833        1.0128             0
3.4999      2337.1837        18.9452        10.4998         2.3739         7.2129         3.8499         60.366              1
0.93539      744.7816       13.9502        15.563        3.3223        7.8379       0.98377        14.676             0
3.4141      839.8969       12.4003        4.7706       0.49251        1.0309        7.9928        7.1163             1
0.25463      109.9575        1.4525       0.84235       0.15534       0.43239       0.38755        2.3989             0
2.8188      1360.5558          4.374        10.6365         2.6244         2.8327         3.4576        14.7883              1
0.22681      144.9835        1.5826        2.8007       0.57084        1.5724       0.35932        2.6019             0
1.3478      355.6488        5.1218        2.4642       0.38938        1.2934        1.5738        4.9802             1
5.9497      1002.1208         1.3538         5.9613        0.44739         3.0446        31.6716        28.6793              0
0.37676      163.6408        4.7795        2.4005       0.42789       0.87732       0.25835        4.4081             1
0.15593      177.2155        1.0164        1.9549       0.50244        2.5382        3.7395        3.7135             0
6.0911      1076.3379        36.5465         7.9459         1.2811         3.9847         7.1521        11.9307              1
