1.7892      290.4616       12.2546        2.7633       0.34573       0.34321        3.3387        5.6226             0
4.8367      658.1615       11.1476        5.2608       0.25312        0.8996       16.1963       12.7381             1
34.4848      4052.5829        71.8746        17.2279        0.77212         1.1485        70.0312        14.5641              0
17.2974      2929.8144        65.4444        10.6473         1.9806         1.9206        48.6872        96.8702              1
0.78423      437.9102         8.164        6.0225        1.2769        1.8299       0.73396        8.7874             0
43.7035      1529.4724        28.3686        15.3645         1.8705         4.6019        94.1465        50.5321              1
13.6563      472.2827        1.0715        1.3509       0.20021       0.82505      110.9554        4.0725             0
41.0934      1568.9285         78.497        15.4583        0.47847         3.0825        26.4724        17.4182              1
9.5294      2500.8104        14.5333         7.5303         1.3859        10.4247         9.1492        32.4639              0
0.4223      486.2119        4.9052        8.9657        4.8564        6.9679        0.4223       14.4556             1
9.9716      560.8197        6.3451        2.1054       0.30791       0.89215       112.585        6.1635             0
1.0912      1975.7707        39.2461        10.9509         1.5406          3.094          3.017        41.9421              1
0.24042      85.9977       1.0193       2.0912      0.42074       1.1245      0.33809       2.6521            0
0.8471      401.3949        3.5074        1.5042        0.1545       0.56118        4.0899        7.8281             1
2.2023      1031.5072         3.7711        10.8607         3.6655         13.787        0.54303        14.4055              0
0.32655       256.901        2.9161        3.0761       0.31349       0.79025        1.9038        5.9269             1
1.3874      338.1204        5.8798         8.427        1.3653         2.371       0.48448        3.1638             0
0.43268      64.0872       1.8781       1.8138      0.18138      0.37222       2.0557      0.54604            1
1.2815       434.662        1.5497       12.6658        2.4885        3.4719        1.3411       10.5499             0
2.4298      165.1668        6.0859        3.5936        0.5081       0.73802        1.8422        6.3328             1
0.36762      238.5655        3.4492        2.5669       0.37721       0.73843       0.62335        6.1856             0
3.2985      687.1423       12.0029       14.0339        3.2069        6.5665        1.3286       25.8688             1
0.23218      96.8596       1.4511      0.80392      0.14366       1.2842      0.37149       1.0332            0
55.2371      1495.7003        90.9315        23.7357         1.2261        0.92339         7.0087          9.022              1
31.779       1543.681        72.1837         16.257           1.47         3.7724        10.6146         20.278              0
1.2993      255.6298       14.8425        4.5061        1.1161        4.3895       0.83291        3.0485             1
3.1474      497.0333        5.2872        4.2533       0.37952        2.9642       87.1205        8.6571             0
0.9893      458.1979        5.3442        5.5828        0.7457        2.9579       0.58662        4.7476             1
0.24007      149.4877        2.7316        2.0348       0.47781        1.2609        1.3798         2.375             0
1.597      416.4811       22.9861        7.7428        1.2556        1.9825        1.1234       10.3641             1
0.49366      146.6885        6.3928        2.8776       0.38451        1.1808        0.6425        1.6323             0
12.204      1256.5038         4.9889         4.3546        0.68107         1.7665        265.874        32.0488              1
25.4364      3938.4687        30.8216        13.9136        0.55654        0.76819       401.3782         52.033              0
0.29292      278.2605        3.4285        1.3559        0.4771        1.4779        1.3314        2.4299             1
3.1576      475.3536       11.8403        2.1797       0.29337        1.5209       26.3519        7.6946             0
1.4518      657.5731        2.8717       13.0822        2.9834       16.7676       0.57434       12.0133             1
14.4607      902.3302       13.3226        8.8136        1.1893        1.2549       49.4671       10.0539             0
1.948      530.8537       10.1616        7.0289        1.1211        4.2221        1.6061        4.7151             1
1.006      336.8476       18.6814        5.3609       0.35808       0.40923        1.3129        1.9234             0
2.1632      154.4701       13.7084        4.9513       0.78577       0.72423        1.5242        4.4306             1
6.5591      460.5941        9.7991        3.4942       0.32536       0.74094         3.907        6.8763             0
11.3138      2087.7977        62.1246         19.054         2.2472         5.3526        41.1355        53.9474              1
1.7931      595.9895        8.6051        3.9036       0.65203       0.77214       0.55766        12.706             0
0.59802      574.8618        10.522       12.2837        2.3598        8.8895       0.75965       12.7686             1
1.8337      671.4917       20.3378        7.9573        1.8782        4.2676       10.1133       11.6137             0
1.0625      361.9976        7.9117        3.1461        1.2327        2.9656       0.92836        2.2435             1
0.33084      422.4281        1.8692        5.6077        8.2378       42.4297       0.77746       12.4064             0
2.3061      988.0838       16.9009        4.5448       0.96647        2.4651        5.1382        8.5759             1
0.071664      80.5396       1.4388      0.97574      0.70286       1.3175     0.071664      0.44101            0
11.2069      701.5361        44.815       13.4183        1.6367        1.6492        3.4358       15.8421             1
3.8119      839.8124       16.7852       11.6847        1.3103        2.8156       0.54146        9.0532             0
2.2474      387.3119        6.6093        5.4039       0.42223        1.2429        7.9917        2.4414             1
4.9323      858.6652       16.0994        6.5541        1.7393        5.9659        5.3861        5.4449             0
6.4214      1048.6991         7.4752        13.7484         3.8035         7.9691         10.406        21.6682              1
0.085282       112.538       0.38959        1.1688       0.39928        1.3645       0.14924        1.2017             0
3.4043      3356.7595        12.6846        11.2079          3.653         8.0989         21.654        63.4853              1
0.763      566.2664        14.692        3.9932         1.203        4.9623       0.94679        3.5811             0
43.5199      1393.2554         4.8564         6.7404         0.3757         1.4254       341.7723         38.227              1
1.1141      534.3313        7.0299        2.7774       0.50606         1.526        2.3538        3.3266             0
0.66713      332.0408        9.6323        8.6545        1.3251        5.5838       0.43866        3.0341             1
0.20769       151.195        2.0056       0.65002        0.1633       0.60722        4.9988        4.8197             0
32.665      2710.8964        34.2205        15.0553         1.3414         4.0385        52.9861        92.6864              1
2.8641      486.4046        6.7011        7.4858        1.3183        5.0062       0.75329        2.0009             0
11.0905      4663.4925        76.4338         8.2758        0.86347          2.097        54.9144       135.3179              1
1.4151      288.2612        2.5796        1.7057       0.25058       0.86547        2.7522        1.4951             0
5.1415      416.4531        3.1597        1.6373       0.35626       0.83323       29.1708         4.429             1
1.7195      656.6819        4.8836        5.2526        1.4447        7.3018        2.3083        4.6951             0
27.6282      3578.2088        67.7902        18.1057         1.4799         3.4358       178.7534       109.8823              1
0.2224      88.1512       1.8422        1.238      0.45464      0.89157      0.48023      0.51369            0
4.2276      1198.2501        40.9075        19.4782         1.1102         1.7942         3.3865         8.2196              1
1.8463      497.1912       17.3516       13.7128        6.5965       16.7242        2.1689         8.622             0
8.2789      855.3742        5.7103        3.2708       0.29707       0.93622       95.1669       12.5549             1
2.6611      430.3004       17.9065        6.6086       0.53948       0.94927        2.6092        5.0368             0
2.7779      159.7957       11.7756        3.8701       0.38548        1.2146       0.39466        3.1665             1
0.53886      178.5091         2.664        3.1793       0.75441        1.0407        1.0542        2.4451             0
1.4484      245.0786         4.171        2.7372       0.32799       0.85917         3.039        4.8735             1
0.042487      97.4875       1.9119       1.1011       0.3399       1.0409      0.17703      0.73291            0
0.41098      214.1369        2.5282        1.4281       0.40683       0.82197        1.1043        3.1882             1
14.1997      1416.7838        14.5599        12.6536         0.8856          1.426        95.2548        47.5223              0
0.65459      256.0285        2.9486        1.2694       0.25069       0.14325        2.8511        4.8507             1
12.6044      1243.7287        24.1321         5.0812        0.59105        0.61854        22.4506        21.0257              0
4.1814      636.7599       24.8583        9.6416        1.6812        3.6353        3.9084       12.3142             1
8.7944      927.9832       0.77948        3.7129        1.2555        4.1294       99.7791       12.7632             0
56.8508      3632.6011        24.6161         8.5455        0.98634         1.8111       349.8628        30.9338              1
0.043268      89.1931       1.1178       1.5961      0.49999       1.2884      0.24278      0.87979            0
0.19801      124.6334        1.2845         1.347         0.581        1.9618       0.45855       0.79203             1
0.52527       392.006       16.6014        7.6856         2.502       10.8925        1.1473        9.8143             0
12.5133      1237.5648        51.1718         8.3287        0.40571        0.15649        10.7919        21.3752              1
0.083729      110.4642        1.1958        1.3805       0.54746        2.7588      0.075141       0.80294             0
26.5317      2479.6314        42.6512         11.047         1.0027         1.1094       245.4417          20.67              1
0.31022       181.918        5.3208        5.0499       0.73824        1.7317       0.31415        1.4529             0
1.835      521.6999       13.1803        8.4185       0.96024        1.8876        1.5193        8.4185             1
1.7645      238.1319        4.0666        8.0632        1.7295        1.7061         0.409        4.0549             0
0.30623      181.8686       0.79721        1.9133        0.4024       0.99209       13.6741        4.1329             1
0.12633      169.0471       0.99106        1.0324        0.3289         1.198       0.56632        1.1566             0
0.10867      96.8962       1.7954        1.819      0.40397       1.8899      0.06851      0.78195            1
1.6223      273.4652        3.5464        1.5766       0.48649        9.1818        6.4098        2.3094             0
0.40937      64.9968       1.6071       2.1217      0.40469      0.47955      0.17545       1.5065            1
4.061      587.7086        3.4107        6.4764        2.6941       17.8898       11.6788        7.6708             0
2.9104      151.7409        2.8942        2.8291       0.45294        1.1335         9.003        4.9451             1
1.5709      1443.4292         8.4655        11.8401         1.9637         4.9746         4.3346        19.6947              0
3.3675      365.4711       10.3078        4.2162       0.38329       0.41067        3.8158        3.9424             1
1.4719      526.2084       13.5749        4.7972        1.3643        3.5649        5.5503        2.1957             0
7.0077      3818.5023        22.3997         7.5144        0.86999              0        20.4208       111.3008              1
0.89797      291.3118       0.82187        1.4067       0.53922        1.3589       47.6902         6.588             0
2.6999      479.6782       53.4531         6.218       0.69998       0.46362       0.71816       13.0178             1
0.81427      220.0062        8.0155         8.007        1.7049        3.4182       0.38169         2.587             0
1.1256      177.4126         2.733        1.4557       0.20708       0.32394        1.5008        2.1815             1
9.8817      637.0907       12.9001        1.9869       0.33408       0.28426      132.9222        7.0362             0
3.5453      505.9165       14.3146        4.7474       0.64876       0.16028        2.1714        8.9071             1
0.10588      68.8027       0.3341       1.4234      0.51997       2.4187     0.056467      0.59526            0
0.39506       274.704        2.0543         1.349       0.18886       0.64751        1.2526        4.8024             1
14.9403      1244.1125         7.5264        17.7547         2.9752         9.1346       141.7478        27.0823              0
4.9939      567.5751       24.0891       11.3822        1.1243        2.3706        1.8912       16.0972             1
0.50455      479.9118        8.2031       13.5416        3.2715        7.9426       0.69986        9.1308             0
0.6666      256.3595        3.9617        1.7549       0.24998       0.80548        1.0277        4.5753             1
1.3095      478.5003       13.9379        2.7403       0.27061        1.0389        3.2504        4.3795             0
0.85392      234.7114        3.4672        3.9825       0.64412        1.8514       19.8832        7.4608             1
0.71689       703.828        7.6052       10.9247        2.6961        9.0702         2.213       16.9715             0
11.3717      2053.7916       145.0996        13.4781         1.5065          2.613        51.8594        45.3936              1
1.0729      251.8315        3.4631        8.8748        1.2306        3.1082        0.7021        7.5258             0
0.37676      163.6408        4.7795        2.4005       0.42789       0.87732       0.25835        4.4081             1
3.1115      292.8103         1.452        5.3933       0.97432       20.4481       34.3651        6.7259             0
12.7846      566.5152        4.6629         8.849        1.6163        4.9862        30.612        7.4348             1
0.37365      100.5937        1.5369        1.1588       0.43592        1.3434       0.25355        1.1298             0
0.022169      45.4735      0.41171       1.0356      0.30087      0.70149     0.069674      0.74266            1
0.49741      376.7693         7.544       11.3409        3.6974       13.3139       0.28186        7.1627             0
0.34366       200.741        6.3151         2.664       0.21447        1.2894          1.23        2.7829             1
0.11315      51.5666       1.0072       1.4951      0.35243       3.5744      0.24114      0.73826            0
0.40499      164.9159        1.0473        1.4297       0.26181        1.2048       28.9529        1.3602             1
1.1883      251.9994        1.2588        1.6474       0.34393         1.331        7.1108          4.11             0
4.5276      278.7346       21.6407        5.9118       0.42918        1.1947        8.2704        5.8113             1
11.9512       961.615        44.253        9.2185       0.67142        1.7121       20.3103       11.8169             0
0.082035      195.3048        2.2355        2.0338       0.59475        1.6475       0.60501        2.5021             1
0.10258       111.733        1.5372        1.0457        0.3552       0.98445       0.59404       0.78083             0
0.78384      160.1959        2.2555        2.2685       0.42825        1.1965       0.63589        3.0731             1
0.6236       597.356        9.8791       10.1581        4.0534        8.6975        1.0831       10.2893             0
0.37869      154.3011       0.60055        1.1437       0.34426        0.2123        2.5246        2.5801             1
0.41632      100.6418        3.5029        2.6898       0.50739        1.8767        0.3968        1.1124             0
2.1618      227.9967         7.282        1.7383        0.2069        0.9204        3.3162        4.5827             1
8.3991      3027.2874        42.1705        15.5097         2.1793         4.0564        92.2151         61.657              0
14.229      1269.3457         9.5551         7.3074        0.92609        0.99362       101.3441        10.5391              1
0.53611      133.9927        1.0192        3.9708       0.93672        3.0576       0.14728         2.439             0
2.2927       1070.937        29.2624        15.9402         2.5095         8.8763         1.3942        25.7925              1
0.46943      216.7166        2.2695        2.4395       0.65055        2.4322       0.16633        3.4043             0
14.8577      708.4333       22.3653        9.1916       0.73187        2.2271       22.4361        8.1686             1
1.0322       316.471        8.5789         2.891       0.77951        2.1715       0.79236        5.3238             0
4.3983      114.5835        9.7439        3.9436       0.42941       0.52729        0.6157         1.525             1
0.19463      111.6013        1.4302        1.7254        0.3652        3.2081        0.1837        1.5767             0
2.6506      412.8273        8.4565       27.6695        1.2061         4.656       10.9107        8.7791             1
2.3178      589.2258        6.2464         7.164       0.92438        2.1138         1.305       15.8572             0
0.15351      239.8028        2.9946        2.3101       0.28436        1.4671       0.58886        3.5482             1
6.2662      1191.5676        19.6146         3.7002         0.5793         1.7216        50.4562        10.3866              0
1.5061      1263.4338        24.3005         8.4861         1.1689         1.1015         4.5296        25.5931              1
2.603      1315.0819        51.9234         8.7743         4.1976              0         8.6026         7.1367              0
11.4247      1311.0242        20.0565         7.3449        0.74613         1.5402        22.2401        14.5872              1
0.7402      764.1935       14.7739       13.9884        2.7644        7.0999        4.9397       14.5926             0
0.26578      157.2399       0.82265        6.1762        1.0694        4.6068       0.25945        1.8605             1
0.11751       83.194       2.0836       2.3501      0.42703       0.9859      0.07165      0.83687            0
1.3878      695.7223        15.426         6.517       0.92735        2.4687        3.0634        7.2141             1
0.65137      327.3539       0.77101        3.9348        1.5819       10.9271       0.54502        6.9391             0
0.40777      77.2583        2.145      0.55204     0.069154      0.20508       1.8707       3.9644            1
6.5054      642.5779        16.055        4.7573       0.32202        0.4925        7.4281        6.5568             0
5.8624      1535.5813        19.7434         6.3305        0.82872         4.8495        238.256        14.1035              1
0.20561      204.7034        2.1182        2.4945       0.38795        2.0639       0.45778        2.6652             0
2.36       631.206       10.7443         4.852        1.7467        7.2043       13.0888          3.54             1
0.35753      153.6421         1.205        1.2107       0.40482       0.68479       0.70181        1.6155             0
9.5782      1980.2993        50.1919        13.7323         1.3101         1.6776       103.3875        32.3056              1
0.48303      258.1089        2.1228        1.6118       0.65082        1.6677        1.2127        2.8956             0
2.9878      592.4035       20.3403        7.1243        1.3745        1.5552        2.4328        7.9567             1
0.10702      141.0298       0.34125       0.48865       0.55326        1.2418       0.37355        1.3468             0
0.67436      227.8595          2.68       0.65345       0.34328       0.59769        9.0698        1.7425             1
0.21779      79.6916       3.2162       1.4971      0.32563       2.0046      0.16282      0.42925            0
6.7436      541.0284        7.9179        2.8984       0.42423       0.47175       21.5511        6.0683             1
0.065055      89.2771      0.84955       1.1346      0.19708       1.0658      0.30806       2.1583            0
2.1309       870.723        8.5713       16.4428        2.0991        9.1437        1.0654        9.0006             1
0.88897      216.7851        1.5089        4.6086        1.4329        5.0706        2.4798        3.5793             0
5.1755      1005.3169        10.9017         7.2719        0.18353        0.50573        35.7313        13.8015              1
1.5236      267.4645        1.9585         2.596       0.25663       0.53216        2.2367        3.0606             0
0.44565      45.1458       4.4468       2.1289      0.54252        1.584      0.48924      0.88402            1
0.4229      197.1291         1.618        1.6571       0.36314        2.2432       0.59987         2.542             0
1.1622       145.415        1.4084        1.5294       0.42565       0.90556       15.0252       0.65517             1
1.8306      577.6057       11.4826        3.1277       0.38174         2.221        9.1792        3.4096             0
0.4368       102.437        1.3587        1.8208       0.38393       0.94027       0.52646        1.7242             1
1.5546       258.934        6.3643        2.2461        0.2433       0.40721        4.8763        1.7595             0
1.9675       308.988         3.532        4.2942       0.38313        1.2611        1.3409        1.4966             1
0.099376      50.2538      0.63082      0.96999      0.31973       2.3612      0.11234      0.64594            0
24.2693      2066.4082        49.0384         8.3629        0.70321         1.0054        152.677        10.0832              1
0.93656      313.0877        0.8905       10.6707        3.1475        20.113      0.076767        3.4085             0
1.2336      139.0877        2.4912        1.1134        0.1683       0.91733        1.5813        1.3723             1
1.7612      417.0101       11.2279       10.1088        1.1191        2.7703        1.8713        5.1186             0
2.2291      581.3984       21.6359       15.7843        3.0815        8.5068        6.2941       18.2102             1
0.24328      69.3905      0.72794       1.7331      0.34323       1.4031      0.24705       1.2994            0
55.4749      2263.6839        42.4209         9.4478        0.55634        0.89412       163.3849        28.7806              1
2.0197       282.542        5.9448        5.4511        0.5549        1.2444        1.9054        2.2971             0
3.4999      2337.1837        18.9452        10.4998         2.3739         7.2129         3.8499         60.366              1
16.2069      2151.4866        19.0446        16.3532         2.1209         4.3589       184.9903        61.7122              0
1.3404      399.3607        2.3142        3.4749       0.38091        1.0852        2.5621        3.5324             1
0.25463      109.9575        1.4525       0.84235       0.15534       0.43239       0.38755        2.3989             0
2.0964      137.8677        3.4365       0.91042       0.10332       0.23958        3.9307        2.0395             1
0.15212       107.078        2.9409        2.2193       0.72938        4.4777       0.22232         1.096             0
2.2722      699.9428        9.4156       14.1311        2.7079        5.4315        5.1202       16.9325             1
15.3407      1127.5816        32.5185          8.721         1.1215        0.77348         6.7035        13.1814              0
1.645      201.6873        7.8788        4.1231       0.65799        1.1835        1.9654        6.0501             1
2.7877      653.0854       17.7011        5.9944        1.6162        8.1836       0.86368        3.9336             0
6.6675      1075.2947        10.9697         7.5192        0.56941        0.64728         12.274         13.554              1
5.7572      332.1157       10.4279        4.4387       0.44465        1.3997         5.038        5.9892             0
2.0345      613.7496        9.3482       17.9238        2.5366        6.9918       0.68244        6.8888             1
1.2429      288.3065        3.3992         2.578       0.54186       0.79603        6.2341        4.7259             0
5.2984      1039.7338        34.3087         11.171        0.58234         2.0095         6.3565         11.901              1
0.33836      138.4283        2.4092        1.4048       0.29767        1.4991       0.13277        1.4969             0
1.9479      266.8116        7.9758        5.3961         0.995        3.3798         1.174        4.7855             1
0.76383      638.9299       11.2301        5.7316       0.62389        1.7084        1.0087       16.9442             0
14.3736      1412.7304        33.6001         6.2625        0.69904        0.81458       154.1758        18.1288              1
0.87437      678.1546       11.3258        9.3585        3.1559        4.6451       0.60113         9.659             0
1.8604      343.8708        3.8872        4.8382       0.94581        1.5019       0.97699         4.251             1
0.36157      151.4358        3.6805        1.8483        0.4749        2.9087       0.24554        1.6001             0
0.15168      35.0969      0.82084      0.99631       0.1725       1.6298     0.041637      0.35243            1
9.9004      1322.8456        56.3444        14.3833         1.5427         1.8331        21.4797        20.1548              0
5.712      659.3159        9.5978        2.7309       0.35535        1.5431        1.3326         5.508             1
2.1366      679.9928        2.9886        8.4789        7.1672        5.9907        1.4064        9.2227             0
10.9728      827.3818       25.4513        7.1466        0.5559       0.97658       13.7573        5.7744             1
0.043409      87.4119      0.76182       1.6712      0.30169      0.95499      0.14325      0.96367            0
1.184      244.0403        3.9241        13.041        4.5838        7.0025        0.1184        6.7827             1
4.4551      2155.8109        10.1831           6.95         2.3167          4.697       108.3105        56.4656              0
0.97967      514.0245        7.3043        3.3904       0.51865        1.0949        2.6413         5.076             1
0.9584       504.565        1.8826       13.2465        3.5427        7.9411       0.75303        12.271             0
1.6879      590.3188        7.7455        3.2733        1.3172       15.6565         1.049        4.4406             1
0.26713      172.2039        5.4139          6.34       0.64112        1.2422        0.5031        2.8049             0
1.3985      516.1713        10.685        3.5793       0.55182        2.6382       0.97136        5.2612             1
0.10302      70.6212       0.5488      0.94963      0.38959       1.7607        0.118      0.62372            0
1.8952      471.1029        7.8589        1.7404         0.205       0.86391       13.9962       10.3649             1
0.05366      46.1837      0.44717       1.2074        0.474         2.56     0.015651      0.54555            0
0.77665      444.2765        3.1413        3.8529       0.61611        2.2692      118.9397        7.6927             1
84.2163      761.5794        5.8951       13.5572       0.72657             0       40.9027       14.6801             0
3.878       804.113        5.7503        5.8909        1.2951        4.4996        2.1166       16.0743             1
0.29133      139.3254        1.6836        1.8293       0.60299        4.3361       0.12534        2.0495             0
2.3434      238.1943        4.4761        1.2407       0.19801       0.32699        2.9847        4.2399             1
0.4032      76.2947       2.2848       2.3993      0.32356       1.4759     0.072178         1.13            0
82.2068      3803.0537         4.6756         7.6091        0.63541          2.907      1010.2303        50.2031              1
0.30947      153.6976        2.9279        2.1349       0.51498        1.3443       0.73984        2.3718             0
2.1602      297.7204         8.311        5.5248       0.56395       0.55439        4.8461        5.9501             1
0.12929       95.531      0.35554       1.4488      0.37265       1.3518      0.19963      0.71678            0
5.8859      366.2713        1.1628        1.7198       0.17667       0.32089       80.4255        3.8056             1
0.63244      698.0379        8.6283        4.0431        2.6088         6.844       0.74538       10.0062             0
2.9308      817.1523       10.9188        5.6318       0.79128         1.282        6.5159        5.6362             1
9.5796       653.955       13.1266        3.9479       0.43526       0.49253       31.1671        9.2054             0
1.784         356.7        4.8286        3.7265       0.30129       0.72416         8.986        8.3067             1
0.73536      318.5059        9.8966        2.6005       0.74358         1.672       0.52174        2.6703             0
3.7013      218.5419       0.50332        2.9502       0.30715       0.85435       45.4692        3.3193             1
0.050863       128.565       0.45335       0.77401       0.63911        1.5126       0.10394        1.1367             0
0.80349      608.7791        26.301        8.4099        1.2106       0.85706        1.9712        8.5063             1
16.9051      1748.9984        48.9088          9.295        0.81437         3.3417        21.9879         9.2389              0
0.86222      147.8817        4.6022        2.6426        0.4871        1.3605       0.66626        2.9674             1
0.36279      194.7415        3.3362        2.8163       0.68445       0.64704       0.39645        2.3376             0
0.39838      127.1779        2.3834        1.6511       0.34542        1.4484       0.82439        2.2176             1
0.023023      61.3925      0.47389      0.61011      0.47389       1.4984     0.044127       0.5372            0
0.07596      219.8574        2.0224        1.4314       0.39642       0.84268       0.57208        1.8705             1
0.44554      183.6252        1.7822        2.3296       0.41642        2.5422        0.7979        2.8975             0
3.4141      839.8969       12.4003        4.7706       0.49251        1.0309        7.9928        7.1163             1
2.0765      384.8936        9.2451        5.2382       0.89217        2.6504       0.73564        4.4191             0
4.0371      356.2751        2.9974        2.4133       0.20749       0.33831       20.4788        4.6754             1
0.69709      188.3939         3.053        2.1396       0.36135        1.2377       0.43533        1.1466             0
3.5503      643.8079          6.89        1.9447       0.19132       0.29304        7.2484       17.5409             1
6.3995       243.537       14.3439        5.6087       0.67556        1.4035       11.5945        4.7289             0
9.7409      1279.8365        34.5717        14.6541         1.9396         4.4518        44.9193          32.82              1
0.82195      408.4408        5.7746         6.088         1.024         6.499       0.53636        4.2909             0
3.6783      832.8731        20.344       11.0491        1.9099       12.5205        2.8578       24.7721             1
0.50193      366.8823        2.2757        1.0379       0.39595       0.38995        1.4958        3.5115             0
7.7779      1778.5168         19.837        11.0504         1.1207         2.2191        11.6893        28.6684              1
0.83509       403.465        4.8347        3.1743         1.216        3.3355       0.96694        2.9057             0
28.0563      2084.0157        55.1631         8.2011        0.79613        0.53715        99.9669        43.6624              1
0.28134      207.4237         1.984        1.1084       0.26437        2.0737       0.29105        4.3948             0
5.6603      548.3974        68.308       17.3013        1.0039       0.96118        6.8564        9.9109             1
0.44093      475.7045        4.6342        5.1201       0.85486        1.4218       0.50391        6.5959             0
79.1844      2695.2012          5.395        18.3474          1.838         3.0705       651.3797         81.163              1
1.0528      152.2592        0.7615        1.7962       0.42596       0.54249       54.4058        2.0072             0
22.1543      1547.1974         28.756        10.8244          1.078         2.2154        34.1682        50.1818              1
0.093424      86.1666       2.5449       1.1099      0.32511      0.92863      0.22422       1.1472            0
0.87011      277.4862        2.4025        2.4242       0.47615       0.59941        1.2762        4.5898             1
0.44646      284.6699        3.8596        1.7832       0.51778        1.4688        1.1227        2.9931             0
2.9183      1332.4462         73.896         8.1255        0.50927        0.45205        17.4526        20.0447              1
1.7368      451.4692         7.797        7.6233       0.84979        2.4253         1.346        6.1843             0
2.074      521.0463        9.4041        3.9738       0.45912        2.7072         1.037        4.0054             1
8.258      1137.7474        25.6675         6.8494        0.82722         1.6544         6.8069         9.4256              0
23.9722      2761.6566       120.2273        19.4617         1.0189           1.66         79.312        35.8324              1
2.1011      668.6056        4.6643        3.8379       0.89178        2.4419        4.7997        5.3694             0
5.6985      525.1234        22.814        4.4084        0.4746       0.51804        7.1189        8.0013             1
0.595       285.619        3.5441         4.553       0.52774        2.8198       0.81747        4.3461             0
3.9567        836.83       17.0034        7.7244        1.0715        2.6472          6.94       10.1404             1
0.25736      155.1478        1.4003        1.2565       0.36585        4.4861        2.3061        2.3086             0
1.4221       288.962        1.8738       12.0289        4.9521       21.4145       0.13384       10.0046             1
0.25786      109.1528        2.1409        1.2748       0.32867        1.1131       0.32867        1.1349             0
1.2387      201.9711        1.6949        1.4743        0.2319       0.44494        1.8872        3.3502             1
0.71385      146.7526        1.3492        4.7257        1.5705        9.0302       0.29268        3.5407             0
13.5394      1130.7205        16.4122        10.0457         2.4929         7.5991          3.364        14.3364              1
0.26396      138.3308         1.324        2.2351       0.48321       0.97068       0.66841       0.51301             0
13.7562      3463.5307        43.3261         9.4843        0.73484        0.48009        17.7341        72.9842              1
0.44785      424.2401       10.8884        9.9367        3.5688       11.3782       0.62979        6.5918             0
0.11617      94.1309       2.1751       2.0465      0.34603        1.221      0.22245       1.2012            1
0.74599      220.1634         5.312        2.9119       0.61265        1.6974       0.80725        3.2542             0
9.3608      510.1385       74.6374        9.1119        1.0901        1.5759          1.41       22.3474             1
0.55693      136.1602        2.8664        1.6192       0.28169        1.0537       0.29889         1.101             0
1.6741      207.6862        2.9335         2.128       0.31859        1.1992       0.63719          1.62             1
3.1882      713.1337         7.945        1.8725       0.26624       0.69665        7.2239        3.4211             0
0.89017      176.3895        2.2912        1.9733       0.37492        2.9205        7.2858        4.4399             1
2.2014      785.1845        9.8069        7.0717       0.39704        1.1426        2.6116         9.026             0
5.3801      831.5846       22.6851        4.9415       0.15364       0.23464       16.5396        9.8662             1
0.52204      658.8398       12.5417        8.5054        2.5593        5.4751        1.7826       14.9736             0
5.3164      852.2807       15.4148        5.8742       0.99356        2.5217        8.1228       16.5885             1
3.6585      240.1693        9.8286        3.2462       0.31359       0.86527        4.0766        2.9529             0
8.0425      1345.5781        18.7266         5.0016        0.41467         1.3106        12.7369         11.283              1
3.9864      870.3313       11.8755        11.298        1.8256        4.1634       0.77307        7.5072             0
13.9384        784.51       24.8451        6.6989        1.1177        4.2517       13.1494       14.4571             1
0.48434       89.683       2.0464       1.4356      0.31635       1.5534       0.1069      0.61306            0
0.80638      250.3227        5.6011        2.0531       0.29951       0.66558        5.0456         4.316             1
3.0975           650       35.1654        9.3835        1.6529        3.6311        4.7894       13.1447             0
12.7745      1570.3054        15.3965        12.9936        0.77359        0.40391        69.9859        18.1349              1
0.18943      193.6811        2.4722        1.5994       0.34769       0.62345         1.139        1.6641             0
5.1865      603.0085       17.3169        2.4359       0.33925       0.94134        19.765       11.3816             1
0.16965      149.5294         0.995         1.144        0.3714        1.0248       0.26136        1.8914             0
0.74791      71.3591       1.4344       3.0634      0.38932       1.0911      0.18442      0.71462            1
1.9848      574.5656         3.407       13.3311        2.4849        3.0163        1.2815        7.8455             0
21.3204      1047.8648        38.5391        22.5179         1.8857         7.2811         3.2345        13.5713              1
16.2143      1415.7793        60.8625         9.2469         1.1648         2.3939       244.5789        13.8775              0
35.0857      2912.2256        85.0543        34.8928         2.2501         3.1662        59.0333        12.3917              1
0.12533      51.3321      0.65523       1.7612      0.37159       2.1262     0.090149      0.57827            0
8.6746       1505.465        33.9674        10.6585        0.79517        0.96384        18.6584         23.333              1
0.12601      84.1148      0.68821       1.3522      0.61794         3.79      0.17932      0.58886            0
0.42635      141.6926        2.6916          1.55       0.25103       0.85868        2.2493        2.5103             1
1.4901      547.0528        13.998         7.744        1.2185        1.7323        1.6149        7.0247             0
16.5428      1108.5737        11.1675         6.2562        0.78632        0.73476        71.6196        10.2351              1
3.1431      913.0029        9.6044       12.2973        1.2756        1.2006        4.6105         9.346             0
4.5317      1974.3562         9.4378         10.788         1.7512         3.7029         7.3123        24.1827              1
0.20487      81.6999      0.95119       1.1749      0.34285       1.8459      0.18815        1.662            0
0.51267      384.8782        3.3435        6.6869        2.0284        6.5532       0.23404       10.0193             1
27.2218      2645.7471        63.8523        15.7457         2.0962         2.0189         36.418        52.6661              0
5.968      867.9315        5.8368        8.0249       0.44856        1.1597       15.8309       13.7084             1
4.6019      193.6493       10.3373        2.9554       0.15566       0.25432        7.6187        2.7318             0
43.4911      775.1548       80.5478       10.7953        1.1116       0.32065        5.6862       18.4909             1
4.0655      1358.2491        22.4713        16.3572         4.2084         7.7022         3.4938        28.0137              0
2.3717      215.0602         2.258        1.3402       0.19087       0.69647        8.0267        1.0214             1
10.578      2464.4765         45.792         6.6848         0.6134        0.58419        22.4954         44.632              0
18.727      1720.3377        35.2574        12.1616         1.3809        0.89638        21.2546        12.9126              1
9.1354      346.7263       31.1087        3.6084        1.4878        6.6647       25.3394        4.7326             0
0.10521      69.9553        1.039       1.8844      0.28934       1.6083     0.043212       1.4899            1
0.59233      124.2107          1.57        5.7449        1.6985        5.4666      0.085638        2.0268             0
12.1669      614.9986         5.637         3.235       0.47442        1.1394      231.9931         6.937             1
1.5276      507.3464          3.58         5.985        1.7939        7.7711       0.63454        4.6376             0
0.57631      384.5022        8.3413       11.4503        2.6692       11.2228       0.19716       12.6181             1
0.063222      58.7231       1.0137       0.8514      0.48892       2.2992     0.088511      0.16016            0
0.25342      202.3294        6.3312        1.1159       0.17921       0.50263       21.1049        1.7641             1
2.1161      360.4988       24.7852        6.0216       0.50264        1.0656        2.9354        5.1873             0
10.5995      1066.2396         8.3684          4.937        0.35264        0.72901        92.0254        17.0522              1
0.20407      98.3081       1.2323       6.0908       1.4285       6.8914      0.10204       2.9983            0
33.356      1708.4895        72.4841        22.6249        0.98369        0.10569        10.8937         16.552              1
4.0986       643.175       18.0433        8.1007        2.1505         8.525         0.839        6.7699             0
11.0053      1040.3976        28.8697         8.8072         1.1689        0.91895         6.3591         8.3808              1
0.91005       611.581        4.8991       12.2401        3.3065        6.3096       0.56119        14.136             0
2.9028      1376.3292        21.4024        10.1991         1.8515        10.3403         1.6005        23.7874              1
3.3315      387.5402         8.971        3.8578       0.95304         4.902       0.59254        5.7928             0
0.62397       792.889        4.7095        8.7653        4.3975       10.5927       13.6531       12.4794             1
13.8458      1199.0443        23.1204         6.4018        0.51281         1.3013        19.1172         9.4676              0
1.3687      582.9715        2.7201        9.1479        3.8636       18.3305       0.27721        7.9351             1
0.46048      199.6711         6.095        2.0965        0.3309        1.3282        5.6438        3.8019             0
1.0142      372.2111       13.9098         4.867        1.5015        4.4874        1.2125        6.8218             1
0.83161      200.6301         9.484        1.5869       0.29302        0.7016        3.2583        3.2439             0
2.6682       489.493        8.5531        4.5772       0.66705        2.2908        2.3303        7.9431             1
3.008      226.0386        5.2737        2.5545       0.34659       0.53913        4.6746        5.3785             0
0.02344      72.2689       2.0908       1.3712       0.4266       1.5822       0.1172       1.1321            1
0.38564      208.0229        2.3612        1.0893       0.19282        1.4326       0.26386         1.409             0
12.6624      1116.0082        47.2987          8.796         1.1921         2.4165        16.7006        28.4608              1
1.8752       246.092        3.8602         2.794       0.31211         1.221        1.0537        2.7965             0
0.92253      177.4259         2.889        6.2757        0.2711       0.73236        1.1491        7.5219             1
0.20571      207.1272        4.3011        2.9846       0.44133        2.6181       0.23189        0.6433             0
0.58532      128.3876        1.5218        1.6121       0.34875        1.7852       0.52435        2.6535             1
0.24547      94.4981      0.74427       1.4512      0.28867       1.3373      0.18656       1.8145            0
27.2499      1605.7487        32.2305         7.6494        0.90131          2.464       107.2029        10.6869              1
1.5205       320.519        5.8646        7.1099        1.7956        3.6998       0.88331        3.4391             0
0.85204      288.5756         2.105        9.4059        3.6588       11.5945       0.13365        7.0001             1
0.82659      152.8795        5.3797        1.4647       0.26113       0.49477        2.1342        3.3653             0
4.2098      1613.6546         17.452         3.5578        0.21497        0.35828        14.8759        29.1034              1
0.36679      115.0818        2.7976        1.6061       0.26883        1.4102       0.03873        1.0935             0
3.9489      520.0548        1.4426        2.3509       0.19429       0.76258      129.4733        4.8742             1
0.20266      79.1247      0.67423       1.4186       0.2806       1.0951      0.31958       1.2315            0
21.3317      2433.2204        26.7367         9.0247        0.68177         1.1175       159.6399        25.4434              1
0.52609       799.776        6.6479        8.4972        3.6508       17.2017        1.0203       17.7119             0
11.2236      1367.9162        20.1056          8.817        0.71548         1.5032        12.7123        20.7271              1
0.44881      161.4301        1.8933       0.73881       0.10771       0.33971       0.47367        3.3115             0
0.13194      138.9139       15.6814        2.9828       0.77168        5.4377       0.27189        1.3794             1
0.19268      258.0362        2.1808        2.2486       0.25398       0.57365       0.70502        3.6017             0
0.046901      58.0689      0.27638       1.0034      0.35176      0.75377     0.061977      0.32998            1
0.50754      281.4462        5.9345        2.3665       0.44639        1.7061        1.1985        4.8277             0
0.28256      56.7535      0.68071       2.4146      0.47521       1.6311      0.11559       2.3735            1
14.8264      1718.2617        10.9261          6.917        0.44836              0        71.1633        31.5203              0
1.9898      690.8174        7.7767       12.2869         2.653        8.7716        1.6581        14.658             1
1.0183      136.0692        7.1611        4.9543       0.46655       0.61466       0.98494        2.7512             0
0.55061      116.0781        2.6658        1.2393       0.34116        1.4392         3.867        1.8676             1
0.051771      79.8316      0.79908      0.98591      0.54248       3.1491      0.18007      0.88237            0
15.6979      2516.5768        17.8748        13.4085        0.67558         2.7305       186.7988        12.0667              1
