0.57803       193.717        4.8422        2.5124       0.20789        0.9583       0.49183        1.9825             0
0.23059         290.5         2.347        1.0731       0.32877       0.85845       0.94521        4.2032             1
0.028024      33.4765      0.14946       1.0042      0.67023       2.9588     0.023353      0.39233            0
0.21392      81.6429       1.1665       1.2945      0.36933      0.55399      0.51742       1.1793            1
0.071456      80.1967      0.91842      0.88479      0.46867       1.9188      0.14922       1.0802            0
4.7072      199.1847        4.8663        2.8165       0.25557       0.73542       22.5634        2.5531             1
8.1417      332.0971        2.9146        1.5056       0.20267       0.75665       57.8971        12.089             0
24.2693      2066.4082        49.0384         8.3629        0.70321         1.0054        152.677        10.0832              1
2.3029      1101.3048         6.3086        11.6442         2.8219          6.779         4.7355         21.537              0
0.15168      35.0969      0.82084      0.99631       0.1725       1.6298     0.041637      0.35243            1
0.066762      84.2841       1.0081       2.6505      0.68765       1.2585      0.32046      0.96138            0
20.9708      3784.8966        48.6657         8.3209         1.5594         1.1851       242.9667         75.687              1
5.7572      332.1157       10.4279        4.4387       0.44465        1.3997         5.038        5.9892             0
0.74791      71.3591       1.4344       3.0634      0.38932       1.0911      0.18442      0.71462            1
14.7558      3044.4608        29.6517        16.2538           2.17         8.4139         83.089        78.6651              0
9.3608      510.1385       74.6374        9.1119        1.0901        1.5759          1.41       22.3474             1
3.1474      497.0333        5.2872        4.2533       0.37952        2.9642       87.1205        8.6571             0
1.5433      470.1892        1.9795        3.9254       0.38583       0.37745       0.59553        3.7493             1
0.054162      44.6279      0.54743      0.90335      0.40235       2.4934      0.11413      0.63447            0
11.4247      1311.0242        20.0565         7.3449        0.74613         1.5402        22.2401        14.5872              1
0.36544      109.8136        3.7337        4.0155       0.77492        2.8091       0.14089        1.3341             0
1.3753      271.5591         2.952        2.4997       0.35822       0.99621       0.44712        1.8591             1
0.33084      422.4281        1.8692        5.6077        8.2378       42.4297       0.77746       12.4064             0
1.0625      361.9976        7.9117        3.1461        1.2327        2.9656       0.92836        2.2435             1
32.9165      1710.1121        95.4876        11.1341        0.98155         2.4291        39.2123        16.4781              0
0.10521      69.9553        1.039       1.8844      0.28934       1.6083     0.043212       1.4899            1
3.6585      240.1693        9.8286        3.2462       0.31359       0.86527        4.0766        2.9529             0
2.0814      478.2227        6.0544        7.5784        0.5752        2.2593         1.097        5.8587             1
0.70601      314.9128        2.5623        1.3775       0.26374       0.60254        2.0835        2.8747             0
0.81593      738.4749        6.3119        9.4216        2.7865        7.1432       0.46185       10.0374             1
1.4787      547.4946         4.304        6.8758       0.70764        1.7374        3.1316        5.4129             0
2.074      521.0463        9.4041        3.9738       0.45912        2.7072         1.037        4.0054             1
1.6069      368.6962        5.2505        3.1385       0.35418       0.91826       56.3285        5.0832             0
0.10867      96.8962       1.7954        1.819      0.40397       1.8899      0.06851      0.78195            1
0.81394      301.0982        6.1759        3.0418       0.86848        2.1523       0.40277        1.7957             0
0.97967      514.0245        7.3043        3.3904       0.51865        1.0949        2.6413         5.076             1
1.8463      497.1912       17.3516       13.7128        6.5965       16.7242        2.1689         8.622             0
2.2927       1070.937        29.2624        15.9402         2.5095         8.8763         1.3942        25.7925              1
0.41721      203.1793        2.0249        1.9638       0.46239        1.7751       0.94869        4.1668             0
6.6637      894.9367       14.2959        4.0243       0.25488       0.34833       61.8251        17.108             1
0.018737      62.7918      0.18112      0.83067      0.36225       2.4701      0.21547      0.50589            0
2.105      129.5818        1.5022        2.8067       0.47798       0.92299       23.1761        3.6802             1
1.862      477.7957        3.6288        3.7558       0.64318         2.406        2.3901        4.9866             0
4.6646       455.895        4.4311        5.5942       0.53528        1.4931       54.7834       15.9335             1
33.4107      1964.5224        54.9924        13.6656         1.0495        0.34483        19.2353        28.0434              0
11.3178      2144.1869          39.14          9.799        0.81892         1.8128        20.9418        43.6825              1
1.6494      258.8659        8.9507        4.9555        1.7813        4.6549       0.50581        5.3513             0
0.55061      116.0781        2.6658        1.2393       0.34116        1.4392         3.867        1.8676             1
0.12126      65.0142       1.5158       1.9596      0.46323       3.4318      0.08731      0.79549            0
0.17498      174.9937        1.8363        1.0611         0.254       0.82408       0.58702        1.3114             1
13.5551      1175.3194        20.4987         8.9496        0.78406         1.9001        43.1235        14.2403              0
3.3602      560.1755        3.9767        2.1414       0.21014       0.42829       10.1468        6.8506             1
2.6106      1819.2762        25.1667        11.5566          2.929          7.195         6.7652        11.5089              0
0.80066      275.7002        6.7407        2.9344       0.78389        3.0811       0.61622         1.266             1
0.89528      312.1783        2.8954        1.3486       0.34399       0.98412        3.3875        4.8728             0
0.96632      97.1238        6.715      0.91874      0.30843      0.51023       1.9835       1.4979            1
21.7364      2282.3209        77.8752          7.964         1.3544         2.8804       309.2786        56.8732              0
0.29915      107.9596       0.75958        1.5452       0.56448        1.2278       0.25233        1.1836             1
0.10302      70.6212       0.5488      0.94963      0.38959       1.7607        0.118      0.62372            0
0.7519      174.6316        3.3213        2.3503       0.40831        1.0482       22.5942        6.0002             1
6.9322      1106.9358        11.3622         4.6776        0.68479         1.7752         9.7451        11.7204              0
0.92253      177.4259         2.889        6.2757        0.2711       0.73236        1.1491        7.5219             1
0.72294      277.8604        6.1883        7.9451        1.9302        4.1207       0.49883        5.4365             0
23.9722      2761.6566       120.2273        19.4617         1.0189           1.66         79.312        35.8324              1
0.22143      118.0292        1.8272        1.7882       0.39447         1.563       0.23631        1.9817             0
0.52585      272.5554        2.6646        1.1681       0.26397       0.58197        2.7436        4.0239             1
0.13021      106.3997        1.7978        1.8503       0.48199        1.6767        0.3061        1.6424             0
6.1284      584.3062       26.8418        6.1414        1.3294        3.1971        6.7639        9.8833             1
0.48434       89.683       2.0464       1.4356      0.31635       1.5534       0.1069      0.61306            0
1.3878      695.7223        15.426         6.517       0.92735        2.4687        3.0634        7.2141             1
0.24328      69.3905      0.72794       1.7331      0.34323       1.4031      0.24705       1.2994            0
0.080727      50.9572      0.86493       1.0887      0.62275       1.7206     0.066888       0.5351            1
0.045946      110.7149        1.0192        1.2029       0.40516         1.416       0.17752       0.96069             0
2.8188      1360.5558          4.374        10.6365         2.6244         2.8327         3.4576        14.7883              1
0.82857      563.9266        4.9245       11.4749        3.7833        3.6895        0.6097       12.6943             0
6.0911      1076.3379        36.5465         7.9459         1.2811         3.9847         7.1521        11.9307              1
13.3328       860.938       15.9758        9.8403         1.817        2.3834       19.5863         8.747             0
3.986      531.6516       15.7381         5.664       0.25961       0.29444        4.5052       17.6757             1
0.18134      110.4584       0.92226        1.5026       0.67874        2.2331      0.046631       0.81345             0
0.66505      263.4144        5.4078        4.8492       0.46364       0.61565       0.70686        3.4925             1
0.082991       69.651      0.82638       1.0383      0.30901       2.0042      0.16951      0.38494            0
1.597      416.4811       22.9861        7.7428        1.2556        1.9825        1.1234       10.3641             1
25.8489       1713.085        20.9233         8.8763         0.3539        0.57779        23.4294         8.3057              0
6.345      581.6677       11.8317       11.5363        3.0529        8.0754        1.6038       10.3686             1
0.045955      72.1332      0.65547        0.982       0.5563       3.0258     0.036281      0.31685            0
3.4043      3356.7595        12.6846        11.2079          3.653         8.0989         21.654        63.4853              1
16.9502      521.6598        8.7459        3.9985       0.31092       0.25743       74.0362        6.2452             0
1.6879      590.3188        7.7455        3.2733        1.3172       15.6565         1.049        4.4406             1
0.52609       799.776        6.6479        8.4972        3.6508       17.2017        1.0203       17.7119             0
3.7524      189.1291         8.022        3.6746       0.46273        3.1847       0.45107        1.7498             1
0.9584       504.565        1.8826       13.2465        3.5427        7.9411       0.75303        12.271             0
28.0563      2084.0157        55.1631         8.2011        0.79613        0.53715        99.9669        43.6624              1
0.086219      88.5154      0.55912       1.6564      0.77336      0.98237      0.17505       1.1731            0
0.34366       200.741        6.3151         2.664       0.21447        1.2894          1.23        2.7829             1
0.36762      238.5655        3.4492        2.5669       0.37721       0.73843       0.62335        6.1856             0
0.53817      111.3587         4.615        2.3468       0.34649       0.97558        1.0174         2.568             1
0.14463      102.4111        2.4566        1.4161       0.37563       0.96819       0.60662        1.2353             0
5.0631      1560.3576         28.113         8.1542         2.1959         5.9863         1.5665        19.0777              1
0.021656      73.6555      0.89331      0.59554       0.3465       2.6402     0.068577      0.64426            0
2.0495      352.7675        3.5153        2.3445       0.40059       0.71112        1.8228        6.2355             1
1.3335      327.6899       12.3711         3.646        0.3986       0.76788        2.6759        2.1366             0
0.21312      53.6786       1.9942       1.1322      0.34061       1.0998       1.1759      0.73639            1
9.1354      346.7263       31.1087        3.6084        1.4878        6.6647       25.3394        4.7326             0
3.4999      2337.1837        18.9452        10.4998         2.3739         7.2129         3.8499         60.366              1
0.83509       403.465        4.8347        3.1743         1.216        3.3355       0.96694        2.9057             0
2.9104      151.7409        2.8942        2.8291       0.45294        1.1335         9.003        4.9451             1
4.0655      1358.2491        22.4713        16.3572         4.2084         7.7022         3.4938        28.0137              0
3.9567        836.83       17.0034        7.7244        1.0715        2.6472          6.94       10.1404             1
0.68319      270.4654        2.5809        15.106        2.6416       10.8095       0.12146       10.5362             0
3.8218      796.5619       14.6475        2.7494        0.2607       0.37895        6.7889        9.1244             1
9.5294      2500.8104        14.5333         7.5303         1.3859        10.4247         9.1492        32.4639              0
35.0857      2912.2256        85.0543        34.8928         2.2501         3.1662        59.0333        12.3917              1
15.0075      360.8243       10.3234        7.4966       0.62391       0.66711       25.9549        1.7998             0
0.76236      87.2951       4.4283        2.133      0.29385      0.81373       1.7179       2.4391            1
3.5282      422.6081       27.1373         6.507       0.41197       0.22711        3.0422        3.2113             0
2.6682       489.493        8.5531        4.5772       0.66705        2.2908        2.3303        7.9431             1
5.0722      418.3156        8.4736        1.2505       0.17322       0.61892       13.9644        4.4732             0
0.07263       93.825      0.83415       1.2655      0.40717        1.358      0.22669       1.1995            1
0.93539      744.7816       13.9502        15.563        3.3223        7.8379       0.98377        14.676             0
4.0924      492.0539       15.0386        4.1137        0.8078        1.4911       19.2235       18.9673             1
25.4364      3938.4687        30.8216        13.9136        0.55654        0.76819       401.3782         52.033              0
7.7779      1778.5168         19.837        11.0504         1.1207         2.2191        11.6893        28.6684              1
11.1468      661.5188        5.9659        1.8729       0.19801       0.13977       13.5602        7.1633             0
1.4302      277.6014        4.9416        2.7023       0.59465       0.77154        1.0312        4.0158             1
5.2131      492.8316        5.8768        2.7744       0.17038       0.58997       13.4829        4.5672             0
0.80349      608.7791        26.301        8.4099        1.2106       0.85706        1.9712        8.5063             1
1.3874      338.1204        5.8798         8.427        1.3653         2.371       0.48448        3.1638             0
3.4306      495.8642       15.3328        6.6652        1.0642        4.4178        1.8833        2.9125             1
0.071065      57.0559      0.44696      0.79294      0.41891       3.4934     0.063585      0.44135            0
1.3654      369.5764        3.2392        2.4799       0.53291        1.5291        1.0937        5.0086             1
0.44269       159.032        3.5944         2.328       0.32816        1.3479       0.72901        3.2618             0
0.44565      45.1458       4.4468       2.1289      0.54252        1.584      0.48924      0.88402            1
0.4605      160.7701        3.2175        2.4729       0.41564         2.144       0.25118        1.3456             0
5.3954      455.0095       20.6293          7.86       0.28762       0.22811       44.1496        5.9557             1
13.6653      1391.4644        38.2042         5.9132         0.2936        0.58205        23.3645        10.5284              0
0.57133      465.8938         6.016        4.3916       0.85273        1.6841        1.2322        8.1308             1
0.085282       112.538       0.38959        1.1688       0.39928        1.3645       0.14924        1.2017             0
0.54036      625.2755       14.7519        6.8194        1.5887        1.3293        1.7292       17.5726             1
9.0526      3002.4694        24.7348         8.5577        0.96918         3.3406        51.9647        24.8276              0
5.7406      2379.8621        93.6846        13.5395         2.2403         4.9146        43.5029        76.1826              1
0.18228      135.9172        2.1874        1.5969       0.38254        1.6149        0.4647        3.5764             0
4.2984      1524.5493         7.2861        12.6697         2.2972         4.4252        24.4938         29.511              1
6.4522      797.8657         8.486        2.9786       0.61469        3.0116       69.8191       10.2187             0
3.4141      839.8969       12.4003        4.7706       0.49251        1.0309        7.9928        7.1163             1
0.82119      652.5729         4.628        5.3729       0.63936         1.701         1.572       14.3767             0
1.9898      690.8174        7.7767       12.2869         2.653        8.7716        1.6581        14.658             1
0.49463      214.7316        3.8739       0.95133       0.23054        1.7859        2.0369        1.4299             0
0.24503       126.102        1.5983        1.5444       0.34619        1.1397       0.29449         2.493             1
13.4553      1452.6257        67.4876        14.4923        0.58788         1.0767        37.9284        18.3763              0
6.1877      443.3909       10.3428        5.5373       0.45787        1.0099         8.875        4.7499             1
0.042487      97.4875       1.9119       1.1011       0.3399       1.0409      0.17703      0.73291            0
2.9374      215.1811        4.6506        1.2283       0.19592       0.37238         6.921        6.3555             1
0.43939      70.7952       1.6912       1.1734      0.21118      0.76468       0.8328       1.2449            0
7.0077      3818.5023        22.3997         7.5144        0.86999              0        20.4208       111.3008              1
1.7274      1265.1187         8.2515        12.6318         1.7428         5.6758         2.4523        10.8118              0
14.3736      1412.7304        33.6001         6.2625        0.69904        0.81458       154.1758        18.1288              1
0.595       285.619        3.5441         4.553       0.52774        2.8198       0.81747        4.3461             0
1.3687      582.9715        2.7201        9.1479        3.8636       18.3305       0.27721        7.9351             1
0.034209      34.1575      0.21808      0.45042      0.42904       2.8807     0.028507      0.28222            0
0.31202      128.1192         3.972        4.6846        1.0499        3.3015       0.24878        1.9818             1
0.52204      658.8398       12.5417        8.5054        2.5593        5.4751        1.7826       14.9736             0
2.9286      460.3115        3.2754        1.5644       0.20639       0.81317         8.435        8.9097             1
0.10201      68.4324      0.80755       1.0643      0.28902       1.2394     0.051003      0.91635            0
1.9675       308.988         3.532        4.2942       0.38313        1.2611        1.3409        1.4966             1
0.16496      155.2633        1.4585        2.7572       0.48703        1.9848       0.33254        1.3694             0
0.54805      108.0811        2.8763       0.98781       0.15055       0.52428       0.62069        3.0995             1
3.2548      249.6861        9.7956          2.63       0.29096        0.3908        2.8725        2.0795             0
1.3478      355.6488        5.1218        2.4642       0.38938        1.2934        1.5738        4.9802             1
0.47002      198.7067        8.8451        2.6908       0.59935        1.1766       0.30914        2.4163             0
3.2985      687.1423       12.0029       14.0339        3.2069        6.5665        1.3286       25.8688             1
0.12266      132.7048        1.1954        1.6637       0.58655        2.1366        1.5835        1.7083             0
1.0142      372.2111       13.9098         4.867        1.5015        4.4874        1.2125        6.8218             1
0.23218      96.8596       1.4511      0.80392      0.14366       1.2842      0.37149       1.0332            0
21.3317      2433.2204        26.7367         9.0247        0.68177         1.1175       159.6399        25.4434              1
7.5983      1557.2276        14.1491         9.2904         1.3295         2.0386        14.6487        24.3581              0
0.4368       102.437        1.3587        1.8208       0.38393       0.94027       0.52646        1.7242             1
3.0297        466.09         7.422        1.9713       0.28616       0.88119       18.1984        7.9398             0
37.8368      1959.1432        17.1094         6.8552        0.73312        0.38084       105.8268        59.9733              1
0.42121      229.6464        1.1168        3.4143        1.3019        3.9249      0.095729        5.2076             0
4.3983      114.5835        9.7439        3.9436       0.42941       0.52729        0.6157         1.525             1
0.036516      56.5755      0.76135      0.79239       0.4035       1.1703     0.056599       1.1466            0
55.2371      1495.7003        90.9315        23.7357         1.2261        0.92339         7.0087          9.022              1
6.4973      554.2164        9.9511        4.0547       0.66927        2.4475        2.5989        4.7191             0
1.5936      339.1138       12.6462        5.0034       0.29549       0.33533        1.2351        4.2663             1
0.24471      92.0849       1.0889       1.0298      0.19373      0.83404      0.16925       2.2391            0
1.129      372.9678        4.6067        2.5326       0.44992        1.2649       11.0358        5.5717             1
0.22145      51.8524       2.0631       3.0891      0.49615       1.8585     0.047653       1.5894            0
7.0313      611.9697        8.5316        4.7981       0.21778        0.7052       17.3051       10.6057             1
0.11992      150.7602        1.0285        1.4667       0.46122        1.2291       0.40356         1.718             0
8.2789      855.3742        5.7103        3.2708       0.29707       0.93622       95.1669       12.5549             1
1.62      263.3177       0.90642        4.5192        1.6136        3.6707       0.67499        7.4956             0
4.4331      451.7698        3.9304        1.6865       0.16824       0.73986       21.2551        4.7878             1
6.2812      650.0849        2.9661       17.5175        3.7513        12.859       12.4053       15.3889             0
9.6068      1060.0047        17.8313         6.0987          1.545         5.8547         3.5198        40.0072              1
0.45243      203.2656        5.7644        2.8373       0.56418       0.53692       0.65685        2.9163             0
12.7745      1570.3054        15.3965        12.9936        0.77359        0.40391        69.9859        18.1349              1
0.19054      108.4917         2.642        2.0634       0.41826        1.3315       0.52979        2.1657             0
11.0053      1040.3976        28.8697         8.8072         1.1689        0.91895         6.3591         8.3808              1
13.2846      1096.5413        39.6022          9.478        0.72639        0.33526         7.5922         9.7504              0
43.5199      1393.2554         4.8564         6.7404         0.3757         1.4254       341.7723         38.227              1
16.2069      2151.4866        19.0446        16.3532         2.1209         4.3589       184.9903        61.7122              0
5.1415      416.4531        3.1597        1.6373       0.35626       0.83323       29.1708         4.429             1
0.66088      126.7453        2.5749        1.3012       0.26298       0.57627       0.92615        4.3289             0
0.86222      147.8817        4.6022        2.6426        0.4871        1.3605       0.66626        2.9674             1
1.5787      374.2495        4.2234        5.1067       0.79697         1.929        1.0406        4.2996             0
5.6985      525.1234        22.814        4.4084        0.4746       0.51804        7.1189        8.0013             1
0.49741      376.7693         7.544       11.3409        3.6974       13.3139       0.28186        7.1627             0
11.2069      701.5361        44.815       13.4183        1.6367        1.6492        3.4358       15.8421             1
1.4707      594.4181       0.29985        5.7329       0.91383       10.4234       48.4973       25.1874             0
3.5503      643.8079          6.89        1.9447       0.19132       0.29304        7.2484       17.5409             1
0.11746      156.2577        1.2235       0.92204       0.32497        1.6111      0.092008        1.1335             0
0.13743      159.5846        4.3265        6.0657       0.96672        1.8955       0.21325         1.161             1
0.55112       256.413        2.5058        2.0253       0.59727        1.3846       0.76831        3.4017             0
0.3514      123.4029        1.4166        1.9029       0.48621        1.3702       0.91717        2.3471             1
0.071928       105.204        1.0543       0.67764       0.40317        2.2411       0.14764        1.0695             0
4.1376      259.7015       0.89076        1.2239       0.14619       0.12749       54.0424        14.599             1
1.2542      366.0899       11.3929       14.4703        2.2659       10.7184       0.36887        3.1828             0
0.32655       256.901        2.9161        3.0761       0.31349       0.79025        1.9038        5.9269             1
0.15212       107.078        2.9409        2.2193       0.72938        4.4777       0.22232         1.096             0
1.5061      1263.4338        24.3005         8.4861         1.1689         1.1015         4.5296        25.5931              1
0.66213      372.1559        5.4626         5.679        2.5849        3.7436        0.6876        6.1247             0
0.28445      136.8063        3.5434        4.2382       0.63797        0.6908       0.30476        4.0473             1
0.049149      34.2013      0.32841      0.93607      0.54735          4.2     0.040213       0.3016            0
27.4806      1570.5338        19.1561         6.2525        0.85178         2.8997        75.8511         6.5726              1
0.033248      59.0337       1.0835       1.0992      0.37356       2.0438     0.035204      0.54175            0
0.63097       108.211        2.8245        2.1555       0.30278       0.76224        1.4525        3.7858             1
0.10635      48.6075       1.9935       1.4766      0.78898       2.5277      0.13356      0.36605            0
9.2616       633.024       76.8979       11.3656       0.60742         0.908       13.2129        9.9128             1
2.3178      589.2258        6.2464         7.164       0.92438        2.1138         1.305       15.8572             0
0.30839      143.9113        3.6736        2.0083       0.38488        1.2533       0.90791        3.0913             1
2.2478      552.2617        8.5206       10.9413        1.3929        2.4111       0.77809        4.6301             0
4.5276      278.7346       21.6407        5.9118       0.42918        1.1947        8.2704        5.8113             1
0.26763      152.7675        3.9838        1.5584       0.38472        1.1625       0.25927        1.5751             0
0.32595      197.6851        3.3288        3.4849       0.45425       0.89463       0.85649        2.2851             1
1.8306      577.6057       11.4826        3.1277       0.38174         2.221        9.1792        3.4096             0
11.3717      2053.7916       145.0996        13.4781         1.5065          2.613        51.8594        45.3936              1
0.23761      223.5009       0.51654        1.2345        0.6121        0.9711        0.5088        1.3766             0
5.2657      2116.3459        24.1842        10.3538         2.2839         2.8041        17.8019        41.9354              1
31.779       1543.681        72.1837         16.257           1.47         3.7724        10.6146         20.278              0
12.1146      1556.6567         24.727        15.1621          2.429        12.1448       205.2993        47.9001              1
0.38494      110.9862        0.7886        1.7208        0.4432        1.3192       0.12901        1.3587             0
0.8471      401.3949        3.5074        1.5042        0.1545       0.56118        4.0899        7.8281             1
0.03006      34.8219      0.43852      0.76211      0.42791       0.9796     0.072498      0.22457            0
1.2387      201.9711        1.6949        1.4743        0.2319       0.44494        1.8872        3.3502             1
3.9714      1084.4174        14.7256         6.4882         1.3476           5.56         3.7483         6.4971              0
56.8508      3632.6011        24.6161         8.5455        0.98634         1.8111       349.8628        30.9338              1
15.0759      923.2156        20.912        4.8715       0.44033       0.63603       41.2159       15.2576             0
2.2923      1003.4923         8.3326         7.4042         1.6963         4.0689         1.9485         9.1693              1
1.6783      371.3006       15.0917        7.9704       0.90938        2.9287        1.1233        3.8515             0
0.13864       87.233       2.1611       1.5075       0.3235        1.809      0.18046       1.1246            1
0.56671      126.9787        3.0975        1.8243       0.43991         1.343       0.11386       0.30794             0
0.51657      240.3404        4.5497        2.4706        0.5647       0.88555        0.6417        4.1871             1
0.642      249.9187        1.7184        3.4214       0.59202        1.9222         1.234        3.0332             0
2.1003      1751.2569        27.4463        11.8123         2.5425         5.1482         8.4802        25.9934              1
3.648      1805.6806        18.3178         6.3804         2.0937          5.259         6.6217         6.8488              0
8.7468      1016.4329         38.135         5.7794        0.42811         0.1385        32.1247         10.476              1
12.6044      1243.7287        24.1321         5.0812        0.59105        0.61854        22.4506        21.0257              0
0.68238      166.9325        1.1317        2.1079        0.5405        2.7228        4.1753        1.6553             1
2.169      360.4928        6.5932        1.6416       0.24214       0.22983        4.5042        1.8571             0
0.25241      106.7512        3.4866        2.2764       0.27836        1.0167       0.28544        3.0124             1
3.0183      240.4694        7.3888        1.9638       0.30314        1.3286        3.5903        2.8865             0
2.3061      988.0838       16.9009        4.5448       0.96647        2.4651        5.1382        8.5759             1
2.6611      430.3004       17.9065        6.6086       0.53948       0.94927        2.6092        5.0368             0
1.9835      3085.0846        35.6605         6.4928        0.77058         1.8979        88.1453        46.9623              1
0.051771      79.8316      0.79908      0.98591      0.54248       3.1491      0.18007      0.88237            0
0.19801      124.6334        1.2845         1.347         0.581        1.9618       0.45855       0.79203             1
14.9403      1244.1125         7.5264        17.7547         2.9752         9.1346       141.7478        27.0823              0
0.07596      219.8574        2.0224        1.4314       0.39642       0.84268       0.57208        1.8705             1
2.1366      679.9928        2.9886        8.4789        7.1672        5.9907        1.4064        9.2227             0
10.0194      1179.8571        0.59666        19.3633         1.2158          3.625       181.0359         9.9181              1
0.061341      49.8437      0.59768      0.41838      0.37591        3.336     0.056623      0.35232            0
43.7035      1529.4724        28.3686        15.3645         1.8705         4.6019        94.1465        50.5321              1
0.29168       35.196      0.38468         1.03      0.26068      0.52136     0.097227       1.2231            0
2.0345      613.7496        9.3482       17.9238        2.5366        6.9918       0.68244        6.8888             1
0.56224      139.6622        2.2164        1.3997       0.66285       0.93805       0.28112         1.953             0
21.3204      1047.8648        38.5391        22.5179         1.8857         7.2811         3.2345        13.5713              1
14.202      1376.5789        34.7999         5.6797         0.5045         0.5045        74.0752          8.837              0
1.8604      343.8708        3.8872        4.8382       0.94581        1.5019       0.97699         4.251             1
0.61371      141.7176        2.3589        2.3414       0.60789        1.3438       0.31122        3.8917             0
1.4011      272.7812        4.4952         2.153       0.45478        1.7402        1.2329        3.0126             1
4.3581      376.0276       19.3866        4.1134        3.3949        4.6029        5.3214        4.6187             0
1.3054      182.4671        3.9907        1.7532        0.2764        1.3175       10.1019        2.6793             1
0.080657      60.1966       1.3904       1.0908      0.23045      0.98324      0.04801       1.3731            0
3.122      912.4667       25.5832       13.5287        2.1825         2.486        2.4427        8.0363             1
0.25463      109.9575        1.4525       0.84235       0.15534       0.43239       0.38755        2.3989             0
0.17421      106.3006        1.1829       0.85495       0.18592       0.62804       0.48896        2.3291             1
9.1978       813.783       11.6631        9.9215       0.70114        1.7265       71.6143        8.8133             0
1.1525      452.2362        4.1137       12.9814        2.5771        7.3471       0.17607       13.3976             1
3.099      647.1017        6.8876        4.6137        0.4571        1.2512       18.7142       10.5405             0
0.29292      278.2605        3.4285        1.3559        0.4771        1.4779        1.3314        2.4299             1
0.44785      424.2401       10.8884        9.9367        3.5688       11.3782       0.62979        6.5918             0
10.3618      544.7998       17.1893        5.1037       0.99478       11.6099       29.8434       10.7943             1
2.1011      668.6056        4.6643        3.8379       0.89178        2.4419        4.7997        5.3694             0
19.9919      1898.9715        26.5295         8.6415        0.50899         0.7352        24.8216        26.7783              1
0.4229      197.1291         1.618        1.6571       0.36314        2.2432       0.59987         2.542             0
9.5192      585.2973        6.0842        2.9352       0.41244       0.59909       99.5997        7.1801             1
20.7096      2668.6293        52.7728        12.6596         1.3059         1.2767        49.2839         45.103              0
4.5066      395.5938       16.3679         4.156       0.77604        1.9342       17.1597        4.9044             1
4.4806      241.7404        7.1208         1.833       0.19993        0.4447        8.5221        3.0699             0
1.4248      503.6426        7.8761        7.2165        1.0356        1.3127        1.2995        4.4592             1
2.1633      353.5261        9.3385        3.9529       0.73621        1.4384        2.8825        2.8542             0
0.4223      486.2119        4.9052        8.9657        4.8564        6.9679        0.4223       14.4556             1
0.041234      98.0208      0.21702      0.68796       0.9918       3.8218      0.11285       1.1285            0
6.4214      1048.6991         7.4752        13.7484         3.8035         7.9691         10.406        21.6682              1
1.7581      948.7228       23.3259        7.8067        1.3674        3.8201        2.9157        5.9979             0
0.47715      116.7114        3.2933        3.0237       0.35786       0.83241       0.49011        1.8982             1
5.8784      332.4223        3.9402        4.4859        0.8256        1.7043       20.9341        4.8508             0
12.6207      994.6763       17.4695        7.1387       0.45903        1.4035       15.3432       10.9323             1
0.096435      119.1045       0.37324        1.2822       0.35181       0.94649       0.13751       0.93399             0
0.060003      93.9478       4.3225       1.8924      0.25155       1.0131      0.45233       2.2639            1
0.11318      53.9016      0.20331       1.2094      0.45273       1.5845     0.052399      0.50303            0
82.2068      3803.0537         4.6756         7.6091        0.63541          2.907      1010.2303        50.2031              1
35.1036      2132.6544        63.4817        13.2095        0.82085         0.6691       241.7242        41.7601              0
2.1632      154.4701       13.7084        4.9513       0.78577       0.72423        1.5242        4.4306             1
27.2645       1276.188        14.7312         7.6597        0.80887        0.58418        89.4452        11.0954              0
6.9861      392.4243         3.362        3.3221       0.29346       0.63536       48.7428        3.6811             1
0.19719      226.5234        2.5111        1.2817       0.33984       0.35662       0.91883        3.1614             0
0.14481      134.2419        1.7941        1.0005       0.37988        2.1909       0.27457        1.1603             1
0.7302       255.062        4.4355        1.2133       0.17225       0.82195        2.2412         1.466             0
1.184      244.0403        3.9241        13.041        4.5838        7.0025        0.1184        6.7827             1
4.1002      233.7328        8.7862        4.2061        0.2482       0.81078        2.2669        2.3331             0
3.3954      898.4885       12.9234       13.0793        3.8112       12.4903        7.5011       26.2626             1
9.0031      658.9395       16.0646        3.5985       0.61827       0.87183       40.0763        7.6554             0
2.5211      898.1403        6.1675       11.2794        1.5004        2.6607        2.2507        7.4149             1
3.3315      387.5402         8.971        3.8578       0.95304         4.902       0.59254        5.7928             0
3.6668      180.3727        4.7717        2.2881         0.198       0.78224        3.2756        3.0556             1
12.9102      645.1476        18.717        8.0785       0.41556        1.0528       11.2036        7.5189             0
4.9659      636.8787        7.8969        5.2505       0.48851         2.022       43.0573       21.9704             1
4.3417      195.5245         5.281        1.4316       0.15745       0.26604        4.1879        2.2876             0
3.7333      1126.7732        10.7375         7.7564         1.0006         0.9799          9.868        12.1452              1
6.2662      1191.5676        19.6146         3.7002         0.5793         1.7216        50.4562        10.3866              0
0.52336      716.4027        1.5828        9.2801        2.2339        6.1271       0.59995       10.1608             1
0.30845      181.1083        1.5085        1.6255       0.32646        1.1707       0.59663        2.6297             0
2.2722      699.9428        9.4156       14.1311        2.7079        5.4315        5.1202       16.9325             1
3.9802      245.6208        6.8462        2.9902       0.44737        1.9742        4.6757       10.1885             0
0.69672       743.837        3.4694       10.9057        1.8769        10.664       0.86734        6.4979             1
0.75394      298.1628        3.4026        2.8537       0.37697         2.285         2.242        2.8471             0
2.36       631.206       10.7443         4.852        1.7467        7.2043       13.0888          3.54             1
0.94759      295.9443        3.4184        3.1638       0.61476        1.6955        1.0729        4.4834             0
49.4666      1468.7458          45.19         9.8152        0.64099        0.54084        58.8211        66.3428              1
6.8064       1343.138        25.9978        15.9126         2.6417         5.5321        12.3696        29.2922              0
79.1844      2695.2012          5.395        18.3474          1.838         3.0705       651.3797         81.163              1
1.726      319.1186       10.7779       10.5286        1.9753        5.3506       0.85341        5.8013             0
32.5921      3090.6993        26.3398         8.6968        0.96446         3.4338        64.4859        21.9166              1
7.4532      1004.8557        15.0489         7.8131         1.4547         2.7593         2.5194         7.6707              0
1.1622       145.415        1.4084        1.5294       0.42565       0.90556       15.0252       0.65517             1
1.2005      644.8838        8.3872       12.8529         2.769       11.0762        1.0244        9.2995             0
13.5247      1430.3553        41.5284        16.1963          2.278         3.8881         7.8715        10.0899              1
0.57777      634.1183        1.3289         8.941        2.8455        3.9722       0.30333        4.8822             0
0.20223      91.4169       1.5065       3.3529      0.30481      0.89099       1.4596       1.5709            1
0.25728       158.328        1.2755       0.81109       0.57343        2.3831        1.8206        1.8446             0
4.0571      231.4405         3.222        9.5891        0.8055        2.0611        1.4511        4.8153             1
9.7839      1077.7852        20.6445         9.3158         1.1235          2.144         5.9546        14.2124              0
0.046901      58.0689      0.27638       1.0034      0.35176      0.75377     0.061977      0.32998            1
0.47036      794.3617         7.511       11.0093        2.7487        8.7457        1.0436       12.1705             0
69.2612      1987.8154        46.4257         8.3198         1.2755        0.72549       192.6593        20.0798              1
0.71689       703.828        7.6052       10.9247        2.6961        9.0702         2.213       16.9715             0
4.5155      375.7556        5.1016        3.0936       0.38224       0.19367         3.407        4.0364             1
0.10699      90.8693      0.86221       1.2083      0.41117       1.2062      0.56851       1.5608            0
1.5714      638.2488        6.0784       15.8694        4.2825        8.7204       0.69073       14.7297             1
0.13608      70.7226        1.038       1.8118      0.57902      0.81649     0.082716      0.42159            0
0.37676      163.6408        4.7795        2.4005       0.42789       0.87732       0.25835        4.4081             1
0.72476      422.9151        6.4598       12.7149        2.3634        7.6888       0.72476        9.9734             0
12.6624      1116.0082        47.2987          8.796         1.1921         2.4165        16.7006        28.4608              1
0.18773      142.7097        2.4015        1.4043       0.29501        2.0114       0.62172       0.98987             0
8.0425      1345.5781        18.7266         5.0016        0.41467         1.3106        12.7369         11.283              1
1.1289      305.4597        8.9101        4.3041        1.5092        2.6984       0.51915        2.7044             0
0.37869      154.3011       0.60055        1.1437       0.34426        0.2123        2.5246        2.5801             1
0.049951      82.3237      0.95307       1.3627      0.33567      0.82919      0.62739       1.0969            0
11.7209      886.8864       18.1879        6.1637        1.0993        2.8203       14.6701       14.6095             1
10.1293      521.5564        7.7542       14.1531        1.6486        9.0116        1.0898        6.9578             0
11.1074      868.4991       27.6606        7.9982       0.48617       0.45872       10.1272       16.0043             1
1.5835      332.9721        2.1028        9.4121        2.4449        5.1938       0.44337        7.4486             0
0.57631      384.5022        8.3413       11.4503        2.6692       11.2228       0.19716       12.6181             1
0.79224      428.9151        2.4233       11.2623        2.4699        5.6545       0.57477        8.4972             0
15.5014      2472.0926        28.7729         7.9296        0.84871         3.4364       113.1946        22.8985              1
1.3176      271.6568       13.5402        5.8728        2.3592        21.471       0.33882        9.4618             0
2.2012      1108.5035        27.3806         9.1169         2.2458         5.1757         4.4915        25.5958              1
0.39462      469.8003        5.2563       13.4328        4.6565       11.9175       0.34726       11.4913             0
4.8367      658.1615       11.1476        5.2608       0.25312        0.8996       16.1963       12.7381             1
0.2892      137.9428        3.7773        1.4269       0.26718       0.96597       0.11891       0.54171             0
8.3177      1037.2767        14.7274         8.5535         1.5006         9.2609         3.3121         6.5491              1
0.48303      258.1089        2.1228        1.6118       0.65082        1.6677        1.2127        2.8956             0
2.6174      198.5831        4.3246        1.5506       0.16881        0.3933        5.5132        3.8251             1
2.6548      982.8143        2.7608        4.1312        0.7746        5.7202      121.4143         9.421             0
22.1543      1547.1974         28.756        10.8244          1.078         2.2154        34.1682        50.1818              1
0.2224      88.1512       1.8422        1.238      0.45464      0.89157      0.48023      0.51369            0
5.5371      714.6408         8.591        2.9064        0.2418       0.29257         9.239       12.9893             1
0.48764      245.7911        2.4821        3.3842         1.024        4.3693       0.29746        1.9213             0
0.66713      332.0408        9.6323        8.6545        1.3251        5.5838       0.43866        3.0341             1
2.3283      1211.9165        14.0252         7.6619         1.4378         5.6305         4.0721        11.4186              0
0.43956      118.3137        5.3421        2.5436       0.46007        2.3384       0.33113        2.6901             1
2.9668      428.5826        6.7852        12.618        1.5017        6.0709         2.454         8.818             0
21.4138      4235.2838        55.5508        13.1554         0.5292         2.7503       203.6813        38.3631              1
3.0418      363.2414        24.664        8.4534         1.869        3.6281        1.6736        9.9927             0
9.5782      1980.2993        50.1919        13.7323         1.3101         1.6776       103.3875        32.3056              1
2.3434       377.347         2.079        4.7137       0.80653         5.117       20.6157       12.0755             0
0.95845      399.8849         5.794        6.7834        1.1934        1.7438        2.3374        5.2993             1
0.10875      225.5064        2.2743        2.2122       0.62762        1.5411       0.60897        3.9552             0
4.2098      1613.6546         17.452         3.5578        0.21497        0.35828        14.8759        29.1034              1
