0.12204      112.5687        1.2528        1.0831       0.38899        2.0384       0.32607        1.9793             0
2.6174      198.5831        4.3246        1.5506       0.16881        0.3933        5.5132        3.8251             1
0.063902      31.8154      0.13047       1.6961      0.65766        2.178     0.026626      0.42868            0
2.9104      151.7409        2.8942        2.8291       0.45294        1.1335         9.003        4.9451             1
1.3176      271.6568       13.5402        5.8728        2.3592        21.471       0.33882        9.4618             0
24.2693      2066.4082        49.0384         8.3629        0.70321         1.0054        152.677        10.0832              1
4.9323      858.6652       16.0994        6.5541        1.7393        5.9659        5.3861        5.4449             0
0.52585      272.5554        2.6646        1.1681       0.26397       0.58197        2.7436        4.0239             1
2.6611      430.3004       17.9065        6.6086       0.53948       0.94927        2.6092        5.0368             0
56.8508      3632.6011        24.6161         8.5455        0.98634         1.8111       349.8628        30.9338              1
0.33474      231.7461        1.9831       0.87065       0.18427       0.51394        4.4682        7.6989             0
1.5714      638.2488        6.0784       15.8694        4.2825        8.7204       0.69073       14.7297             1
21.7364      2282.3209        77.8752          7.964         1.3544         2.8804       309.2786        56.8732              0
0.52336      716.4027        1.5828        9.2801        2.2339        6.1271       0.59995       10.1608             1
11.4829      726.5879       21.1229        4.1447        0.6454       0.95878       73.4489        3.8761             0
0.26338      220.7098        2.8094        2.4488       0.57067        1.4329        1.0974        5.3147             1
0.17385      68.0364      0.36087       1.5594      0.59794       2.0151     0.052682      0.92721            0
1.3404      399.3607        2.3142        3.4749       0.38091        1.0852        2.5621        3.5324             1
2.111      341.1027        4.0733        3.3631       0.34248        1.0808       57.5232        6.4988             0
1.0308      123.7117       0.36319         1.459       0.48075        1.1252        5.7858        2.4289             1
1.4719      526.2084       13.5749        4.7972        1.3643        3.5649        5.5503        2.1957             0
10.8429      2301.5607        27.9991          7.786        0.62781         3.3209        20.3597        38.4547              1
0.66927      315.7781        6.6927        8.9635        1.3206        1.5716       0.76489        3.8364             0
22.1543      1547.1974         28.756        10.8244          1.078         2.2154        34.1682        50.1818              1
2.3178      589.2258        6.2464         7.164       0.92438        2.1138         1.305       15.8572             0
3.3602      560.1755        3.9767        2.1414       0.21014       0.42829       10.1468        6.8506             1
8.3991      3027.2874        42.1705        15.5097         2.1793         4.0564        92.2151         61.657              0
0.53531      276.1217        9.7347        10.508        1.3482        3.0334       0.23792        2.1908             1
0.029597      49.0086      0.57392      0.60609      0.13512      0.77595      0.12611       1.0758            0
0.17421      106.3006        1.1829       0.85495       0.18592       0.62804       0.48896        2.3291             1
0.39419      162.4575        1.3947        0.6565      0.098906       0.32539        0.5447        6.1379             0
0.77665      444.2765        3.1413        3.8529       0.61611        2.2692      118.9397        7.6927             1
0.72882       300.054          1.22       11.5661        3.5015        7.2724       0.45948        8.5716             0
2.3784      415.4879        5.6352        2.9768       0.23427       0.58059        4.4257         3.234             1
0.93159      303.8875        4.8793        2.2101       0.45258        2.5074       0.43276        3.0723             0
4.0924      492.0539       15.0386        4.1137        0.8078        1.4911       19.2235       18.9673             1
16.2069      2151.4866        19.0446        16.3532         2.1209         4.3589       184.9903        61.7122              0
2.031      686.8652        9.3377        2.8263        0.2466       0.53477        1.1887        9.4125             1
0.95748      206.6074        2.8456        1.8781       0.50887         2.685       0.40174         1.704             0
0.14481      134.2419        1.7941        1.0005       0.37988        2.1909       0.27457        1.1603             1
0.5218      295.0158        1.4468        4.8385        2.4825        9.1157       0.30043         1.518             0
2.2474      387.3119        6.6093        5.4039       0.42223        1.2429        7.9917        2.4414             1
0.26763      152.7675        3.9838        1.5584       0.38472        1.1625       0.25927        1.5751             0
2.0964      137.8677        3.4365       0.91042       0.10332       0.23958        3.9307        2.0395             1
8.3766      496.1307        5.0642       10.0834        2.7061        3.8627        5.0754          5.94             0
10.5563      619.8609       30.4344        7.4262        0.8667        2.4006        9.2718        6.8089             1
3.648      1805.6806        18.3178         6.3804         2.0937          5.259         6.6217         6.8488              0
4.4331      451.7698        3.9304        1.6865       0.16824       0.73986       21.2551        4.7878             1
0.090707      95.4067       1.9956       1.4081      0.46649       1.6673      0.19221        1.555            0
1.8859      215.1456        5.1757        4.1283       0.38231       0.47548        2.5316        4.0962             1
7.1884      971.1158       32.5317       12.8828        1.1185       0.87606        4.9983       13.5164             0
2.8062      782.0401        4.0818         9.184        2.5086        6.7746        1.1763        17.064             1
0.20487      81.6999      0.95119       1.1749      0.34285       1.8459      0.18815        1.662            0
2.0939      384.7129       15.4827         6.781        0.3624       0.97447         2.718       10.6346             1
0.39516       113.761        3.3082        1.0127       0.27006        1.0961       0.22438        1.0624             0
21.3204      1047.8648        38.5391        22.5179         1.8857         7.2811         3.2345        13.5713              1
1.5276      507.3464          3.58         5.985        1.7939        7.7711       0.63454        4.6376             0
4.6646       455.895        4.4311        5.5942       0.53528        1.4931       54.7834       15.9335             1
0.071664      80.5396       1.4388      0.97574      0.70286       1.3175     0.071664      0.44101            0
1.928      443.9817       19.0295        3.4244       0.33835       0.46086        3.3106        5.8016             1
2.9053      1198.9299        11.1399        11.5384         3.0548         7.3215         2.5235        11.6048              0
0.74791      71.3591       1.4344       3.0634      0.38932       1.0911      0.18442      0.71462            1
8.5481      912.6395       21.3265        4.7985       0.19356        1.1364       17.1086       11.5702             0
0.54576      814.2969         2.261       10.1356        2.2142       15.0319       0.63932       19.6319             1
13.7158      1138.5201        35.7924         10.245        0.76853         1.4751        49.4028         8.4848              0
0.57133      465.8938         6.016        4.3916       0.85273        1.6841        1.2322        8.1308             1
0.38564      208.0229        2.3612        1.0893       0.19282        1.4326       0.26386         1.409             0
0.10847      97.3817      0.98455       1.0346      0.17688       1.3767      0.35878       1.8556            1
1.7892      290.4616       12.2546        2.7633       0.34573       0.34321        3.3387        5.6226             0
12.1669      614.9986         5.637         3.235       0.47442        1.1394      231.9931         6.937             1
0.10702      141.0298       0.34125       0.48865       0.55326        1.2418       0.37355        1.3468             0
1.0142      372.2111       13.9098         4.867        1.5015        4.4874        1.2125        6.8218             1
0.52204      658.8398       12.5417        8.5054        2.5593        5.4751        1.7826       14.9736             0
14.1075      2293.2657          39.25        12.8004         0.7512         2.6893        15.6249        47.3854              1
0.29529      127.7277        1.6781        1.2749       0.39467        3.3788      0.051108        1.5844             0
0.66713      332.0408        9.6323        8.6545        1.3251        5.5838       0.43866        3.0341             1
2.9541      697.6947       24.7712        5.6448       0.09408        0.4704        2.1638        9.6808             0
0.43956      118.3137        5.3421        2.5436       0.46007        2.3384       0.33113        2.6901             1
27.2218      2645.7471        63.8523        15.7457         2.0962         2.0189         36.418        52.6661              0
22.9337      2415.5291        27.1599        12.0821        0.82039         1.8645        41.7778        62.0762              1
1.0848       672.978        4.5541        4.2903        0.7916       0.78183        0.3225        5.6096             0
6.484      1186.7343        32.3009        12.3271          1.036         1.8558          5.776        16.8957              1
0.3707      171.2744         2.469        1.0212       0.30542        3.1894       0.19351         1.259             0
12.9145      554.3697       0.22765        5.2183       0.83178       0.91058       87.1883       16.6619             1
0.29459      91.0918        2.322       2.3047      0.42084        2.171      0.11635       1.2798            0
1.6737      1520.6637        21.4238        11.7618         2.7693        15.6418        35.1789        49.4969              1
0.08412      67.4029       1.0956        1.032      0.37957        1.229     0.065655      0.30571            0
0.25342      202.3294        6.3312        1.1159       0.17921       0.50263       21.1049        1.7641             1
0.48434       89.683       2.0464       1.4356      0.31635       1.5534       0.1069      0.61306            0
11.3178      2144.1869          39.14          9.799        0.81892         1.8128        20.9418        43.6825              1
0.44785      424.2401       10.8884        9.9367        3.5688       11.3782       0.62979        6.5918             0
12.8135       722.342       56.1194       22.7868        1.4421        2.2897        7.6396       15.9618             1
0.37365      100.5937        1.5369        1.1588       0.43592        1.3434       0.25355        1.1298             0
15.8595      668.5602       12.7515        6.4206       0.28935        1.0726       92.6728        7.4533             1
2.9654      480.4944       33.4024        6.6215       0.51112       0.53414        5.9539        1.9248             0
41.0811      1230.4128        27.1774         8.1045        0.47253         1.3531        65.3875        10.0233              1
0.25307      92.3583       1.8666      0.72016      0.35668       1.5847       1.1499       1.0989            0
1.3687      582.9715        2.7201        9.1479        3.8636       18.3305       0.27721        7.9351             1
0.093424      86.1666       2.5449       1.1099      0.32511      0.92863      0.22422       1.1472            0
2.0814      478.2227        6.0544        7.5784        0.5752        2.2593         1.097        5.8587             1
1.4382      354.0274        2.9839        8.9115        3.4813       12.9573       0.57797        6.3308             0
27.9428      1950.1217        19.1329        10.5086        0.77714        0.46078        55.2597        26.0309              1
0.73025      277.1524        4.5673        2.6341       0.74655        2.7776       0.56725          2.67             0
17.2657      1374.4295        48.3615        13.8301        0.71346         2.4038        81.8392        14.6424              1
2.2014      785.1845        9.8069        7.0717       0.39704        1.1426        2.6116         9.026             0
27.4806      1570.5338        19.1561         6.2525        0.85178         2.8997        75.8511         6.5726              1
1.2606      495.7488        4.7376       11.4978        2.7428        13.548       0.58182        7.2727             0
0.24503       126.102        1.5983        1.5444       0.34619        1.1397       0.29449         2.493             1
27.2645       1276.188        14.7312         7.6597        0.80887        0.58418        89.4452        11.0954              0
1.363      488.2316        8.5939        6.4634        1.4132          9.01       0.95408        6.0258             1
0.068753      131.3369        2.8486        1.3007       0.38465       0.78973       0.26572        1.9362             0
1.3478      355.6488        5.1218        2.4642       0.38938        1.2934        1.5738        4.9802             1
14.8264      1718.2617        10.9261          6.917        0.44836              0        71.1633        31.5203              0
0.39506       274.704        2.0543         1.349       0.18886       0.64751        1.2526        4.8024             1
10.1293      521.5564        7.7542       14.1531        1.6486        9.0116        1.0898        6.9578             0
1.2387      201.9711        1.6949        1.4743        0.2319       0.44494        1.8872        3.3502             1
0.16496      155.2633        1.4585        2.7572       0.48703        1.9848       0.33254        1.3694             0
1.3654      369.5764        3.2392        2.4799       0.53291        1.5291        1.0937        5.0086             1
1.3515      817.9824        2.5943        14.059        3.3866       14.1366       0.52818       13.4065             0
4.5317      1974.3562         9.4378         10.788         1.7512         3.7029         7.3123        24.1827              1
1.3095      478.5003       13.9379        2.7403       0.27061        1.0389        3.2504        4.3795             0
1.3784      859.5576         4.565       12.3167        2.8457        9.2783         1.082       14.0952             1
0.39787      166.8662        3.2777        2.0604       0.21551        1.4162       0.51392        2.2878             0
0.92253      177.4259         2.889        6.2757        0.2711       0.73236        1.1491        7.5219             1
0.73208       269.028        2.4762        2.1067       0.31211        0.9042       0.93863        5.7924             0
5.3801      831.5846       22.6851        4.9415       0.15364       0.23464       16.5396        9.8662             1
1.4427      174.7112        2.1081         3.079       0.37908       0.79088       0.36817        2.2363             0
2.2291      581.3984       21.6359       15.7843        3.0815        8.5068        6.2941       18.2102             1
0.56539      532.7365        4.6629        3.0336        1.2524        4.3347          1.07        4.0246             0
2.2923      1003.4923         8.3326         7.4042         1.6963         4.0689         1.9485         9.1693              1
0.63216      608.5367         4.109        4.4184        1.2509        8.8838       0.36988        4.2301             0
3.6517      380.4175        3.2085          1.31       0.15954        0.5513        4.6036        4.5699             1
1.7368      451.4692         7.797        7.6233       0.84979        2.4253         1.346        6.1843             0
9.3608      510.1385       74.6374        9.1119        1.0901        1.5759          1.41       22.3474             1
34.8826      513.5127        8.4951        7.9156          1.08        1.9229       231.811        3.6746             0
0.18535      145.4021        1.6328        1.1633       0.16063        0.7661        1.1915        2.1641             1
0.13608      70.7226        1.038       1.8118      0.57902      0.81649     0.082716      0.42159            0
26.5317      2479.6314        42.6512         11.047         1.0027         1.1094       245.4417          20.67              1
0.045955      72.1332      0.65547        0.982       0.5563       3.0258     0.036281      0.31685            0
12.1146      1556.6567         24.727        15.1621          2.429        12.1448       205.2993        47.9001              1
0.11597      119.4006        1.6581        1.8481       0.40466        1.7321       0.16038        2.4773             0
3.4999      2337.1837        18.9452        10.4998         2.3739         7.2129         3.8499         60.366              1
17.6974      1668.6132         5.4825           8.61        0.71593        0.17584       180.4841        26.4204              0
0.02344      72.2689       2.0908       1.3712       0.4266       1.5822       0.1172       1.1321            1
0.4605      160.7701        3.2175        2.4729       0.41564         2.144       0.25118        1.3456             0
0.34702      190.2609       10.4351         4.646       0.55523        3.3436       0.80427        1.3268             1
13.4553      1452.6257        67.4876        14.4923        0.58788         1.0767        37.9284        18.3763              0
0.95845      399.8849         5.794        6.7834        1.1934        1.7438        2.3374        5.2993             1
13.5551      1175.3194        20.4987         8.9496        0.78406         1.9001        43.1235        14.2403              0
1.5936      339.1138       12.6462        5.0034       0.29549       0.33533        1.2351        4.2663             1
0.20407      98.3081       1.2323       6.0908       1.4285       6.8914      0.10204       2.9983            0
0.22877      90.5043       2.1756        2.171      0.33857      0.89447      0.24707       1.7089            1
0.88897      216.7851        1.5089        4.6086        1.4329        5.0706        2.4798        3.5793             0
2.2218      128.9005        3.2114        2.6704       0.19749      0.045079        5.4653        3.9283             1
3.1115      292.8103         1.452        5.3933       0.97432       20.4481       34.3651        6.7259             0
1.645      201.6873        7.8788        4.1231       0.65799        1.1835        1.9654        6.0501             1
13.6653      1391.4644        38.2042         5.9132         0.2936        0.58205        23.3645        10.5284              0
5.2657      2116.3459        24.1842        10.3538         2.2839         2.8041        17.8019        41.9354              1
0.56315      324.7166        1.0664        3.4947       0.64702        1.2261       0.65101        3.5786             0
16.5428      1108.5737        11.1675         6.2562        0.78632        0.73476        71.6196        10.2351              1
0.78423      437.9102         8.164        6.0225        1.2769        1.8299       0.73396        8.7874             0
0.18872      87.6854       1.1061      0.77554      0.20938       1.3458      0.30581      0.93808            1
0.2224      88.1512       1.8422        1.238      0.45464      0.89157      0.48023      0.51369            0
0.96632      97.1238        6.715      0.91874      0.30843      0.51023       1.9835       1.4979            1
2.2297      675.3255        6.8761       15.2647        3.3991         7.609        1.2162       16.3405             0
20.564      2089.6418        80.6128        16.2381         0.9884          1.887        10.1408        22.6563              1
0.41894       119.332        3.1255         1.888       0.31421        1.6895       0.09371       0.74417             0
0.20535      185.2796        1.5744        1.3325       0.40614       0.92636       0.83966         2.535             1
0.37249      147.9584        1.3511        2.7158       0.57227       0.81608       0.70772        2.9426             0
3.3954      898.4885       12.9234       13.0793        3.8112       12.4903        7.5011       26.2626             1
7.7639      333.6753       17.4703        6.0997        2.0501        2.0944        9.7507        3.1195             0
0.62397       792.889        4.7095        8.7653        4.3975       10.5927       13.6531       12.4794             1
0.55261      250.3618       14.9549        3.5988         0.822        1.7027        1.0776        4.0133             0
0.4368       102.437        1.3587        1.8208       0.38393       0.94027       0.52646        1.7242             1
1.4787      547.4946         4.304        6.8758       0.70764        1.7374        3.1316        5.4129             0
0.14693      136.0802       0.81344        1.7568       0.18313       0.85177       0.33432        4.9466             1
6.4973      554.2164        9.9511        4.0547       0.66927        2.4475        2.5989        4.7191             0
4.0894      1111.4435        26.0912        14.2981         1.3268         2.4259         1.7922        11.6346              1
2.0919      1214.4078        20.8674        13.9745         3.9437        12.6542          7.716        18.3983              0
1.4011      272.7812        4.4952         2.153       0.45478        1.7402        1.2329        3.0126             1
0.05366      46.1837      0.44717       1.2074        0.474         2.56     0.015651      0.54555            0
1.9479      266.8116        7.9758        5.3961         0.995        3.3798         1.174        4.7855             1
0.38403      230.2898        3.1049        1.1346       0.36003          2.59       0.48222        1.2328             0
12.7846      566.5152        4.6629         8.849        1.6163        4.9862        30.612        7.4348             1
38.8855      3085.1186       106.0569        14.0701        0.88259         1.3453       306.0714        38.4314              0
0.34366       200.741        6.3151         2.664       0.21447        1.2894          1.23        2.7829             1
0.070156      138.3203        1.1313        1.0243       0.37358        0.7647       0.29816        2.4046             0
1.0508      655.2817         1.065        8.5343         2.982       13.3624         0.213        14.115             1
14.1997      1416.7838        14.5599        12.6536         0.8856          1.426        95.2548        47.5223              0
2.1202      167.6426        5.2611        2.3383       0.23958       0.97267        7.7982        4.6214             1
0.10635      48.6075       1.9935       1.4766      0.78898       2.5277      0.13356      0.36605            0
0.5133      79.8269       2.1675       1.8724      0.30133      0.74397       1.3508       1.3695            1
0.59527      234.6135        3.5377         2.957        1.2099        8.0966       0.18874        1.3551             0
0.60175      602.3843         6.168       14.1713         2.392        9.2519        1.5796       14.6828             1
8.7763      437.9805       26.2367        7.0838       0.62721        1.6925        6.9546        5.8386             0
1.1439      452.2803        15.568           8.9        1.9065         7.226        2.0646        4.2221             1
0.10573       211.227        1.6544        1.2812       0.32755        1.4118       0.72352        2.3426             0
1.9898      690.8174        7.7767       12.2869         2.653        8.7716        1.6581        14.658             1
0.44093      475.7045        4.6342        5.1201       0.85486        1.4218       0.50391        6.5959             0
2.074      521.0463        9.4041        3.9738       0.45912        2.7072         1.037        4.0054             1
2.2023      1031.5072         3.7711        10.8607         3.6655         13.787        0.54303        14.4055              0
0.63097       108.211        2.8245        2.1555       0.30278       0.76224        1.4525        3.7858             1
0.43644      165.4155        1.9783        2.6531       0.58287        2.0702        0.1005        2.0157             0
10.5995      1066.2396         8.3684          4.937        0.35264        0.72901        92.0254        17.0522              1
0.030913      52.4841      0.63371      0.74384      0.60473       2.4363     0.057961      0.58928            0
32.6412      2369.3866       113.2362        13.3244         1.8753         4.0185        33.9666        63.0406              1
3.9802      245.6208        6.8462        2.9902       0.44737        1.9742        4.6757       10.1885             0
0.022169      45.4735      0.41171       1.0356      0.30087      0.70149     0.069674      0.74266            1
4.1002      233.7328        8.7862        4.2061        0.2482       0.81078        2.2669        2.3331             0
2.1309       870.723        8.5713       16.4428        2.0991        9.1437        1.0654        9.0006             1
0.89797      291.3118       0.82187        1.4067       0.53922        1.3589       47.6902         6.588             0
1.7637      341.7385       13.8672        7.5462       0.58565        3.2783       0.76741        3.8438             1
1.5907      1195.2935         1.5045         3.9436         1.2063         8.4306         18.538        21.6464              0
62.892      2041.0253         32.002        20.1712         1.5033         1.8122       144.4931        27.9348              1
25.4364      3938.4687        30.8216        13.9136        0.55654        0.76819       401.3782         52.033              0
1.4484      245.0786         4.171        2.7372       0.32799       0.85917         3.039        4.8735             1
2.3029      1101.3048         6.3086        11.6442         2.8219          6.779         4.7355         21.537              0
3.6783      832.8731        20.344       11.0491        1.9099       12.5205        2.8578       24.7721             1
1.8793      353.4953         3.095        5.8669        0.5403        1.3214       0.69886        4.8216             0
1.6973      295.6054        0.2587        1.4092       0.15985        1.2661       53.8933         3.361             1
0.049149      34.2013      0.32841      0.93607      0.54735          4.2     0.040213       0.3016            0
0.46565      265.9459        3.5249        2.9567       0.24284        1.7475       0.35049        3.4423             1
1.4707      594.4181       0.29985        5.7329       0.91383       10.4234       48.4973       25.1874             0
3.7013      218.5419       0.50332        2.9502       0.30715       0.85435       45.4692        3.3193             1
3.1474      497.0333        5.2872        4.2533       0.37952        2.9642       87.1205        8.6571             0
0.28445      136.8063        3.5434        4.2382       0.63797        0.6908       0.30476        4.0473             1
0.62451       252.055        1.8934        7.0481        1.8537        2.0916       0.66416        6.0469             0
5.0363      845.7428       22.3642        7.0987        2.2097        7.3749       65.1591        5.8558             1
0.11483      80.9171       1.0296       0.9569       0.2775       1.6114      0.10334       1.1215            0
11.1074      868.4991       27.6606        7.9982       0.48617       0.45872       10.1272       16.0043             1
1.6783      371.3006       15.0917        7.9704       0.90938        2.9287        1.1233        3.8515             0
5.5371      714.6408         8.591        2.9064        0.2418       0.29257         9.239       12.9893             1
2.9668      428.5826        6.7852        12.618        1.5017        6.0709         2.454         8.818             0
6.7436      541.0284        7.9179        2.8984       0.42423       0.47175       21.5511        6.0683             1
4.2021      465.3264        9.0262        8.1692        2.2946        7.1187       34.8746         5.999             0
0.52262      240.6592        2.6573        2.2794       0.33614        1.1925         0.952        3.3958             1
0.055435      50.4824       1.4277      0.58637      0.14536      0.51369      0.10717       1.3822            0
17.1857      600.4499       40.5284        6.5002       0.77383        1.7361       10.7394       13.5184             1
1.862      477.7957        3.6288        3.7558       0.64318         2.406        2.3901        4.9866             0
0.39838      127.1779        2.3834        1.6511       0.34542        1.4484       0.82439        2.2176             1
0.35806      866.1421        2.6854        9.5482         2.954         8.474       0.34314       15.2921             0
0.42635      141.6926        2.6916          1.55       0.25103       0.85868        2.2493        2.5103             1
4.0986       643.175       18.0433        8.1007        2.1505         8.525         0.839        6.7699             0
4.8367      658.1615       11.1476        5.2608       0.25312        0.8996       16.1963       12.7381             1
0.24547      94.4981      0.74427       1.4512      0.28867       1.3373      0.18656       1.8145            0
1.1256      177.4126         2.733        1.4557       0.20708       0.32394        1.5008        2.1815             1
16.3384      1045.0654        10.8557         5.6152        0.31525          1.197       147.3605         6.9127              0
0.89017      176.3895        2.2912        1.9733       0.37492        2.9205        7.2858        4.4399             1
0.44646      284.6699        3.8596        1.7832       0.51778        1.4688        1.1227        2.9931             0
0.7519      174.6316        3.3213        2.3503       0.40831        1.0482       22.5942        6.0002             1
9.7944      619.5119       25.9222        10.523        2.5362        2.2419       53.3016       17.7952             0
1.9675       308.988         3.532        4.2942       0.38313        1.2611        1.3409        1.4966             1
0.35642      178.6779         3.669        1.9768       0.23961        2.2733       0.30251        1.5754             0
0.51657      240.3404        4.5497        2.4706        0.5647       0.88555        0.6417        4.1871             1
0.19274      138.7334        2.3305        1.8774       0.41553        1.6571       0.76847        2.1652             0
12.7702      1934.8005        40.6154         14.066        0.75177          1.553        72.6844        21.8013              1
0.29406       177.414        2.0349        1.3664        0.2725       0.78613        1.7134        3.2876             0
10.3618      544.7998       17.1893        5.1037       0.99478       11.6099       29.8434       10.7943             1
0.65049      219.8375        1.5034        9.7285        5.2184       11.2318       0.31802        3.3826             0
1.9021      400.6313        1.2409        4.1756       0.57064       0.11775        3.7952         3.297             1
0.81972      574.4304        3.1969        2.6157        1.1402        5.9318        2.0418        8.1599             0
11.7209      886.8864       18.1879        6.1637        1.0993        2.8203       14.6701       14.6095             1
7.1418      237.3466        6.5078        2.4301        0.3599        1.1457       73.2108        1.8259             0
0.73119      149.4975        3.3911        4.2464        0.4332         1.192       0.67877        4.1085             1
0.80835      245.8976        2.0036         5.161        2.4043       14.3638       0.15891        7.4755             0
2.9183      1332.4462         73.896         8.1255        0.50927        0.45205        17.4526        20.0447              1
0.65137      327.3539       0.77101        3.9348        1.5819       10.9271       0.54502        6.9391             0
11.8309      1107.1329        36.9312         8.6615        0.62268         1.0025        32.8651        17.0926              1
0.58872      226.4095         3.281        1.7941       0.50262        1.3124        4.4072        3.6952             0
6.0873      354.7754       10.8592        2.8725       0.14972        0.2417       23.4445        8.0679             1
1.4483      727.6499       0.62508       10.7178        2.3174       10.5958        1.4026        8.2175             0
7.7779      1778.5168         19.837        11.0504         1.1207         2.2191        11.6893        28.6684              1
0.77693      598.7772        4.6616       12.9389        2.3457        10.384       0.34364       19.8865             0
0.15351      239.8028        2.9946        2.3101       0.28436        1.4671       0.58886        3.5482             1
9.5326      1559.0169        23.1268         6.1915        0.65778         1.3364        65.4076        10.3261              0
1.3985      516.1713        10.685        3.5793       0.55182        2.6382       0.97136        5.2612             1
1.2429      288.3065        3.3992         2.578       0.54186       0.79603        6.2341        4.7259             0
11.2069      701.5361        44.815       13.4183        1.6367        1.6492        3.4358       15.8421             1
0.20727      139.6094        1.1751       0.89396       0.41454        1.1265       0.21268        1.8907             0
69.2612      1987.8154        46.4257         8.3198         1.2755        0.72549       192.6593        20.0798              1
8.1467      734.3372        7.5482        7.3952         1.104        2.2877        3.3385       21.9995             0
0.021811      47.6759      0.50501       1.1845      0.28858       2.1207     0.033556       0.4681            1
0.59233      124.2107          1.57        5.7449        1.6985        5.4666      0.085638        2.0268             0
1.0322      188.9713        2.0096        3.3822       0.54632        2.4186        1.5868        6.7645             1
4.061      587.7086        3.4107        6.4764        2.6941       17.8898       11.6788        7.6708             0
14.229      1269.3457         9.5551         7.3074        0.92609        0.99362       101.3441        10.5391              1
0.035748      46.2602      0.15674      0.83044       1.1247       6.3796     0.085244      0.94319            0
2.9286      460.3115        3.2754        1.5644       0.20639       0.81317         8.435        8.9097             1
0.076949      67.1704      0.70142       1.7728      0.62743       5.2384     0.020717       1.3792            0
0.55061      116.0781        2.6658        1.2393       0.34116        1.4392         3.867        1.8676             1
6.6945      326.8563       19.1392        3.5314       0.49118        1.8589        2.2146        2.7565             0
0.40937      64.9968       1.6071       2.1217      0.40469      0.47955      0.17545       1.5065            1
0.89528      312.1783        2.8954        1.3486       0.34399       0.98412        3.3875        4.8728             0
1.7049      643.9147        6.7902        5.5556        1.4844        2.0723        5.8349        4.3137             1
9.9004      1322.8456        56.3444        14.3833         1.5427         1.8331        21.4797        20.1548              0
4.3983      114.5835        9.7439        3.9436       0.42941       0.52729        0.6157         1.525             1
0.020696      56.5246      0.63029       1.1157      0.35183       2.0169      0.15804       1.1007            0
2.1003      1751.2569        27.4463        11.8123         2.5425         5.1482         8.4802        25.9934              1
7.7385      2332.3201        26.1599        14.0126         2.5744         6.3357        25.9441        43.4869              0
0.28256      56.7535      0.68071       2.4146      0.47521       1.6311      0.11559       2.3735            1
0.054487      164.9633        1.8823        1.0773       0.65632        2.2364       0.20804        1.4043             0
2.6359      212.9732        8.2819        4.5491       0.81203        1.1904       10.2716        5.9521             1
2.8641      486.4046        6.7011        7.4858        1.3183        5.0062       0.75329        2.0009             0
13.644      1083.0321        34.0268         6.8745        0.53688         1.4502        58.7231        22.2402              1
0.0090814      41.0886      0.48585       1.2827      0.54034       1.8163      0.06811      0.74921            0
2.0345      613.7496        9.3482       17.9238        2.5366        6.9918       0.68244        6.8888             1
0.22643      114.8479        2.2098       0.97283       0.31868        2.3755       0.16144        1.5347             0
0.65459      256.0285        2.9486        1.2694       0.25069       0.14325        2.8511        4.8507             1
0.71121      947.2053        7.7102       14.1596        4.4936       10.0863        2.5539        16.374             0
3.5503      643.8079          6.89        1.9447       0.19132       0.29304        7.2484       17.5409             1
0.23765      115.1552        1.0089       0.99489       0.48929         1.589        0.2959        1.5215             0
6.1877      443.3909       10.3428        5.5373       0.45787        1.0099         8.875        4.7499             1
2.2302      1804.5115         15.147        10.8608         1.1035        0.89442         6.2725        10.9072              0
7.889      751.1815       11.2315        5.2718        1.3983        6.7748        12.084       16.0397             1
3.1431      913.0029        9.6044       12.2973        1.2756        1.2006        4.6105         9.346             0
2.2927       1070.937        29.2624        15.9402         2.5095         8.8763         1.3942        25.7925              1
15.5574      1125.2672        27.4155         6.7398        0.50676        0.58558        19.3468        19.9155              0
13.5394      1130.7205        16.4122        10.0457         2.4929         7.5991          3.364        14.3364              1
7.4234      2705.5914        31.1942        14.0326         2.2031         7.0562        44.0614        32.0722              0
3.13      969.0394       0.83467        4.5087       0.30927        4.7248      114.3534       20.0619             1
0.69709      188.3939         3.053        2.1396       0.36135        1.2377       0.43533        1.1466             0
1.4248      503.6426        7.8761        7.2165        1.0356        1.3127        1.2995        4.4592             1
1.5546       258.934        6.3643        2.2461        0.2433       0.40721        4.8763        1.7595             0
2.8188      1360.5558          4.374        10.6365         2.6244         2.8327         3.4576        14.7883              1
0.27765      162.8704        1.4826       0.67508       0.25043       0.14155       0.70593        2.2775             0
6.4214      1048.6991         7.4752        13.7484         3.8035         7.9691         10.406        21.6682              1
7.6262      410.7255       13.3038        2.6171       0.37291       0.70551        6.3966        4.3809             0
1.3758      1488.9045        13.2054         8.9879         1.9416         6.8149         7.6249        23.0805              1
0.27718      129.5126        1.7674       0.80382       0.24783       0.78751       0.33098       0.80545             0
35.0857      2912.2256        85.0543        34.8928         2.2501         3.1662        59.0333        12.3917              1
0.13021      106.3997        1.7978        1.8503       0.48199        1.6767        0.3061        1.6424             0
5.934      1313.0822        35.7001        10.3406        0.54382         2.3032         7.1176        12.8437              1
0.82195      408.4408        5.7746         6.088         1.024         6.499       0.53636        4.2909             0
0.10369      134.9799       0.64751        1.0855       0.28143        1.9341        1.0136        1.2844             1
0.041099      37.5647      0.29704       1.6066      0.35121       1.9167      0.10835      0.45583            0
13.6343      546.1264       35.2069         7.287        0.4164        2.6052       11.8033        5.4879             1
1.5604      1590.4726        12.9878        14.0754         2.1121         7.7391          2.254        44.3225              0
0.54805      108.0811        2.8763       0.98781       0.15055       0.52428       0.62069        3.0995             1
0.20266      79.1247      0.67423       1.4186       0.2806       1.0951      0.31958       1.2315            0
21.4138      4235.2838        55.5508        13.1554         0.5292         2.7503       203.6813        38.3631              1
0.47714        714.43        8.7332       12.5793        2.2122        4.5401        1.2868       16.2952             0
2.9028      1376.3292        21.4024        10.1991         1.8515        10.3403         1.6005        23.7874              1
4.6883      1052.5199        23.5772         7.5998         1.0704           4.46          8.185        16.2843              0
1.9835      3085.0846        35.6605         6.4928        0.77058         1.8979        88.1453        46.9623              1
0.43939      70.7952       1.6912       1.1734      0.21118      0.76468       0.8328       1.2449            0
43.4911      775.1548       80.5478       10.7953        1.1116       0.32065        5.6862       18.4909             1
0.34525      99.2438       1.2027       2.9799      0.68483       1.9328      0.15564        3.028            0
1.2993      255.6298       14.8425        4.5061        1.1161        4.3895       0.83291        3.0485             1
17.719      969.5289       49.4881       10.8219        1.1819        1.3142        9.3137       11.4746             0
3.4141      839.8969       12.4003        4.7706       0.49251        1.0309        7.9928        7.1163             1
0.56671      126.9787        3.0975        1.8243       0.43991         1.343       0.11386       0.30794             0
0.80638      250.3227        5.6011        2.0531       0.29951       0.66558        5.0456         4.316             1
0.31546      133.3304        2.3236        0.8579       0.27122       0.65593       0.51743        1.8312             0
1.4518      657.5731        2.8717       13.0822        2.9834       16.7676       0.57434       12.0133             1
4.3473      300.2206        4.9611         7.058        1.2701         4.765       24.6945       12.6839             0
5.2978       458.832        6.9796        2.0825       0.12137       0.68197       25.3754        4.6755             1
1.4195      411.4273        7.4774        5.3101       0.83537        5.4153        2.8858        2.8332             0
4.8598      1384.8018        13.5526         6.0804        0.64858        0.41887        22.2768        11.4447              1
0.50816      177.5019       0.88399         2.906        1.4292        8.4376       0.26467        2.6043             0
31.0429      1694.6457        32.9411        13.5967         1.1654         3.4963        38.3887        21.9843              1
0.82857      563.9266        4.9245       11.4749        3.7833        3.6895        0.6097       12.6943             0
0.63343      721.3492       16.9701       16.4988        2.2538       10.9599       12.8749       16.1452             1
0.595       285.619        3.5441         4.553       0.52774        2.8198       0.81747        4.3461             0
2.9308      817.1523       10.9188        5.6318       0.79128         1.282        6.5159        5.6362             1
1.0602      904.9458       14.9055       11.2415        2.1984       10.7425        5.0984       10.2748             0
0.40499      164.9159        1.0473        1.4297       0.26181        1.2048       28.9529        1.3602             1
2.169      360.4928        6.5932        1.6416       0.24214       0.22983        4.5042        1.8571             0
33.356      1708.4895        72.4841        22.6249        0.98369        0.10569        10.8937         16.552              1
0.29722      234.2279        2.2131        1.4733        0.2737        0.9772        1.1611        2.4441             0
2.1632      154.4701       13.7084        4.9513       0.78577       0.72423        1.5242        4.4306             1
0.28505      101.6549        0.4526        1.4427       0.32857       0.82469       0.23065        3.1878             0
1.2929      358.0596        4.3416        3.4025       0.22116         1.065        5.3793        8.5062             1
0.17497      122.5469       0.92781        1.4274       0.46275        1.5356       0.27167       0.96234             0
2.36       631.206       10.7443         4.852        1.7467        7.2043       13.0888          3.54             1
1.8168      471.8443       20.6959       10.2374        1.4227        7.2864         1.365        6.1425             0
1.0625      361.9976        7.9117        3.1461        1.2327        2.9656       0.92836        2.2435             1
0.085842      86.2839      0.70188       1.2826      0.53525       1.3507      0.14644      0.94931            0
0.20977      143.6413        1.7578        1.8759         0.258       0.59556       0.34239        5.7868             1
0.049951      82.3237      0.95307       1.3627      0.33567      0.82919      0.62739       1.0969            0
7.476      879.7909       12.4901        9.9905        1.3286        1.0208       20.2138        6.5077             1
3.5896       139.279       0.95943        2.0201       0.38985        1.2809       28.0436        4.6301             0
20.9708      3784.8966        48.6657         8.3209         1.5594         1.1851       242.9667         75.687              1
3.8285      363.8103        3.2182        2.1176       0.28948       0.80064       46.4761        9.8893             0
2.6569      1703.8664         21.203        16.0803         3.1779         4.9665         4.1503        16.7054              1
0.18943      193.6811        2.4722        1.5994       0.34769       0.62345         1.139        1.6641             0
5.7406      2379.8621        93.6846        13.5395         2.2403         4.9146        43.5029        76.1826              1
2.6106      1819.2762        25.1667        11.5566          2.929          7.195         6.7652        11.5089              0
4.1376      259.7015       0.89076        1.2239       0.14619       0.12749       54.0424        14.599             1
0.57803       193.717        4.8422        2.5124       0.20789        0.9583       0.49183        1.9825             0
12.7745      1570.3054        15.3965        12.9936        0.77359        0.40391        69.9859        18.1349              1
1.9014      969.5377        7.5555       11.3082        3.5859       11.0414        1.6846       12.5258             0
11.2302      1549.1973        55.3784         9.1741        0.26614        0.82452       132.9823        24.4433              1
0.48802       199.391        3.4779        1.5735       0.44876        3.5648       0.31974        1.2397             0
1.703      415.9811        2.0255        1.7318       0.33983        1.2384      109.9994        7.3822             1
2.0381      284.9974        4.0475        1.3435       0.10687       0.88546        2.4045        3.4426             0
0.9897      271.4793        2.6863        3.5347       0.91017        3.6849       0.77762        4.6437             1
0.14461      143.9055       0.59956       0.88065       0.29084       0.79291       0.31359        1.4737             0
0.13194      138.9139       15.6814        2.9828       0.77168        5.4377       0.27189        1.3794             1
1.1721      312.9984        3.4859         8.357        3.9425       16.5922       0.31967        7.4893             0
86.1795      7308.3359        79.9876        20.6081         1.6671         2.6673        68.3975       104.9301              1
