0.24416      130.5491       0.73247        1.3549        0.3142        1.1647        7.1185        1.4909             0
3.13      969.0394       0.83467        4.5087       0.30927        4.7248      114.3534       20.0619             1
0.29529      127.7277        1.6781        1.2749       0.39467        3.3788      0.051108        1.5844             0
3.6668      180.3727        4.7717        2.2881         0.198       0.78224        3.2756        3.0556             1
0.30947      153.6976        2.9279        2.1349       0.51498        1.3443       0.73984        2.3718             0
6.0873      354.7754       10.8592        2.8725       0.14972        0.2417       23.4445        8.0679             1
1.5236      267.4645        1.9585         2.596       0.25663       0.53216        2.2367        3.0606             0
3.6783      832.8731        20.344       11.0491        1.9099       12.5205        2.8578       24.7721             1
7.5691      1086.8658        52.3075        11.6785         2.0547         2.1952        10.0804        17.9744              0
7.5979      1038.0466        17.5648        13.5591         1.4214         3.2304         8.1837        14.7479              1
13.4553      1452.6257        67.4876        14.4923        0.58788         1.0767        37.9284        18.3763              0
1.8294      1065.5375         7.4796        14.2469          3.157         5.2616        0.87424        14.5383              1
2.603      1315.0819        51.9234         8.7743         4.1976              0         8.6026         7.1367              0
22.7966      1162.0277        29.5126        11.2632         1.6133         1.6058        34.9828        15.2778              1
0.48891      156.8005       0.86572        2.5757       0.38397       0.60815        1.3093        1.9652             0
1.184      244.0403        3.9241        13.041        4.5838        7.0025        0.1184        6.7827             1
2.2302      1804.5115         15.147        10.8608         1.1035        0.89442         6.2725        10.9072              0
5.2978       458.832        6.9796        2.0825       0.12137       0.68197       25.3754        4.6755             1
0.57438       108.139        8.1445        2.6706       0.41238       0.99167       0.13746       0.70694             0
6.7436      541.0284        7.9179        2.8984       0.42423       0.47175       21.5511        6.0683             1
0.028682      39.1532     0.092796       0.7643      0.48929       3.3137      0.03037      0.79805            0
4.6646       455.895        4.4311        5.5942       0.53528        1.4931       54.7834       15.9335             1
0.49366      146.6885        6.3928        2.8776       0.38451        1.1808        0.6425        1.6323             0
12.7846      566.5152        4.6629         8.849        1.6163        4.9862        30.612        7.4348             1
1.2713       630.951        8.7835        5.1237        2.2248        16.681       0.49118        1.2135             0
2.0814      478.2227        6.0544        7.5784        0.5752        2.2593         1.097        5.8587             1
0.041878      112.6741       0.85587       0.87681       0.67004        5.6404       0.08899       0.77473             0
2.6359      212.9732        8.2819        4.5491       0.81203        1.1904       10.2716        5.9521             1
2.2478      552.2617        8.5206       10.9413        1.3929        2.4111       0.77809        4.6301             0
2.2474      387.3119        6.6093        5.4039       0.42223        1.2429        7.9917        2.4414             1
6.5054      642.5779        16.055        4.7573       0.32202        0.4925        7.4281        6.5568             0
1.0508      655.2817         1.065        8.5343         2.982       13.3624         0.213        14.115             1
0.071664      80.5396       1.4388      0.97574      0.70286       1.3175     0.071664      0.44101            0
0.32655       256.901        2.9161        3.0761       0.31349       0.79025        1.9038        5.9269             1
1.4592      899.1248       25.0001       13.2033        3.2173        7.9993        2.5668       18.9171             0
33.356      1708.4895        72.4841        22.6249        0.98369        0.10569        10.8937         16.552              1
0.47033      120.6888        7.7311        1.7994       0.39894        1.2871        0.7328       0.83568             0
9.7409      1279.8365        34.5717        14.6541         1.9396         4.4518        44.9193          32.82              1
8.813      772.4035        10.833        5.6749       0.53085       0.64829      106.6248        8.9727             0
6.6637      894.9367       14.2959        4.0243       0.25488       0.34833       61.8251        17.108             1
0.39787      166.8662        3.2777        2.0604       0.21551        1.4162       0.51392        2.2878             0
10.5563      619.8609       30.4344        7.4262        0.8667        2.4006        9.2718        6.8089             1
13.6563      472.2827        1.0715        1.3509       0.20021       0.82505      110.9554        4.0725             0
2.9374      215.1811        4.6506        1.2283       0.19592       0.37238         6.921        6.3555             1
7.4234      2705.5914        31.1942        14.0326         2.2031         7.0562        44.0614        32.0722              0
3.8218      796.5619       14.6475        2.7494        0.2607       0.37895        6.7889        9.1244             1
0.78423      437.9102         8.164        6.0225        1.2769        1.8299       0.73396        8.7874             0
30.4713      7449.6382        57.8802        14.4267        0.83787         1.5987       114.7395       107.6802              1
0.080537       193.277         2.189       0.61692       0.32215       0.51383       0.22712       0.83598             0
11.0053      1040.3976        28.8697         8.8072         1.1689        0.91895         6.3591         8.3808              1
1.0183      136.0692        7.1611        4.9543       0.46655       0.61466       0.98494        2.7512             0
0.10867      96.8962       1.7954        1.819      0.40397       1.8899      0.06851      0.78195            1
0.19274      138.7334        2.3305        1.8774       0.41553        1.6571       0.76847        2.1652             0
0.02631      52.3606      0.52808      0.90769      0.54311       2.3322     0.041344      0.45479            1
0.071065      57.0559      0.44696      0.79294      0.41891       3.4934     0.063585      0.44135            0
4.7072      199.1847        4.8663        2.8165       0.25557       0.73542       22.5634        2.5531             1
4.6883      1052.5199        23.5772         7.5998         1.0704           4.46          8.185        16.2843              0
21.5988      3228.4128        39.9075        24.4116         2.4718         3.9379        17.2518        39.2767              1
0.23218      96.8596       1.4511      0.80392      0.14366       1.2842      0.37149       1.0332            0
1.129      372.9678        4.6067        2.5326       0.44992        1.2649       11.0358        5.5717             1
0.96215       765.172        9.9128        6.9998        1.9508        5.1285       0.76795        7.7854             0
6.4214      1048.6991         7.4752        13.7484         3.8035         7.9691         10.406        21.6682              1
4.696      764.6039       25.5798       17.2776        3.3177        5.4814        2.0355       21.4447             0
0.24698      95.9785        2.135       1.2678      0.31467      0.79581      0.41894       2.1679            1
0.080657      60.1966       1.3904       1.0908      0.23045      0.98324      0.04801       1.3731            0
0.63097       108.211        2.8245        2.1555       0.30278       0.76224        1.4525        3.7858             1
1.8655      210.5218        6.6493        1.5994         0.309       0.87264        9.9081        1.6423             0
14.3736      1412.7304        33.6001         6.2625        0.69904        0.81458       154.1758        18.1288              1
0.18915      100.2475         5.064        2.1968       0.59069        3.2587       0.23229       0.51104             0
13.7562      3463.5307        43.3261         9.4843        0.73484        0.48009        17.7341        72.9842              1
19.0468      1617.6968        10.5693          9.801         1.0589         2.0596       111.7626         5.5655              0
26.5317      2479.6314        42.6512         11.047         1.0027         1.1094       245.4417          20.67              1
0.16496      155.2633        1.4585        2.7572       0.48703        1.9848       0.33254        1.3694             0
1.0713      457.0289        7.9117        4.4737       0.39149       0.87908        2.1781        3.9256             1
6.4973      554.2164        9.9511        4.0547       0.66927        2.4475        2.5989        4.7191             0
35.0857      2912.2256        85.0543        34.8928         2.2501         3.1662        59.0333        12.3917              1
0.20727      139.6094        1.1751       0.89396       0.41454        1.1265       0.21268        1.8907             0
11.3717      2053.7916       145.0996        13.4781         1.5065          2.613        51.8594        45.3936              1
0.72476      422.9151        6.4598       12.7149        2.3634        7.6888       0.72476        9.9734             0
0.4368       102.437        1.3587        1.8208       0.38393       0.94027       0.52646        1.7242             1
0.59233      124.2107          1.57        5.7449        1.6985        5.4666      0.085638        2.0268             0
6.4815       1192.902        40.5967        12.9226         1.4254          2.044         4.6258          18.53              1
0.020696      56.5246      0.63029       1.1157      0.35183       2.0169      0.15804       1.1007            0
0.20977      143.6413        1.7578        1.8759         0.258       0.59556       0.34239        5.7868             1
0.086219      88.5154      0.55912       1.6564      0.77336      0.98237      0.17505       1.1731            0
0.58532      128.3876        1.5218        1.6121       0.34875        1.7852       0.52435        2.6535             1
1.0528      152.2592        0.7615        1.7962       0.42596       0.54249       54.4058        2.0072             0
4.1814      636.7599       24.8583        9.6416        1.6812        3.6353        3.9084       12.3142             1
0.44085      90.7351      0.99787       2.1923      0.48255       1.1111      0.16383       1.3285            0
7.5517      789.8633        4.7465        4.1009       0.37518       0.52788       55.7061       13.2536             1
0.55112       256.413        2.5058        2.0253       0.59727        1.3846       0.76831        3.4017             0
0.10521      69.9553        1.039       1.8844      0.28934       1.6083     0.043212       1.4899            1
0.7699      245.5392        2.6683        3.4276       0.46054        1.2093       0.98787         5.101             0
1.2336      139.0877        2.4912        1.1134        0.1683       0.91733        1.5813        1.3723             1
0.103      156.8706        1.2987        1.4017       0.34707       0.90463       0.40753         4.391             0
27.9428      1950.1217        19.1329        10.5086        0.77714        0.46078        55.2597        26.0309              1
0.071456      80.1967      0.91842      0.88479      0.46867       1.9188      0.14922       1.0802            0
15.8595      668.5602       12.7515        6.4206       0.28935        1.0726       92.6728        7.4533             1
0.2162      121.6818         1.468       0.85258       0.16738       0.27722        1.5273        1.5081             0
3.878       804.113        5.7503        5.8909        1.2951        4.4996        2.1166       16.0743             1
1.3095      478.5003       13.9379        2.7403       0.27061        1.0389        3.2504        4.3795             0
0.5133      79.8269       2.1675       1.8724      0.30133      0.74397       1.3508       1.3695            1
36.9009      2646.4224        17.9278        14.0379         2.4742         3.2283        357.974        69.4488              0
0.4223      486.2119        4.9052        8.9657        4.8564        6.9679        0.4223       14.4556             1
0.37249      147.9584        1.3511        2.7158       0.57227       0.81608       0.70772        2.9426             0
1.9835      3085.0846        35.6605         6.4928        0.77058         1.8979        88.1453        46.9623              1
0.94156      743.2725        5.5722        6.0198        1.6593        6.5601       0.79493       14.1466             0
11.0905      4663.4925        76.4338         8.2758        0.86347          2.097        54.9144       135.3179              1
0.79224      428.9151        2.4233       11.2623        2.4699        5.6545       0.57477        8.4972             0
11.8309      1107.1329        36.9312         8.6615        0.62268         1.0025        32.8651        17.0926              1
10.1267       556.753       47.0872        8.9004       0.37928        2.0544        4.5829       20.0511             0
0.25241      106.7512        3.4866        2.2764       0.27836        1.0167       0.28544        3.0124             1
15.3407      1127.5816        32.5185          8.721         1.1215        0.77348         6.7035        13.1814              0
1.928      443.9817       19.0295        3.4244       0.33835       0.46086        3.3106        5.8016             1
0.53611      133.9927        1.0192        3.9708       0.93672        3.0576       0.14728         2.439             0
5.1755      1005.3169        10.9017         7.2719        0.18353        0.50573        35.7313        13.8015              1
2.2014      785.1845        9.8069        7.0717       0.39704        1.1426        2.6116         9.026             0
2.1003      1751.2569        27.4463        11.8123         2.5425         5.1482         8.4802        25.9934              1
0.50193      366.8823        2.2757        1.0379       0.39595       0.38995        1.4958        3.5115             0
1.363      488.2316        8.5939        6.4634        1.4132          9.01       0.95408        6.0258             1
0.023023      61.3925      0.47389      0.61011      0.47389       1.4984     0.044127       0.5372            0
0.13864       87.233       2.1611       1.5075       0.3235        1.809      0.18046       1.1246            1
0.20487      81.6999      0.95119       1.1749      0.34285       1.8459      0.18815        1.662            0
6.6675      1075.2947        10.9697         7.5192        0.56941        0.64728         12.274         13.554              1
2.0534      723.8748       10.4167         12.53        3.9418       10.5066        1.1241       12.8747             0
0.86661      1158.9912        47.1752        14.2597         2.7259         8.9025        0.58299         34.822              1
0.07506      86.7118      0.40961       1.0315      0.46108       2.5864      0.10294       1.1066            0
10.3531      344.9454       15.7582        4.9715       0.24538       0.49749       17.1532        3.8286             1
0.12841      107.6341        1.2023        1.3961       0.43891        1.9167       0.26848        1.5105             0
0.96632      97.1238        6.715      0.91874      0.30843      0.51023       1.9835       1.4979            1
0.72294      277.8604        6.1883        7.9451        1.9302        4.1207       0.49883        5.4365             0
22.3622      1082.2551        53.5088        13.4216        0.84506         1.7469        32.6592        23.0652              1
0.024559      58.9514      0.55012      0.84483      0.59678       2.5713     0.088412      0.64836            0
12.1146      1556.6567         24.727        15.1621          2.429        12.1448       205.2993        47.9001              1
0.58225       159.678         1.735        1.7162       0.38504        1.8759       0.52121        1.3922             0
5.2499      941.5332        9.9429        5.1958        1.2706        3.1142       13.4031       10.2619             1
0.64909      178.1684        3.1542        1.6051       0.31521       0.85854        1.6694        4.0335             0
0.082035      195.3048        2.2355        2.0338       0.59475        1.6475       0.60501        2.5021             1
5.9497      1002.1208         1.3538         5.9613        0.44739         3.0446        31.6716        28.6793              0
2.3061      988.0838       16.9009        4.5448       0.96647        2.4651        5.1382        8.5759             1
0.035748      46.2602      0.15674      0.83044       1.1247       6.3796     0.085244      0.94319            0
23.9722      2761.6566       120.2273        19.4617         1.0189           1.66         79.312        35.8324              1
23.3722      1251.9567        34.0234        14.1525         1.9673         2.4958       157.5278        25.4863              0
0.62397       792.889        4.7095        8.7653        4.3975       10.5927       13.6531       12.4794             1
17.6974      1668.6132         5.4825           8.61        0.71593        0.17584       180.4841        26.4204              0
24.2693      2066.4082        49.0384         8.3629        0.70321         1.0054        152.677        10.0832              1
0.35753      153.6421         1.205        1.2107       0.40482       0.68479       0.70181        1.6155             0
0.15351      239.8028        2.9946        2.3101       0.28436        1.4671       0.58886        3.5482             1
0.33474      231.7461        1.9831       0.87065       0.18427       0.51394        4.4682        7.6989             0
16.8865      1240.9064        12.6846         10.124          2.206         4.2019        10.9907        20.4318              1
3.9864      870.3313       11.8755        11.298        1.8256        4.1634       0.77307        7.5072             0
1.948      530.8537       10.1616        7.0289        1.1211        4.2221        1.6061        4.7151             1
1.7892      290.4616       12.2546        2.7633       0.34573       0.34321        3.3387        5.6226             0
0.46565      265.9459        3.5249        2.9567       0.24284        1.7475       0.35049        3.4423             1
2.111      341.1027        4.0733        3.3631       0.34248        1.0808       57.5232        6.4988             0
1.3758      1488.9045        13.2054         8.9879         1.9416         6.8149         7.6249        23.0805              1
2.3305      790.5618       14.1803        5.0357        1.3083        6.2554        1.3697         4.511             0
0.37869      154.3011       0.60055        1.1437       0.34426        0.2123        2.5246        2.5801             1
0.80835      245.8976        2.0036         5.161        2.4043       14.3638       0.15891        7.4755             0
0.44565      45.1458       4.4468       2.1289      0.54252        1.584      0.48924      0.88402            1
0.063661      99.8904       1.2771       1.5761      0.36461       1.3272      0.17169      0.83146            0
0.26596      139.5761         1.447        1.1321       0.38145        2.3604        1.4523        1.2318             1
1.2815       434.662        1.5497       12.6658        2.4885        3.4719        1.3411       10.5499             0
2.8188      1360.5558          4.374        10.6365         2.6244         2.8327         3.4576        14.7883              1
1.3028      785.7571        7.1254       13.6879        3.5868        6.0799        2.9274        9.3129             0
0.53531      276.1217        9.7347        10.508        1.3482        3.0334       0.23792        2.1908             1
14.9403      1244.1125         7.5264        17.7547         2.9752         9.1346       141.7478        27.0823              0
4.9659      636.8787        7.8969        5.2505       0.48851         2.022       43.0573       21.9704             1
0.44933      56.5647       6.6319       1.4836      0.23314       1.2272      0.28613        1.117            0
2.0345      613.7496        9.3482       17.9238        2.5366        6.9918       0.68244        6.8888             1
3.9802      245.6208        6.8462        2.9902       0.44737        1.9742        4.6757       10.1885             0
7.9013      548.6632       42.8037        8.5002       0.90154        3.0008        2.6789        5.0808             1
0.12126      65.0142       1.5158       1.9596      0.46323       3.4318      0.08731      0.79549            0
1.8952      471.1029        7.8589        1.7404         0.205       0.86391       13.9962       10.3649             1
0.085524      154.7577        1.7479        2.2423       0.48642        1.5261       0.54789        1.5555             0
0.52262      240.6592        2.6573        2.2794       0.33614        1.1925         0.952        3.3958             1
32.9165      1710.1121        95.4876        11.1341        0.98155         2.4291        39.2123        16.4781              0
79.1844      2695.2012          5.395        18.3474          1.838         3.0705       651.3797         81.163              1
0.068753      131.3369        2.8486        1.3007       0.38465       0.78973       0.26572        1.9362             0
0.35886      164.9678        2.6946         1.376       0.22721       0.38647       0.43743        5.3957             1
0.30566      172.3969        4.8867        2.0907       0.25864         1.301        2.4669         3.666             0
1.5936      339.1138       12.6462        5.0034       0.29549       0.33533        1.2351        4.2663             1
8.5481      912.6395       21.3265        4.7985       0.19356        1.1364       17.1086       11.5702             0
0.18872      87.6854       1.1061      0.77554      0.20938       1.3458      0.30581      0.93808            1
1.5644      536.0165        3.3742        14.923        3.8956        7.7912        1.1196        7.7146             0
4.0371      356.2751        2.9974        2.4133       0.20749       0.33831       20.4788        4.6754             1
0.29828      149.0768        3.4024        3.1369       0.73424        1.2554       0.74079        3.0517             0
41.0811      1230.4128        27.1774         8.1045        0.47253         1.3531        65.3875        10.0233              1
84.2163      761.5794        5.8951       13.5572       0.72657             0       40.9027       14.6801             0
2.1632      154.4701       13.7084        4.9513       0.78577       0.72423        1.5242        4.4306             1
0.93159      303.8875        4.8793        2.2101       0.45258        2.5074       0.43276        3.0723             0
0.77665      444.2765        3.1413        3.8529       0.61611        2.2692      118.9397        7.6927             1
1.7195      656.6819        4.8836        5.2526        1.4447        7.3018        2.3083        4.6951             0
8.9023      1167.1741        34.6946         7.6853         1.1358         1.6964        11.5944         14.788              1
0.053244       58.351      0.17202       0.5222      0.83552       4.9005     0.090105      0.71879            0
5.8624      1535.5813        19.7434         6.3305        0.82872         4.8495        238.256        14.1035              1
0.23761      223.5009       0.51654        1.2345        0.6121        0.9711        0.5088        1.3766             0
55.2371      1495.7003        90.9315        23.7357         1.2261        0.92339         7.0087          9.022              1
8.1417      332.0971        2.9146        1.5056       0.20267       0.75665       57.8971        12.089             0
8.606      816.8419       29.4321        10.339        2.2219        5.9694        6.8729       15.1678             1
0.29722      234.2279        2.2131        1.4733        0.2737        0.9772        1.1611        2.4441             0
4.0571      231.4405         3.222        9.5891        0.8055        2.0611        1.4511        4.8153             1
0.17497      122.5469       0.92781        1.4274       0.46275        1.5356       0.27167       0.96234             0
1.597      416.4811       22.9861        7.7428        1.2556        1.9825        1.1234       10.3641             1
2.9668      428.5826        6.7852        12.618        1.5017        6.0709         2.454         8.818             0
8.3177      1037.2767        14.7274         8.5535         1.5006         9.2609         3.3121         6.5491              1
3.1053      459.2078        8.3758         4.796       0.20271       0.87122        3.4418        7.8669             0
3.4509      693.3847       45.7457       12.5087        0.8913        2.6053       16.8585       23.3414             1
9.7254      1701.1312        31.4712        20.1634         2.4837         4.3072          3.406        12.9951              0
13.644      1083.0321        34.0268         6.8745        0.53688         1.4502        58.7231        22.2402              1
0.36411      655.5243        4.6947        7.8942        1.1233        6.2441       0.98388       13.4411             0
0.29292      278.2605        3.4285        1.3559        0.4771        1.4779        1.3314        2.4299             1
9.6256      901.6021       29.2329        5.7713       0.74747        2.4916       12.3359       10.4901             0
16.5428      1108.5737        11.1675         6.2562        0.78632        0.73476        71.6196        10.2351              1
5.3038      315.0384        7.0375        3.3384       0.30328       0.48477        44.343        6.4524             0
184.5832      3678.3331        54.0715        15.4304           1.02        0.84209       129.2308        99.5798              1
16.9051      1748.9984        48.9088          9.295        0.81437         3.3417        21.9879         9.2389              0
3.6517      380.4175        3.2085          1.31       0.15954        0.5513        4.6036        4.5699             1
0.098131      90.5226       1.6611       1.1345      0.55767      0.99567      0.20344       0.8018            0
10.3515       1203.865        31.9977         8.2706        0.68971        0.76045         7.4748        17.0069              1
3.5896       139.279       0.95943        2.0201       0.38985        1.2809       28.0436        4.6301             0
0.56      152.5533        8.3632        3.1279       0.39421        1.5695         1.039         3.209             1
0.24332      122.0662       0.85047        1.4831       0.48433         1.351       0.19002        2.0624             0
1.5433      470.1892        1.9795        3.9254       0.38583       0.37745       0.59553        3.7493             1
0.46943      216.7166        2.2695        2.4395       0.65055        2.4322       0.16633        3.4043             0
3.122      912.4667       25.5832       13.5287        2.1825         2.486        2.4427        8.0363             1
0.31358      201.2192        4.1258        2.8715       0.86458        3.3419       0.10751        2.2354             0
2.1618      227.9967         7.282        1.7383        0.2069        0.9204        3.3162        4.5827             1
0.071729      84.9251      0.51695       1.1996      0.56394       2.0332     0.061836      0.91022            0
6.345      581.6677       11.8317       11.5363        3.0529        8.0754        1.6038       10.3686             1
0.043268      89.1931       1.1178       1.5961      0.49999       1.2884      0.24278      0.87979            0
22.9337      2415.5291        27.1599        12.0821        0.82039         1.8645        41.7778        62.0762              1
34.4848      4052.5829        71.8746        17.2279        0.77212         1.1485        70.0312        14.5641              0
0.43956      118.3137        5.3421        2.5436       0.46007        2.3384       0.33113        2.6901             1
0.021889      88.6362       1.0765       1.4029      0.39798       2.0635      0.10148       1.4984            0
3.4141      839.8969       12.4003        4.7706       0.49251        1.0309        7.9928        7.1163             1
0.12929       95.531      0.35554       1.4488      0.37265       1.3518      0.19963      0.71678            0
1.9675       308.988         3.532        4.2942       0.38313        1.2611        1.3409        1.4966             1
0.11115      97.2957       0.7946       1.3409      0.41385       1.2534        0.175       1.0264            0
3.3675      365.4711       10.3078        4.2162       0.38329       0.41067        3.8158        3.9424             1
3.008      226.0386        5.2737        2.5545       0.34659       0.53913        4.6746        5.3785             0
0.23059         290.5         2.347        1.0731       0.32877       0.85845       0.94521        4.2032             1
0.033248      59.0337       1.0835       1.0992      0.37356       2.0438     0.035204      0.54175            0
0.68238      166.9325        1.1317        2.1079        0.5405        2.7228        4.1753        1.6553             1
21.2646      4700.0257        55.9574         8.8996         1.3192        0.40363      1103.9965        47.6484              0
2.9878      592.4035       20.3403        7.1243        1.3745        1.5552        2.4328        7.9567             1
0.11709      100.4708       0.75513        1.5748        0.5305        1.5915       0.23897       0.94153             0
0.57665      171.2176        1.8963        1.7688       0.26349       0.78183        1.2526        4.3907             1
0.034209      34.1575      0.21808      0.45042      0.42904       2.8807     0.028507      0.28222            0
14.8577      708.4333       22.3653        9.1916       0.73187        2.2271       22.4361        8.1686             1
13.3328       860.938       15.9758        9.8403         1.817        2.3834       19.5863         8.747             0
19.5064      1626.5216        33.1788          7.595         0.9449        0.50824         5.1397        36.5432              1
1.5604      1590.4726        12.9878        14.0754         2.1121         7.7391          2.254        44.3225              0
5.6985      525.1234        22.814        4.4084        0.4746       0.51804        7.1189        8.0013             1
0.81427      220.0062        8.0155         8.007        1.7049        3.4182       0.38169         2.587             0
2.8419      844.7791        12.741        5.4033        1.1045        2.3225        4.3584        5.2839             1
0.1712      73.2703       1.5354        1.152      0.25323       1.1288      0.14623       1.4837            0
11.4247      1311.0242        20.0565         7.3449        0.74613         1.5402        22.2401        14.5872              1
12.6044      1243.7287        24.1321         5.0812        0.59105        0.61854        22.4506        21.0257              0
5.3954      455.0095       20.6293          7.86       0.28762       0.22811       44.1496        5.9557             1
3.6585      240.1693        9.8286        3.2462       0.31359       0.86527        4.0766        2.9529             0
1.0912      1975.7707        39.2461        10.9509         1.5406          3.094          3.017        41.9421              1
0.63434      142.7723        3.1331        2.6652       0.44862       0.82488       0.57163        3.7096             0
2.2927       1070.937        29.2624        15.9402         2.5095         8.8763         1.3942        25.7925              1
1.7274      1265.1187         8.2515        12.6318         1.7428         5.6758         2.4523        10.8118              0
12.1669      614.9986         5.637         3.235       0.47442        1.1394      231.9931         6.937             1
1.0886      572.9561        9.3466       13.7322        3.5613        8.0713       0.77759       11.1817             0
11.2302      1549.1973        55.3784         9.1741        0.26614        0.82452       132.9823        24.4433              1
0.054487      164.9633        1.8823        1.0773       0.65632        2.2364       0.20804        1.4043             0
43.5199      1393.2554         4.8564         6.7404         0.3757         1.4254       341.7723         38.227              1
9.9972      1498.6052        28.6915         10.537         1.7296         1.9872        33.7208        35.5362              0
2.1309       870.723        8.5713       16.4428        2.0991        9.1437        1.0654        9.0006             1
0.82195      408.4408        5.7746         6.088         1.024         6.499       0.53636        4.2909             0
0.26338      220.7098        2.8094        2.4488       0.57067        1.4329        1.0974        5.3147             1
0.036516      56.5755      0.76135      0.79239       0.4035       1.1703     0.056599       1.1466            0
1.3878      695.7223        15.426         6.517       0.92735        2.4687        3.0634        7.2141             1
0.090707      95.4067       1.9956       1.4081      0.46649       1.6673      0.19221        1.555            0
17.2974      2929.8144        65.4444        10.6473         1.9806         1.9206        48.6872        96.8702              1
0.63216      608.5367         4.109        4.4184        1.2509        8.8838       0.36988        4.2301             0
0.093444      79.2883      0.81313      0.83772      0.40001       1.2541      0.24427      0.81969            1
0.9584       504.565        1.8826       13.2465        3.5427        7.9411       0.75303        12.271             0
27.4806      1570.5338        19.1561         6.2525        0.85178         2.8997        75.8511         6.5726              1
0.4032      76.2947       2.2848       2.3993      0.32356       1.4759     0.072178         1.13            0
3.6874      483.2464        3.8024        3.0718       0.32335       0.84257        4.5175        9.9616             1
0.22956      130.0162         1.285        2.0329       0.43781        1.7181       0.22246        1.2259             0
1.6649      543.7914        9.5276        5.6031       0.23327       0.43453        1.1984       10.5659             1
56.6202       1482.699        35.9151        16.4158         1.4133         2.9946         20.458         15.042              0
0.78384      160.1959        2.2555        2.2685       0.42825        1.1965       0.63589        3.0731             1
1.0322       316.471        8.5789         2.891       0.77951        2.1715       0.79236        5.3238             0
0.80066      275.7002        6.7407        2.9344       0.78389        3.0811       0.61622         1.266             1
7.5983      1557.2276        14.1491         9.2904         1.3295         2.0386        14.6487        24.3581              0
0.81593      738.4749        6.3119        9.4216        2.7865        7.1432       0.46185       10.0374             1
0.37365      100.5937        1.5369        1.1588       0.43592        1.3434       0.25355        1.1298             0
5.934      1313.0822        35.7001        10.3406        0.54382         2.3032         7.1176        12.8437              1
9.5796       653.955       13.1266        3.9479       0.43526       0.49253       31.1671        9.2054             0
5.712      659.3159        9.5978        2.7309       0.35535        1.5431        1.3326         5.508             1
1.8358      234.2706        5.8997         5.227        1.5135        5.3461       0.55353        2.6906             0
0.10692      114.0553        1.3764       0.88545       0.37345        1.0707       0.24244        1.1972             1
0.30148      193.6349         2.513        1.0475       0.22515       0.37399       0.59532        1.9386             0
13.5247      1430.3553        41.5284        16.1963          2.278         3.8881         7.8715        10.0899              1
8.258      1137.7474        25.6675         6.8494        0.82722         1.6544         6.8069         9.4256              0
11.6763       1169.145         4.8954         5.5703        0.29037        0.43352       160.3883         29.295              1
0.29168       35.196      0.38468         1.03      0.26068      0.52136     0.097227       1.2231            0
24.4105      1707.0416        25.4529        12.0894         2.2586         6.7614         8.1224         14.377              1
9.5335      980.8545       27.7638        9.7504         1.415        1.0019        5.2883       17.1148             0
7.0077      3818.5023        22.3997         7.5144        0.86999              0        20.4208       111.3008              1
31.779       1543.681        72.1837         16.257           1.47         3.7724        10.6146         20.278              0
0.10847      97.3817      0.98455       1.0346      0.17688       1.3767      0.35878       1.8556            1
0.05366      46.1837      0.44717       1.2074        0.474         2.56     0.015651      0.54555            0
0.92253      177.4259         2.889        6.2757        0.2711       0.73236        1.1491        7.5219             1
0.31993      136.4949        2.7101        2.2897       0.37809         1.055       0.16922        3.3235             0
82.2068      3803.0537         4.6756         7.6091        0.63541          2.907      1010.2303        50.2031              1
4.5314      577.0654        9.8131        3.3358       0.41865       0.57606        7.1639         8.671             0
2.2291      581.3984       21.6359       15.7843        3.0815        8.5068        6.2941       18.2102             1
0.10573       211.227        1.6544        1.2812       0.32755        1.4118       0.72352        2.3426             0
2.3784      415.4879        5.6352        2.9768       0.23427       0.58059        4.4257         3.234             1
0.55261      250.3618       14.9549        3.5988         0.822        1.7027        1.0776        4.0133             0
43.7035      1529.4724        28.3686        15.3645         1.8705         4.6019        94.1465        50.5321              1
1.2005      644.8838        8.3872       12.8529         2.769       11.0762        1.0244        9.2995             0
3.5503      643.8079          6.89        1.9447       0.19132       0.29304        7.2484       17.5409             1
2.0919      1214.4078        20.8674        13.9745         3.9437        12.6542          7.716        18.3983              0
0.67436      227.8595          2.68       0.65345       0.34328       0.59769        9.0698        1.7425             1
0.26484      244.6204        2.1264        2.0601       0.69011        1.1587        1.0186        2.2028             0
0.40937      64.9968       1.6071       2.1217      0.40469      0.47955      0.17545       1.5065            1
0.63711      345.2364        6.6086        4.5947       0.63171        4.2816       0.51293        4.2978             0
0.46227      438.3867        3.6271        3.7693       0.72008       0.31115       0.46227        7.2897             1
5.779      1682.1382        54.1992         6.5738        0.45133         1.0891        11.4501        53.7479              0
1.9021      400.6313        1.2409        4.1756       0.57064       0.11775        3.7952         3.297             1
3.543       280.127        3.4373        5.2394       0.85656        3.6765       0.93999        3.9435             0
12.5133      1237.5648        51.1718         8.3287        0.40571        0.15649        10.7919        21.3752              1
0.47036      794.3617         7.511       11.0093        2.7487        8.7457        1.0436       12.1705             0
11.3178      2144.1869          39.14          9.799        0.81892         1.8128        20.9418        43.6825              1
0.068738      91.8943      0.55579       1.0134      0.36333       1.8697      0.12766      0.95447            0
3.7524      189.1291         8.022        3.6746       0.46273        3.1847       0.45107        1.7498             1
6.2812      650.0849        2.9661       17.5175        3.7513        12.859       12.4053       15.3889             0
5.3801      831.5846       22.6851        4.9415       0.15364       0.23464       16.5396        9.8662             1
2.1011      668.6056        4.6643        3.8379       0.89178        2.4419        4.7997        5.3694             0
0.15168      35.0969      0.82084      0.99631       0.1725       1.6298     0.041637      0.35243            1
6.5811      1187.1933         4.5817         6.2049        0.49063         1.5199       136.3962        17.4452              0
0.30839      143.9113        3.6736        2.0083       0.38488        1.2533       0.90791        3.0913             1
0.39811      408.5522        7.2894        9.6781        2.6769       17.4205       0.60402        8.2504             0
13.5394      1130.7205        16.4122        10.0457         2.4929         7.5991          3.364        14.3364              1
0.45243      203.2656        5.7644        2.8373       0.56418       0.53692       0.65685        2.9163             0
0.31202      128.1192         3.972        4.6846        1.0499        3.3015       0.24878        1.9818             1
0.44093      475.7045        4.6342        5.1201       0.85486        1.4218       0.50391        6.5959             0
1.4302      277.6014        4.9416        2.7023       0.59465       0.77154        1.0312        4.0158             1
0.2827       257.152        2.6251        8.2657         2.827       15.0775       0.32309        6.1252             0
1.6741      207.6862        2.9335         2.128       0.31859        1.1992       0.63719          1.62             1
20.8127       977.926       37.1826        8.5886        1.5111        1.8081       38.4548        9.7703             0
27.6282      3578.2088        67.7902        18.1057         1.4799         3.4358       178.7534       109.8823              1
0.56539      532.7365        4.6629        3.0336        1.2524        4.3347          1.07        4.0246             0
0.41098      214.1369        2.5282        1.4281       0.40683       0.82197        1.1043        3.1882             1
15.0759      923.2156        20.912        4.8715       0.44033       0.63603       41.2159       15.2576             0
2.6569      1703.8664         21.203        16.0803         3.1779         4.9665         4.1503        16.7054              1
0.34525      99.2438       1.2027       2.9799      0.68483       1.9328      0.15564        3.028            0
3.4043      3356.7595        12.6846        11.2079          3.653         8.0989         21.654        63.4853              1
0.66213      372.1559        5.4626         5.679        2.5849        3.7436        0.6876        6.1247             0
49.4666      1468.7458          45.19         9.8152        0.64099        0.54084        58.8211        66.3428              1
3.1431      913.0029        9.6044       12.2973        1.2756        1.2006        4.6105         9.346             0
17.1857      600.4499       40.5284        6.5002       0.77383        1.7361       10.7394       13.5184             1
0.73208       269.028        2.4762        2.1067       0.31211        0.9042       0.93863        5.7924             0
1.2387      201.9711        1.6949        1.4743        0.2319       0.44494        1.8872        3.3502             1
1.1858      362.6806        10.705        3.7741        1.1588        3.1297       0.39528        3.0702             0
12.9145      554.3697       0.22765        5.2183       0.83178       0.91058       87.1883       16.6619             1
0.030913      52.4841      0.63371      0.74384      0.60473       2.4363     0.057961      0.58928            0
2.5399      358.8855         7.252         2.425       0.29882       0.85335         4.692        5.5942             1
0.2892      137.9428        3.7773        1.4269       0.26718       0.96597       0.11891       0.54171             0
2.9028      1376.3292        21.4024        10.1991         1.8515        10.3403         1.6005        23.7874              1
0.6236       597.356        9.8791       10.1581        4.0534        8.6975        1.0831       10.2893             0
22.1543      1547.1974         28.756        10.8244          1.078         2.2154        34.1682        50.1818              1
0.017187      43.8365      0.64665       1.1558      0.51989       1.0806      0.27713      0.40603            0
0.86222      147.8817        4.6022        2.6426        0.4871        1.3605       0.66626        2.9674             1
1.4195      411.4273        7.4774        5.3101       0.83537        5.4153        2.8858        2.8332             0
5.5137      2452.4207        32.5281         8.0498         1.0708         2.8743        34.3879        35.1488              1
1.4336      192.1578        3.1591         4.172        1.1889        3.6484             0        2.2019             0
21.3317      2433.2204        26.7367         9.0247        0.68177         1.1175       159.6399        25.4434              1
8.0531      985.2547       32.7765        5.2245        0.4476       0.51907       11.4496        9.4523             0
4.8367      658.1615       11.1476        5.2608       0.25312        0.8996       16.1963       12.7381             1
0.10431      72.6177      0.31988       1.4789      0.49837       3.8131     0.060267      0.86461            0
3.8486      1040.9599        38.8112        16.7856         1.8799         2.7236        45.2797        41.3424              1
5.2131      492.8316        5.8768        2.7744       0.17038       0.58997       13.4829        4.5672             0
13.7511      569.7065        9.4212        5.5076         1.142        2.3434        4.1634        9.7661             1
0.015837      56.5686      0.20747      0.46086       0.4672       2.4342      0.13937      0.28665            0
3.8037       363.198       32.2426         6.374        1.0135        3.0832        1.1539         2.088             1
1.8168      471.8443       20.6959       10.2374        1.4227        7.2864         1.365        6.1425             0
1.5061      1263.4338        24.3005         8.4861         1.1689         1.1015         4.5296        25.5931              1
13.7158      1138.5201        35.7924         10.245        0.76853         1.4751        49.4028         8.4848              0
0.85204      288.5756         2.105        9.4059        3.6588       11.5945       0.13365        7.0001             1
0.56224      139.6622        2.2164        1.3997       0.66285       0.93805       0.28112         1.953             0
1.1535      1356.6867         10.677         9.9524         2.4548        12.2889         2.7062         19.609              1
0.20451      364.3819        1.6162        4.5255        1.6031        5.3171        0.4222        5.2841             0
1.2336      430.4072        4.2307        4.9343       0.54776        1.7858        3.3845        3.7185             1
2.6611      430.3004       17.9065        6.6086       0.53948       0.94927        2.6092        5.0368             0
1.0142      372.2111       13.9098         4.867        1.5015        4.4874        1.2125        6.8218             1
0.085071      107.3874        2.1176        2.1843       0.56331        2.4924       0.11266       0.77714             0
1.3753      271.5591         2.952        2.4997       0.35822       0.99621       0.44712        1.8591             1
0.049149      34.2013      0.32841      0.93607      0.54735          4.2     0.040213       0.3016            0
2.105      129.5818        1.5022        2.8067       0.47798       0.92299       23.1761        3.6802             1
4.3581      376.0276       19.3866        4.1134        3.3949        4.6029        5.3214        4.6187             0
5.1865      603.0085       17.3169        2.4359       0.33925       0.94134        19.765       11.3816             1
