subj.id PC1 PC2 PC3 PC4 PC5 PC6 PC7 PC8 PC9 PC10 PC11 PC12
sub-10159 -43.9776 14.8281 -11.4719 -4.0409 61.9917 -13.4156 39.5094 -1.2587 21.2329 -20.7276 2.2688 -14.9925
sub-10171 23.5837 -2.9111 66.4842 5.5278 13.6902 20.7525 -1.851 -1.2717 -12.081 40.35 -26.8866 -4.071
sub-10189 -16.6092 -41.2447 14.1254 -25.6601 -31.2018 16.2043 -57.3264 -4.0332 9.8656 -10.0516 -51.4419 6.01
sub-10206 -4.6652 -65.011 -42.8452 29.7463 63.4361 25.3382 13.0462 -5.643 55.7947 -12.1307 -6.6562 -12.0735
sub-10217 -25.2645 -114.8608 15.5214 14.2953 -43.1877 -11.9946 -44.2148 -5.2126 -34.2721 19.4024 0.4452 -19.6645
sub-10225 -32.8216 -43.6703 38.6775 4.1765 -15.0401 -34.0189 12.1416 -5.3538 -12.8867 1.5341 -20.3305 -8.263
sub-10227 -46.882 14.6651 -35.5681 -22.0495 58.3087 -30.8674 1.4967 -19.4439 17.9882 24.5379 -29.4371 -22.9148
sub-10228 36.8849 62.3249 28.1218 -32.1956 -54.5459 -3.8738 11.0077 -1.021 -7.041 -7.0917 -12.7285 -0.9576
sub-10235 7.1303 -23.1138 4.1166 64.6041 40.5586 -51.6488 83.5941 15.0089 19.5729 -76.3534 28.972 18.7546
sub-10249 6.8453 1.3765 57.4536 -45.5259 54.5225 -7.2417 -22.9061 -17.5851 10.7508 4.1868 -10.5182 15.9957
sub-10273 -42.1628 15.7436 -35.8637 -42.1588 27.9954 -1.144 -22.9211 -33.6434 26.071 -11.6482 -24.9533 22.8034
sub-10274 -42.6018 -143.7936 79.129 -25.4356 31.0797 -36.7689 -10.8322 9.7791 -6.0308 -16.2881 5.5338 6.3888
sub-10280 -8.2513 -6.6825 10.8592 -9.2385 14.6946 27.9547 -29.9238 3.5138 32.0594 9.6923 -7.8175 -65.3483
sub-10290 34.5144 8.1842 27.9371 6.846 13.0553 13.789 14.5236 9.5526 16.9342 -8.4201 -32.9602 30.8917
sub-10292 0.4823 40.3129 9.1606 -27.2045 -8.3032 -4.3034 -2.4695 -18.0158 -1.9565 -17.6236 -1.3885 19.796
sub-10304 27.1083 -41.238 29.4697 74.6444 33.2872 -8.6906 38.7269 -44.8791 -10.8048 23.9659 3.9888 -37.2277
sub-10316 7.2451 -20.1627 85.6247 -14.3938 17.7659 -37.4247 46.2055 -22.6201 5.7303 -6.8746 27.5927 10.7921
sub-10321 16.9155 42.5296 -19.3895 13.4426 -4.8978 7.8111 29.7352 -1.0086 9.5292 -6.1598 25.7115 -11.4724
sub-10325 -24.5208 28.8674 -22.6324 -17.6109 5.9666 -6.9743 -12.6539 -1.8918 -4.9583 -7.0705 0.4238 29.0555
sub-10329 -17.7357 22.7534 -11.2682 -9.2492 17.1468 -16.4432 -4.8881 2.967 -3.8564 -4.6365 -5.1705 8.1259
sub-10339 15.7167 72.5302 28.2568 -24.0386 -60.912 4.1261 2.256 -7.947 -14.2881 -5.7435 -21.3122 7.5551
sub-10340 -23.3645 8.2601 -43.7561 2.5966 44.1097 19.1354 -20.529 -12.9335 27.9283 -15.6598 -17.5437 5.826
sub-10345 -25.576 -136.1964 -12.2534 -0.0064 -36.5561 27.672 -21.7876 -36.8912 26.2695 -7.419 -15.1985 -19.6655
sub-10347 -7.3809 48.5574 -18.6418 -27.3942 -21.6631 -6.5199 -9.3054 17.4912 -18.4615 23.8061 3.1185 0.2345
sub-10356 15.6625 49.1877 6.3134 23.5264 -13.9524 18.7786 5.1922 9.897 -23.1569 17.549 40.4073 13.2043
sub-10365 -48.5986 -31.8393 34.5921 20.5325 117.788 -34.9712 21.5915 17.7316 20.0227 71.9318 -40.3518 -104.2033
sub-10376 14.0493 13.1576 15.89 26.8881 11.9744 25.6026 14.5928 7.5218 -27.784 -30.6728 32.7977 13.2827
sub-10377 6.7166 33.9117 1.0331 9.1289 64.9022 -5.7394 24.1266 -7.311 26.3325 -7.5867 8.323 -4.8021
sub-10388 35.5326 1.1865 -37.2084 51.0306 -9.8944 116.3368 0.9173 -3.8453 1.5678 20.6289 25.556 -39.7464
sub-10438 -5.9253 14.4174 -26.6439 39.3578 29.0182 26.6747 -17.154 17.2442 24.0957 -15.4607 9.1832 -5.086
sub-10440 1.5794 -11.487 -60.7551 46.8718 16.0067 11.9383 12.9399 6.3492 37.0406 13.4757 2.3284 -28.9364
sub-10448 12.2266 -27.226 17.7358 17.4728 -23.697 -17.5972 3.9235 21.7593 7.0653 18.9048 9.7409 -66.6207
sub-10455 88.9257 -39.1236 63.4506 35.466 66.725 17.7809 -50.7403 -16.3339 37.029 -3.5986 51.2408 -25.5523
sub-10460 103.0607 21.5243 -4.1659 27.3394 -25.1604 1.6715 0.3654 21.577 17.0929 -26.3258 11.4059 -17.505
sub-10471 -15.8204 53.1174 -13.7412 2.8281 -8.2427 -21.9219 31.4482 7.7019 -23.0033 2.2366 1.1477 -2.7093
sub-10478 -31.8755 14.8339 19.9523 -67.8677 26.9907 -23.8028 -35.2507 -21.4536 15.4545 14.7589 -10.1546 -27.3147
sub-10487 58.0519 -1.0316 37.3813 18.9047 -0.4169 -9.5523 40.3596 3.2684 27.6232 -19.5584 -8.6223 11.5929
sub-10492 -38.0737 33.9873 -50.5388 -14.6232 5.2822 -5.0072 -4.4269 -0.9585 3.8386 12.0206 -5.0326 -25.8997
sub-10506 -23.4117 -103.882 34.3929 -20.2866 -1.4528 -27.9414 28.0916 -46.0377 -0.0668 -5.5169 21.7474 -77.775
sub-10517 -5.674 -38.9181 27.7376 -9.2147 22.4332 -24.8722 29.5692 -26.9011 22.0556 -7.8536 19.0493 -19.9619
sub-10523 9.6769 -11.4377 -5.8772 -16.5659 14.121 5.1293 1.5923 -26.626 23.0935 5.6581 -4.7073 -22.8134
sub-10525 -61.6082 -85.0674 -1.3831 47.3998 -36.3595 -29.9958 111.3832 -41.5128 11.2865 -18.2555 3.9715 27.9649
sub-10527 29.2312 -8.8359 12.6278 -13.4097 19.0974 18.7906 33.2834 -6.7753 25.5877 23.5834 -13.9723 -50.6293
sub-10530 -37.5135 25.5941 -34.4826 0.2468 41.1824 -0.9314 -11.6846 12.241 -1.4974 23.3933 -17.426 -21.2318
sub-10557 11.6061 17.5442 -14.1027 -10.6055 68.6743 -6.8119 -31.3188 -9.1368 36.8535 3.4103 -24.7121 -12.6486
sub-10565 -4.0505 33.5142 -17.9733 -11.7215 1.5382 -7.9132 -4.5245 1.5417 -5.3545 -25.3758 9.6512 32.8509
sub-10570 -2.7543 11.7959 -21.0146 64.8703 47.9007 8.7865 23.5045 32.6732 6.585 -3.6301 48.9874 -9.7505
sub-10575 15.6373 47.1207 10.5048 -28.2637 -5.814 -7.8571 -6.0669 5.3031 1.2901 1.9238 -1.2649 -14.8471
sub-10624 -9.3446 -26.0133 -59.4747 72.9738 37.2847 5.2313 19.6566 33.2413 8.4634 1.2078 3.2974 -7.8173
sub-10629 -18.3081 4.8274 -32.595 -7.8294 28.3819 3.419 2.4358 -16.7784 32.6882 -8.2439 5.0271 10.8224
sub-10631 -22.9663 20.3505 2.2389 13.3622 44.9496 -34.0885 38.5976 -6.5269 -6.9602 -11.9256 13.7389 -6.2213
sub-10638 -16.8461 20.0881 22.6568 -47.9825 8.3674 -29.2522 -2.3064 -31.7224 -3.2838 -24.8875 -7.3007 19.4742
sub-10668 4.8097 48.566 -28.3381 -24.6111 0.81 5.0962 -8.9038 -2.3669 1.9167 -5.4402 -9.2777 -13.6473
sub-10672 -9.5603 48.9289 -10.2494 5.9558 -7.2521 -5.0477 -11.5618 27.5984 -52.8119 47.78 -5.0412 -1.734
sub-10674 -26.1366 47.1235 -24.2886 -20.1845 -23.7925 -15.7621 6.4064 -1.0891 -20.4499 1.2925 -2.5478 -8.59
sub-10678 -2.3489 9.0778 70.5666 -22.2792 57.7905 -27.8909 -4.4084 39.0621 -47.7449 11.7289 -0.7998 48.0081
sub-10680 -37.8401 4.7164 -38.6312 20.9394 42.0974 20.0428 -6.2418 3.2772 10.3512 3.0904 -11.3163 -6.3281
sub-10686 -27.5539 21.036 -74.096 -22.8187 20.2037 22.3218 -16.6888 -17.4354 33.1969 -9.7658 -16.8219 -4.2474
sub-10692 -29.4249 49.7845 -12.5655 -33.085 11.1659 3.1527 -21.3646 6.6762 -13.879 0.691 -15.781 7.7117
sub-10696 -20.3416 -2.9621 22.0491 -34.8632 30.5978 -27.2694 -3.1498 -15.1489 -8.9446 27.9072 -1.9092 8.1121
sub-10697 -21.3094 -68.1649 -16.8629 -4.2808 -19.6431 4.1116 -12.778 -11.2487 3.9432 3.5225 -13.8749 -3.0733
sub-10704 -14.4373 -9.0625 12.5054 -25.5819 -45.4021 -8.8169 3.1775 -10.8658 3.5722 -4.8791 -4.065 -14.7846
sub-10707 -28.0154 -11.9944 -13.5819 -2.9841 -26.7399 6.9985 -32.0276 29.7839 -25.3339 -4.9966 7.0864 -9.7594
sub-10708 -32.0349 10.7815 -33.3805 4.0213 30.4483 -12.1123 -4.7847 7.9063 -0.6993 2.7878 -4.1629 -9.4139
sub-10719 -18.5275 -24.7953 -45.9208 18.9596 79.012 22.6539 -29.8052 23.4641 33.7382 4.3606 14.5875 -12.0561
sub-10724 -83.0896 -45.4263 -88.733 20.4052 -14.4305 33.3696 -46.1551 29.6875 -8.534 3.1371 21.3162 17.645
sub-10746 14.8923 3.4853 -3.8684 -8.8555 -7.4864 -17.1476 9.8294 -6.0677 11.2577 -8.7291 -1.9946 -22.3395
sub-10762 -56.7611 10.7748 -77.8678 -6.4699 4.2408 13.1023 -25.8017 8.7292 -3.6933 -9.5187 5.5709 -8.9784
sub-10779 -16.4529 -25.9233 46.3535 -12.0448 -19.5918 -40.9408 46.6907 -37.4673 4.5684 24.92 -14.2307 -31.271
sub-10785 -18.5767 52.0124 -10.0159 -41.3716 -24.3044 -8.6607 -16.7413 -17.1091 -11.2774 -10.0278 -16.732 11.8504
sub-10788 -0.3975 -72.0549 28.0323 -36.257 -48.4869 29.5913 -49.5067 -22.6203 4.5481 -31.2961 -21.5154 17.2702
sub-10844 -23.7237 22.924 -11.2045 13.767 22.1702 -13.8886 18.6243 4.3158 -14.4359 0.5223 4.6393 20.8248
sub-10855 -40.6861 -99.3232 30.5763 47.7715 -39.3054 -30.5664 62.7139 -35.9186 -5.0202 89.2423 -65.5308 -20.0971
sub-10871 -1.2538 22.3945 -42.4931 15.4163 -4.91 0.8636 26.354 19.073 3.1833 -16.7494 15.3447 -7.2355
sub-10877 -3.7208 5.4932 65.3041 -9.7095 -28.9903 -19.3219 33.191 -0.102 -25.6392 -24.3922 -8.2814 49.4861
sub-10882 56.545 -22.8495 -6.2317 20.9744 -8.186 29.4313 29.9154 -1.7519 41.8273 7.5329 -40.6903 -17.6454
sub-10891 -12.4112 -3.5946 -26.1704 -7.6363 20.1054 -17.1882 24.3379 -17.2996 8.4946 6.6808 14.4762 2.4158
sub-10893 54.9108 -14.5602 48.5925 10.5808 -21.8989 17.1156 34.5943 3.5613 6.4605 28.4829 10.9574 -33.686
sub-10912 -45.5106 -62.2372 32.3321 17.4246 -33.8158 -36.4248 79.0822 -57.4869 5.7397 -20.6604 24.6695 31.4363
sub-10934 241.1795 35.0307 -26.6071 318.4583 15.1517 -224.8479 -211.9409 -144.5981 -71.5399 -107.6607 -71.015 -53.7688
sub-10940 4.6242 56.881 -35.0565 -47.1225 -7.0178 11.3206 -8.8547 -28.7638 26.7033 -9.1338 -25.7313 10.2852
sub-10949 32.2732 -37.8612 82.941 -28.4471 -10.2014 -0.2241 -54.9543 37.4492 -18.28 16.0669 -22.0408 -16.0077
sub-10958 -26.5337 -56.9818 45.9683 -27.3987 18.3961 -49.0081 -19.1536 -9.9725 -13.0094 1.3904 11.1799 -8.738
sub-10963 9.2147 -24.6373 17.2482 -9.0147 -18.5155 8.8851 -14.9477 -30.1134 9.2268 -5.9955 -10.3191 17.2974
sub-10968 -21.2368 -82.6835 43.5278 6.6036 -10.4655 -23.051 40.8349 -22.1236 9.6267 21.138 12.5339 -77.9115
sub-10975 152.3312 -122.4713 -13.175 21.3623 -69.4544 16.6952 -0.593 -24.879 46.5895 -3.0846 -20.5252 -15.8849
sub-10977 53.3214 1.1563 106.7409 -66.3979 37.6591 -15.5145 -58.9048 -21.4236 38.2127 -27.8614 69.975 22.8261
sub-10987 -70.0826 -101.2742 -105.2687 -3.6911 51.6598 38.2046 -96.8619 8.5987 27.8602 20.1306 -3.8608 15.1952
sub-11019 -21.408 23.4755 -37.028 17.518 -19.2654 6.3777 8.204 12.1721 -24.7421 19.0466 1.2822 -4.3029
sub-11030 -11.0374 5.0076 22.0849 15.4886 1.2708 -31.5755 40.9147 -5.896 5.2657 -32.5447 40.6305 39.9813
sub-11044 -34.0752 15.7498 -17.8634 4.9256 62.7721 -23.5608 -12.5188 9.03 2.4866 -12.2881 -13.7852 34.8616
sub-11050 42.152 -38.6809 47.868 39.7703 -50.0286 40.078 33.5979 13.7392 29.6955 11.2356 -11.5024 40.3249
sub-11052 -53.7577 -41.2237 20.3216 -38.3463 26.3131 -30.3578 2.9162 -46.2083 29.6733 -31.9261 5.7665 85.4952
sub-11059 -47.0992 -111.4138 45.4819 32.3039 -31.8917 -22.9375 4.361 13.4167 -26.9923 38.5727 -13.6138 19.4371
sub-11061 -16.1667 16.3496 -32.1544 21.3904 -20.1097 5.1881 27.8447 3.8262 7.7932 -36.3055 18.3168 8.9755
sub-11062 9.6944 59.8877 -18.0132 -18.3978 -2.0763 -11.1921 8.518 -18.0664 19.2348 -10.3702 11.4154 -2.8161
sub-11066 -18.6802 37.3642 -5.8948 -4.2909 -0.0738 -13.3459 13.8822 -1.6784 -0.417 -16.3877 15.1824 -15.6694
sub-11067 -19.5743 40.0752 -19.2085 -15.0595 9.7303 -10.9978 21.7615 -12.1029 -3.5657 -19.0072 3.5578 8.2376
sub-11068 -20.4792 -3.5751 -16.9826 7.4597 -52.1187 9.9626 12.3555 -11.9794 -5.7605 -18.9841 -10.804 1.2982
sub-11077 -36.0109 -65.5109 89.3127 -17.896 77.2856 -46.0854 3.3465 12.0679 -14.7773 7.5079 35.845 -27.0607
sub-11088 -0.4852 -13.0917 -5.1279 17.3217 17.3874 0.7061 43.1266 -20.7982 7.2785 24.493 5.3978 -17.7203
sub-11090 -24.831 27.3819 -38.6258 47.0549 1.5109 -60.8104 20.3471 74.6341 -106.315 42.2859 85.217 -38.4265
sub-11097 21.8519 8.8663 76.9679 69.4671 112.5471 -34.2645 76.5463 85.0576 -18.174 30.4869 -192.5018 162.5283
sub-11098 6.8928 64.0988 19.6744 -11.417 -52.7132 -33.6649 6.734 27.8488 -86.4587 39.5977 18.6886 -19.9502
sub-11104 46.2307 -74.6293 18.3823 -32.2406 4.4899 14.6507 23.7633 -38.0515 53.0994 -20.9563 24.4755 -8.2241
sub-11105 -46.6685 47.6016 -72.1642 -19.2988 -6.3395 -13.8153 -8.1351 8.3944 -12.6133 29.8207 7.2656 -23.1817
sub-11106 -11.4916 -17.1732 44.8085 13.307 -17.8379 -7.5983 68.7033 -39.6725 -26.3839 -8.25 -40.4197 24.4036
sub-11108 -43.6965 -0.5341 -12.0867 -17.2672 41.7435 -6.3465 -23.9348 -19.7549 -2.3447 -17.6461 -6.9479 57.8175
sub-11112 5.9794 -41.9808 44.6985 1.6177 -41.2962 -23.5392 54.8647 -22.948 0.6213 -19.8847 31.7208 -11.2348
sub-11122 -24.2211 -33.5066 21.332 33.3763 -32.7958 18.1773 20.5412 -19.1283 -6.659 8.3963 -6.0835 7.0193
sub-11128 -29.2939 32.4236 -11.8834 -30.4735 19.5569 -29.1468 6.2621 -40.7182 11.0389 -28.5163 -6.8 0.4738
sub-11131 -35.7511 11.7504 -5.3572 -31.9314 -39.3121 -14.5876 -22.8824 -8.1849 -23.6085 27.4603 -7.4166 1.1749
sub-11142 -10.3605 -45.4187 55.1441 -23.827 41.9222 -16.4591 4.9342 -24.5544 24.8095 -0.0791 -31.8417 5.2165
sub-11143 -26.3404 16.5786 -13.7409 -18.7355 2.8049 5.8053 -25.108 -4.5699 -7.5155 3.0995 -5.2234 -10.4229
sub-11149 7.109 36.0543 -13.1994 -20.4708 -3.1897 -5.6101 -7.1852 -3.708 8.3794 37.0866 -13.5408 0.525
sub-11156 -97.1211 -89.7862 -49.5953 11.9838 -24.0751 1.4296 -38.0128 36.6468 -46.0232 27.5297 12.8808 1.3221
sub-50005 -60.7839 7.9308 -67.1505 17.7697 -29.071 -7.4097 24.4771 15.0652 -27.2643 10.1391 28.364 -51.1762
sub-50007 -33.3502 21.4245 -41.9839 9.8608 -39.3004 -36.8908 9.5219 11.5776 -57.0421 27.8006 27.4078 -30.6677
sub-50008 73.4554 2.7172 75.2293 6.7378 113.1812 296.1271 55.7566 -86.7287 -251.1237 -185.8615 -65.7624 -69.1194
sub-50010 16.0468 -1.8222 -17.6941 15.1255 -10.4516 0.9012 5.6274 25.8476 -0.0809 -5.0204 23.6361 13.3455
sub-50013 -12.5428 34.5843 1.1549 27.443 23.3587 35.5615 11.6893 2.3223 -4.1753 19.7368 9.3735 30.4366
sub-50014 -39.2788 -54.6309 -32.8234 1.4975 -21.67 17.4791 -3.1183 -21.4796 5.9024 3.088 -1.9727 -22.7951
sub-50015 -28.5289 -57.3281 59.1506 -34.2021 -48.9923 -35.034 42.5603 -55.5923 4.1404 10.8468 -2.1758 -102.9566
sub-50021 -14.9213 -15.6931 26.9451 -39.4624 -39.1145 -12.5077 -39.5964 -8.7914 -28.4004 27.8975 -12.4723 -45.0513
sub-50023 27.8877 65.2147 9.9526 -40.3482 -17.9076 -0.6036 2.626 -14.7935 -8.5049 20.9052 -8.68 -10.5637
sub-50025 -28.8187 -6.3277 -39.9656 -6.767 -38.795 -3.8991 -2.4175 2.2289 -10.4838 11.9486 -6.5996 -11.0401
sub-50027 -26.518 44.9078 -24.9248 -14.8621 -10.404 -36.3121 18.1547 7.2326 -46.4042 42.7278 13.3221 -29.8094
sub-50032 76.0155 54.8753 31.5943 2.3206 -22.8395 13.5983 0.1482 16.4124 32.6737 -21.6253 7.5772 -13.685
sub-50033 25.7309 0.0561 30.164 21.4082 -23.8225 32.8337 5.6007 -31.31 -11.6468 3.4749 1.2747 7.1489
sub-50034 -6.4937 -27.4043 -84.2633 10.8905 -5.1817 15.6626 -30.4179 15.7986 10.2787 -5.8139 -6.3131 1.3179
sub-50035 -31.0761 -24.7504 22.1851 2.8221 23.9087 -25.742 22.5201 -10.4214 4.1479 -23.6698 26.8874 33.0535
sub-50036 -8.9349 38.2718 -45.1726 -14.0018 -4.6684 14.4902 -2.954 -10.5895 11.3235 -0.3023 -10.5237 -17.4834
sub-50038 45.6339 -40.8936 -9.4402 -19.75 -44.2916 14.5603 -36.1551 1.5067 30.6843 -33.5592 -25.9936 19.699
sub-50043 -4.0568 21.6644 -27.0065 4.1877 -5.2082 14.3849 -5.2727 -19.7467 22.3741 1.5235 -15.2552 7.4707
sub-50047 9.5463 71.3188 13.2659 -20.7755 -39.6758 7.8192 -4.824 -12.9696 -14.4936 -9.4415 -0.2889 6.8611
sub-50048 49.447 72.253 25.9094 -17.5153 -48.9588 -12.8264 10.6733 13.7462 8.4584 -15.2287 -0.2603 -16.7032
sub-50049 -20.2574 58.1809 -15.4704 -20.4663 -12.2709 -9.4482 9.1921 0.3996 1.4288 -5.6043 -1.967 -14.0122
sub-50050 -12.8578 -44.8217 -16.1815 3.8422 -2.1653 23.9709 -36.7055 -4.1393 1.2282 11.0873 8.0789 -31.0721
sub-50051 -13.5578 37.7384 -13.439 -14.757 -4.6672 9.5369 -29.2506 1.5614 -21.4382 37.6947 -28.0305 -7.2528
sub-50052 78.018 -1.922 23.0036 10.8608 -5.2491 5.334 20.3653 13.5432 -5.067 21.9053 -16.6742 -6.0689
sub-50053 -7.8513 24.0094 -59.1499 9.0132 17.7458 -16.5762 -7.4852 16.1877 -26.507 15.0617 -22.0751 -9.6416
sub-50054 -38.7516 -10.852 -46.0721 3.5829 19.5201 16.8453 -30.9345 17.0921 3.4737 11.0806 -4.6508 15.4411
sub-50055 -12.3971 -19.1519 -56.4886 10.7304 -13.7939 28.7096 -32.167 -11.9075 45.1039 -12.2339 -23.8801 23.1243
sub-50056 -40.3888 2.4679 -65.2202 15.3422 -4.3097 14.7757 7.3141 -4.961 -2.7247 -26.8697 9.0817 5.3127
sub-50058 96.5629 72.1998 23.9821 67.1161 -47.4875 -15.2294 6.4934 53.5542 32.7323 -2.9088 -22.6203 39.7049
sub-50059 45.7848 24.2658 -12.5843 4.8359 -41.7091 15.3465 -14.1292 38.4613 -1.9667 -13.1877 6.9048 -3.1952
sub-50060 23.0034 68.3832 21.5512 -26.84 -28.7861 9.9356 -17.7846 8.9401 8.5943 11.2964 -20.9419 2.3885
sub-50064 -9.3785 -13.5156 18.1263 -14.4282 18.8895 15.601 -8.5904 -3.9146 7.7786 -26.4007 37.7534 1.3918
sub-50066 -8.8949 56.0226 -24.165 -45.3691 -10.8466 8.7074 -11.9884 -41.2624 26.0994 -13.7839 -32.1089 4.7883
sub-50067 24.2077 -62.3689 35.42 9.1933 -19.6889 6.2544 26.292 9.4073 28.7525 -16.2231 16.1436 15.8847
sub-50069 1.432 51.1916 17.781 -19.0009 -21.2047 -14.7613 24.0897 -9.8414 -19.1159 13.602 13.5338 -29.8466
sub-50073 524.6774 -246.2021 -292.4789 -219.9751 54.9037 -72.2918 85.1529 10.8117 -105.5885 42.5718 0.4477 38.3476
sub-50075 -3.1683 11.7484 -17.211 1.7187 21.2648 19.8339 20.4406 19.2584 29.7847 -55.362 37.0328 52.0524
sub-50076 -1.4051 62.5585 -6.4549 0.0498 3.3239 -11.7036 3.5537 11.5476 -19.253 11.3156 9.6352 9.1948
sub-50077 -13.2928 -3.2959 -13.4396 4.2868 -8.0457 0.4902 -1.6575 4.2493 -8.2626 -44.6418 15.0208 30.4257
sub-50080 -6.8046 8.2826 -31.5626 9.081 -13.9584 23.8649 14.0376 3.0908 41.1906 -21.61 24.1685 29.8107
sub-50081 -0.22 42.696 -21.8561 -7.8996 -11.4531 -13.6255 -16.0066 -17.3892 -12.9361 6.3987 0.9664 -4.7976
sub-50083 121.724 72.5318 46.7157 64.0525 -12.0054 104.5507 -56.4303 -249.6252 0.4789 215.7242 172.7365 141.3656
sub-50085 -34.3229 -9.771 -25.8632 33.7218 -20.8711 2.0579 17.6121 16.443 -30.0583 -1.2918 15.0224 -3.5643
sub-60001 -13.8709 -14.6989 51.8739 -10.1027 37.8355 -0.8056 -3.7627 13.3613 -30.9119 38.6609 -58.0168 -19.9729
sub-60005 8.7712 70.9558 0.5931 -27.4856 -12.9871 -5.7936 -21.1227 -8.1469 -16.4382 7.1601 -15.5839 0.1143
sub-60006 -18.9703 -70.8632 59.9626 -28.2756 31.0786 -1.0246 -65.1888 36.5688 -32.0533 19.2447 0.0926 -10.0661
sub-60008 -22.3249 0.0701 -16.0789 -0.9752 -12.9026 7.325 -39.2975 18.9926 -22.6704 3.6093 -1.8637 5.3376
sub-60010 -34.9796 15.6212 -26.2428 14.4292 -0.9931 9.1096 8.6097 6.5271 -4.9772 -12.9145 -2.5751 11.2953
sub-60011 5.3957 6.5678 -27.2926 0.3793 -19.9574 21.636 8.9852 4.1883 8.0115 3.3769 -0.7694 -12.6327
sub-60012 -10.4136 20.2979 -41.834 26.8381 4.4887 6.0967 1.6367 18.9662 -2.5792 3.1985 2.6161 -9.9092
sub-60014 -23.692 33.625 -20.2301 -1.0312 8.3766 3.8627 9.8687 4.8425 -15.1847 -2.3852 3.7546 -13.8685
sub-60015 -52.198 -53.0639 9.3181 5.5758 -26.9669 1.3539 -39.4015 66.9523 -64.3522 29.6723 10.7455 38.0883
sub-60016 49.3278 -0.8823 47.6516 -1.6907 -0.5332 -1.7587 -14.7794 76.5795 -6.1967 7.1612 12.2424 43.9716
sub-60020 -45.0899 -14.8624 -12.6815 -10.6181 25.424 5.4901 -11.171 -28.8558 33.3889 -6.6697 -23.8199 -11.4166
sub-60021 -23.1173 27.5345 -21.5455 -3.5583 21.0371 -17.5568 22.4142 5.6141 10.5197 -48.6652 35.2436 35.9681
sub-60022 -4.061 48.7081 -22.2395 -6.9473 -30.1235 10.9185 9.1869 -2.8595 5.3318 5.0387 -1.9934 -24.8772
sub-60028 -18.4836 -22.8088 -46.9108 26.2709 0.5326 35.5904 11.6851 -14.7465 46.7472 -5.5618 -40.0801 19.2684
sub-60030 -25.4097 26.388 -38.1331 -10.1309 30.5628 -13.1195 10.1391 -27.3842 18.4014 -1.7423 -14.9523 7.7776
sub-60033 -9.7736 11.3349 -5.0822 13.8195 1.0347 -21.4336 -44.3023 36.2531 -48.4411 18.8994 -22.8694 18.9072
sub-60036 7.0511 59.6291 2.4344 -35.9634 -32.0303 -3.3305 -18.885 -9.86 -8.7818 5.1959 -18.9478 -12.6617
sub-60037 0.2198 -41.0389 74.1484 -40.0821 20.3466 -15.7539 -21.2868 -11.4693 -4.0301 -21.6393 -7.7491 29.8251
sub-60038 2.154 20.0134 -6.9529 32.7063 44.5852 8.6875 19.7882 0.8891 16.9673 12.384 -4.8951 -33.5681
sub-60042 -2.1033 39.8383 -45.9641 17.4986 1.4085 -10.1139 20.3824 -5.1603 10.4208 -5.8135 -15.0056 14.1656
sub-60043 -29.5476 -47.1365 -43.5098 26.7714 -3.6486 34.9208 33.3643 -23.7688 20.4868 -33.1504 2.3382 -9.5179
sub-60046 -8.339 24.5938 5.8635 -26.088 -26.6459 -28.4747 -1.8035 -1.0181 -36.6571 16.8672 0.7218 13.1782
sub-60048 27.5388 32.2884 -0.0616 31.0752 7.5718 2.867 34.5078 22.0641 29.6046 2.6221 6.2213 -7.4082
sub-60049 -45.1394 -21.5635 -0.4513 -24.8763 38.3266 -35.9694 -21.1098 0.7136 -7.8945 6.87 -4.6892 -12.1666
sub-60051 43.7921 -23.2205 61.1366 -20.7912 1.5874 -11.6262 44.4199 -14.9137 40.6934 -15.9342 11.7069 -4.2656
sub-60052 8.1656 34.8001 -18.63 -56.2314 24.0237 -12.3215 -14.8476 -29.2557 35.283 -29.7112 6.6696 10.2282
sub-60053 29.9512 -18.5916 114.5061 33.3404 101.391 13.4261 -11.7427 23.9645 -79.6346 72.4176 49.6972 47.666
sub-60055 14.6859 76.5311 11.0959 -33.059 -47.729 -13.808 -5.5422 -12.4659 -16.5999 1.1353 -15.2745 -2.0993
sub-60056 -21.9703 -24.697 49.0398 -49.9911 42.7643 -39.2705 -22.344 1.0104 -7.2199 9.3461 -10.6455 -2.0596
sub-60057 -22.945 15.6452 -2.908 -13.2227 16.5103 -4.8394 -14.6259 7.5511 -3.5952 -4.1668 -11.8159 7.786
sub-60060 3.3352 42.0446 20.7964 -13.0011 -0.7651 -7.5321 22.7967 -12.2247 -6.9925 -16.4369 -5.2715 13.8386
sub-60062 -24.0439 6.1406 -5.4666 -7.5559 4.203 -0.9909 -17.4849 -1.715 -10.7531 13.8878 -21.8066 -17.0199
sub-60065 -30.5861 0.2271 27.1645 -1.2637 19.1332 2.7532 22.6981 3.6837 -1.0153 -24.1275 4.0281 6.388
sub-60066 -22.5069 -5.5858 -5.758 -20.3412 -1.2152 -1.9627 -12.3689 -24.6728 -2.2096 7.8322 -7.385 -8.4265
sub-60068 29.398 -26.6859 5.6796 7.2392 -97.2606 27.2022 -3.8571 31.1512 11.075 7.4982 -33.7393 -7.8587
sub-60070 -18.3575 55.6459 -21.3136 -4.5232 -16.8245 -11.1709 6.825 -1.6193 -12.7768 -20.4443 19.5217 -16.6669
sub-60072 -6.5551 3.5393 -10.6763 -20.76 -7.8977 16.2601 -2.0691 -16.4439 3.6013 -20.872 -3.6327 11.7277
sub-60073 31.0798 -63.9769 77.285 33.8582 10.1787 50.3119 -47.3241 116.2919 20.9359 89.5383 -32.5925 4.3777
sub-60074 53.0694 16.7421 15.3775 63.2328 46.9103 15.7606 -9.2072 13.6906 -20.1939 5.7979 7.0436 24.8617
sub-60076 55.7969 35.4504 3.3596 38.4962 4.4599 22.2377 8.8335 44.6667 41.5346 53.0004 -21.6172 -22.1188
sub-60077 -0.1603 42.1121 -18.6972 -20.8486 -0.3516 -8.1835 0.9776 -2.261 -4.4683 1.1019 23.0488 17.7329
sub-60079 -44.0409 17.0978 -29.4733 -11.2252 63.5109 -32.0038 2.4555 14.5812 9.3538 -54.0778 61.7834 33.8247
sub-60080 75.1151 19.1575 -6.5549 49.7983 11.5338 51.2019 31.2959 26.4151 55.0618 46.1758 -54.2326 -44.5806
sub-60084 2.1201 46.8481 13.7135 -41.1054 12.9267 -4.0691 -21.1969 -6.4343 -13.7925 4.9075 -6.3639 31.4997
sub-60087 -74.1573 -174.7735 -38.6297 85.2986 -87.8974 11.3236 -3.3706 28.4806 -45.1401 -19.4818 29.419 77.8229
sub-60089 -5.0996 62.2859 7.9992 -15.6779 -33.4462 6.0604 -1.7521 14.5764 -31.4045 -7.9175 3.2279 -0.5866
sub-70001 -35.8056 16.4961 -27.2384 8.8693 -0.8533 -4.0201 -0.0016 19.3508 -22.1546 -6.894 18.7485 6.2917
sub-70004 19.0732 11.7989 2.2917 32.7325 -3.5864 11.0648 29.1943 -9.0456 10.4321 12.6888 73.6494 -23.0701
sub-70007 -18.946 31.3707 -40.102 34.399 28.693 13.9861 -11.8608 16.1207 -0.6029 0.4537 7.5274 3.1289
sub-70010 -29.8434 -12.4087 -39.8637 22.0703 18.6165 -1.8094 11.0398 -11.9639 23.5723 -5.0511 19.1199 18.3963
sub-70015 -7.7312 15.966 -19.7969 -43.7035 26.4108 -5.1305 -10.0709 -6.6409 34.0393 -4.8698 -6.6701 -28.1651
sub-70017 -6.9061 48.1907 9.7827 -25.9905 -27.1073 -2.5628 -4.1829 -13.5974 -1.0715 7.401 0.9727 8.6539
sub-70021 -3.3148 -28.9515 36.2487 -9.0154 -15.5641 2.4762 -23.0472 -10.4803 -0.8633 3.188 -11.1244 -25.4568
sub-70022 13.6498 -0.1457 -29.744 34.4958 26.8873 41.757 7.8982 -16.9061 36.1634 8.9273 -17.0207 -3.8883
sub-70026 -2.5398 53.645 -6.8456 -10.4988 -46.4211 -14.1306 15.6519 1.1749 -31.0093 16.2489 -5.4669 -35.6491
sub-70029 4.4147 69.8707 5.4803 -26.2827 -9.9407 -1.0343 7.6317 -8.9249 4.2266 4.3672 -9.6811 -12.0384
sub-70033 -16.8135 32.5952 -20.4239 37.9427 -30.8472 -11.5261 17.2443 41.8271 -52.4921 -6.2732 30.0248 13.9021
sub-70034 -30.2579 46.8615 -22.2843 -23.0006 21.3256 -11.7704 -20.8066 12.2742 -13.4626 12.6125 -2.695 5.7396
sub-70037 -13.8591 53.2572 -25.4397 8.224 -20.1237 -0.3274 3.4226 4.7541 -30.5529 9.4623 12.342 -23.3751
sub-70040 -6.8574 -56.1477 15.0397 0.7402 -17.6028 10.3728 -0.8054 -34.2248 28.3187 -25.0891 -19.4611 9.6479
sub-70046 20.1831 42.4203 47.5221 -40.3731 -12.2593 -15.251 -22.3621 10.4781 -8.1694 -17.2084 -0.057 8.391
sub-70048 -2.1068 -11.002 -75.5894 18.4675 25.9472 32.8677 -20.9198 9.766 12.085 18.5614 8.2999 -19.6928
sub-70049 -21.8755 45.4024 8.1163 -32.7054 12.3726 -18.2313 -5.5482 -4.7559 -5.0572 -24.9602 -7.0153 50.2119
sub-70051 19.6726 3.8305 47.7354 33.6015 86.6995 24.2266 28.6738 46.1811 3.1363 48.429 23.4133 -38.539
sub-70052 8.3376 28.7186 -30.411 42.8212 30.3586 31.5804 29.5003 61.7399 31.2876 -5.2341 93.8067 -45.3712
sub-70055 -16.6136 -34.3394 44.7578 35.2812 -4.8767 -48.4569 83.8137 5.6634 -7.9155 -11.3879 25.9769 -5.9176
sub-70057 11.0948 23.1126 -42.5052 1.8526 30.002 23.3442 -15.1463 1.7682 18.9051 -0.6279 3.2386 28.5344
sub-70058 0.0065 12.1678 -7.8451 22.7997 19.5191 8.3564 12.3003 1.9871 4.584 0.9693 14.23 7.8685
sub-70060 -76.2705 -161.7725 -41.4382 63.7816 -70.3403 -2.6168 38.441 22.5277 -35.0284 -2.7687 28.4405 0.9651
sub-70061 133.465 16.81 24.008 13.5714 -7.4547 64.8278 -6.9447 0.8861 37.9851 51.6345 -14.8222 1.5859
sub-70065 -80.282 -137.1635 -50.6865 15.3402 -67.2991 54.2967 -77.25 25.9865 -12.3912 -31.1174 -1.3282 73.8346
sub-70068 -23.7152 17.3551 -46.4895 23.0534 40.2894 14.6068 -3.1376 25.9468 -11.3035 19.0314 -5.3966 4.4636
sub-70069 16.3198 73.9932 32.1437 -22.3625 -46.276 11.2855 -11.3201 -17.0558 -25.5502 12.6769 -22.1422 -16.7572
sub-70070 -14.3372 -18.0369 46.8144 -33.8618 19.5496 -38.2616 31.2088 -26.1886 1.0359 1.4657 -2.2521 -8.988
sub-70072 -27.4524 -69.7487 43.7403 -47.1051 27.7642 -27.2738 -23.2859 -41.3052 6.5867 1.9875 -9.8674 -33.6941
sub-70073 -22.498 -38.7819 -31.5278 20.8334 22.0187 7.2866 -15.5684 10.7444 25.7655 14.5052 9.0138 -7.2693
sub-70074 -66.2632 -98.1061 -43.1931 30.8864 -44.9135 19.1754 -28.3823 8.6623 -21.2593 0.7761 2.2123 41.9571
sub-70075 -33.8027 -121.8324 15.3919 -43.228 -1.2328 7.3652 -71.5754 -25.7503 27.6707 -28.7016 -7.0966 -6.2393
sub-70076 -10.5357 55.7049 -16.4624 -44.3028 -0.0199 -27.8047 -7.1448 -18.9304 -5.6704 13.7859 -8.858 11.6617
sub-70077 -62.4265 -91.0238 12.4787 11.6766 -0.5245 -0.902 18.1527 -29.2075 4.3861 -22.0663 0.5175 25.0768
sub-70079 -16.7456 37.1099 2.1463 -22.1422 0.2312 -21.1941 -6.3222 3.7537 -21.1553 -38.788 29.3563 34.4148
sub-70080 -32.7547 -8.2614 -4.4914 -19.4657 -33.2744 7.8977 -8.8252 -0.1642 -13.8046 -16.1923 1.1513 18.1072
sub-70081 1.2469 -31.3508 20.3551 -14.3653 -19.7725 34.8317 3.5873 -33.7856 15.9451 11.7331 -49.5438 13.2145
sub-70083 -14.3955 8.1435 19.0186 -31.1364 20.0325 -3.607 -28.0816 -3.2614 3.3291 7.5475 -5.5089 -4.5079
sub-70086 -34.1532 50.4206 -51.3271 -25.1552 18.4036 -7.9989 -7.3086 -23.5397 33.0009 -12.5142 -18.321 -3.7435
