subj.id PC1 PC2 PC3 PC4 PC5 PC6 PC7 PC8 PC9 PC10 PC11 PC12 PC13 PC14 PC15 PC16 PC17
sub-1001 -98.4782 -26.5806 23.8516 -23.2704 46.4209 -11.4731 39.1821 -17.7635 37.7354 -12.4109 4.0452 -6.3287 4.7639 -8.1104 0.993 -4.0189 9.162
sub-1002 34.8834 -19.3743 -62.0505 -15.2797 1.6825 -37.9623 -15.0699 16.5537 12.33 -8.7092 4.5129 12.4674 -5.6298 -11.9916 15.9827 -10.4881 4.6081
sub-1003 93.7384 7.6027 2.5087 45.6702 40.1236 -18.4846 -0.7631 -11.6905 15.6051 26.3171 -2.8625 42.0942 -5.3139 7.2101 7.9904 -45.3959 9.3544
sub-1004 26.6783 -56.0301 0.4761 9.1835 35.7676 -25.9209 3.8497 -21.1567 -23.5698 -8.8426 -5.7616 19.0426 11.4039 -29.9752 13.4813 -27.2126 4.743
sub-1006 78.7793 24.8563 52.6484 79.9439 -16.9819 -0.8043 22.1035 -4.0077 -3.4032 47.8497 -67.3229 45.3421 -29.8723 6.903 -7.2133 -5.8729 36.312
sub-1009 89.3348 28.3441 -19.4714 59.5089 17.8585 10.8015 -11.0162 87.2365 -6.9618 -2.8249 22.7708 -0.4479 -16.3539 39.3455 23.0845 -21.4402 -7.243
sub-1010 50.8332 42.5165 -0.0343 17.8652 33.0673 -7.0161 -19.7775 -3.013 -3.0061 22.101 9.5013 -43.6737 -19.0754 -21.2741 73.5309 35.6158 43.2702
sub-1012 -28.0801 -76.3868 -44.538 -3.9125 4.5373 23.7945 -16.3645 14.1373 -28.8021 1.8214 24.6207 -0.5291 7.2263 1.673 -2.5817 -6.4108 -44.1177
sub-1013 8.7353 -36.3903 11.9034 0.0766 6.7555 -19.276 28.246 60.9137 36.3915 -18.4741 -4.3492 -16.0582 24.4627 5.9714 62.9416 -16.7392 8.2321
sub-1015 -93.8151 -36.5457 38.8611 -55.9314 -31.5281 -20.7298 -0.0696 7.6679 1.7255 25.049 -74.2257 -21.9669 -35.2969 3.2573 0.4634 -36.8973 -1.9887
sub-1018 -66.4886 59.0306 49.0704 -19.3249 -41.5625 12.7324 -34.6431 -37.2164 -18.8065 -47.1661 1.0343 -18.3586 7.2377 6.4775 -8.4536 2.373 -12.6291
sub-1019 142.9789 49.2627 -70.0047 -29.0702 -86.4858 -15.9494 96.1133 -50.533 -16.039 -0.4596 11.6273 -4.5935 -44.5711 -27.2081 -11.5742 44.0661 -43.302
sub-1020 -50.3906 -44.0894 42.7969 22.5569 -4.5921 -25.0804 7.8455 19.0199 20.071 17.0905 -7.4603 -6.392 -25.6818 7.8346 -20.995 11.4095 18.156
sub-1021 -30.1915 -43.2577 16.5532 -40.5727 -1.1884 -4.8801 10.1827 -7.5983 12.917 -9.6533 5.686 -14.2658 -11.7663 -22.3768 -8.6003 16.0033 -13.5556
sub-1022 -34.1257 -74.0146 -40.73 -12.2674 -0.4169 49.0199 18.0268 38.6776 -8.171 1.051 20.6371 -30.2325 -28.2846 -35.9802 -9.0952 10.9302 29.5479
sub-1024 -100.9058 60.6768 53.5595 35.4772 59.2091 -80.1312 30.7685 25.2191 -11.0951 6.3571 77.7908 -20.4267 16.5363 -16.6319 12.9072 58.8257 33.0998
sub-1025 -11.6908 -52.2485 34.4129 -7.0473 1.3847 -15.2511 21.4622 0.0022 15.6844 1.1178 16.7955 14.8412 8.3854 -8.2291 -5.9941 6.6395 8.7
sub-1026 27.3685 -26.9095 3.1306 -24.8454 -38.9597 -5.1778 81.0767 -16.6025 -22.7216 25.7655 -16.1823 26.3059 -38.7453 -23.7226 40.7746 29.4568 16.7156
sub-1027 -21.7158 -43.4658 10.0495 -14.812 -22.792 -39.3506 4.9124 6.2123 48.0915 18.4536 30.0615 -8.196 22.3253 30.1443 -33.6315 -5.2048 -21.5414
sub-1029 82.0413 35.7224 -7.1001 29.5205 20.1708 27.6591 5.7437 58.1207 39.5122 -28.2897 9.3844 -51.6951 -14.7884 -49.9235 -1.01 1.5109 46.0877
sub-1031 15.0747 -26.133 -0.5738 -14.2558 23.1387 -18.6618 -37.6333 -3.2128 13.354 15.8204 16.6125 25.8655 -33.3338 -35.565 -1.409 26.4121 -41.3699
sub-1033 82.728 16.579 -17.6737 5.6118 55.0094 -57.8005 24.8543 -26.7278 -15.7859 -43.604 7.5628 -43.6309 41.8653 12.5567 51.9818 23.2509 -19.7047
sub-1034 41.1116 6.4739 53.6161 -27.482 -7.6438 12.4792 16.6425 -1.4207 6.1742 -79.1061 -29.3678 -22.5511 -2.5513 -19.8016 -5.6529 -44.3228 -10.2346
sub-1035 -40.3033 -76.135 24.2908 0.0433 -21.8372 22.8387 -0.6142 5.8975 -10.7069 -1.9175 -13.7552 9.6405 -5.8396 -1.9289 21.0692 41.6665 -7.245
sub-1036 34.6994 -16.6395 23.4459 42.3954 -17.0686 -18.5682 -30.7056 3.9908 23.772 -4.4039 -11.5816 16.2911 -8.9761 44.212 19.7819 15.7772 -11.4535
sub-1038 27.1299 -33.6539 5.2181 -27.5047 1.7768 -6.8769 32.3311 27.3486 19.7781 -33.5421 25.5307 30.4526 13.5846 0.982 11.3276 19.1205 23.6578
sub-1039 6.4367 -68.9353 -20.8899 -25.5769 -16.5918 -50.8925 -14.0438 -17.6447 19.1795 -12.2684 1.348 23.6283 7.1979 -0.4673 -21.3411 -13.3769 2.1346
sub-1040 -20.5111 106.9823 65.2484 -31.1151 28.2469 -19.7788 -32.3272 13.6477 15.3748 28.904 -13.8926 4.0368 -9.6561 11.7825 -51.3082 -13.2068 -28.7956
sub-1041 138.9109 90.4916 19.2646 -2.0854 43.5383 22.8904 27.7842 -83.7413 -8.0171 -13.7411 0.9508 -14.181 -14.7534 -25.3783 -48.3449 -11.9582 -27.134
sub-1043 39.5401 39.7921 58.1017 -12.6931 -27.6365 -0.942 28.0577 33.3318 -22.6985 73.3461 -64.0781 2.6327 -13.3467 -39.4938 24.0109 -6.651 -10.3962
sub-1044 64.2025 16.4218 38.0014 -33.8816 18.7814 -30.0439 72.2152 52.9605 40.3701 -71.5246 -22.8708 0.0115 9.9098 43.4854 14.2184 -19.0734 -5.6409
sub-1045 -7.8993 -17.109 -2.0832 -8.2592 -91.2173 17.2479 22.5761 -60.0626 -16.0498 -9.5044 -27.0244 -43.3628 12.3775 20.4168 -23.8594 8.5436 -5.6928
sub-1047 66.6885 -28.3595 35.8187 64.8247 23.6964 11.6511 1.3698 24.0478 -33.7996 -24.6915 -45.8779 -1.9696 24.2265 0.9597 32.7475 -27.639 20.5825
sub-1048 83.7945 14.4482 -37.0213 -13.8395 46.7894 -44.0734 12.4483 -19.5251 3.0865 -18.3316 11.3038 -17.1197 27.6238 -16.7646 4.4903 -0.3007 -75.4983
sub-1050 86.0318 31.0205 15.4508 -12.0432 58.1596 13.2439 34.1746 37.1639 -9.2721 2.7237 29.8184 29.5054 21.5641 -29.7405 37.5999 -11.0481 0.6184
sub-1051 111.4038 56.3529 7.2051 -33.9806 -44.0134 41.1698 58.2998 -32.5747 60.5907 -20.5835 21.6652 17.9901 13.4607 15.1247 -25.4874 40.9701 56.548
sub-1052 87.6479 8.6209 -27.1908 11.3777 -19.9101 -66.7699 45.3369 -11.1183 -7.3802 12.2879 37.5635 1.2025 -15.79 -14.1934 -56.6198 -45.3942 -17.9248
sub-1054 2.6961 -70.161 15.9547 -22.4972 -9.38 -6.1481 18.2996 -3.4715 8.7206 -17.6882 39.5492 50.0642 8.8346 -14.534 -39.8189 -9.6735 1.567
sub-1056 33.3454 -26.1197 -8.6995 -49.2291 -5.46 -1.9917 17.7062 13.4708 -5.0968 -10.169 33.4438 -18.6345 -28.5358 0.4232 -39.4796 -13.6924 -47.656
sub-1057 12.843 -61.339 4.583 -13.2937 1.9635 -39.8051 10.4813 6.3984 20.1959 -29.8329 10.6134 18.0042 14.6015 -8.7882 -14.1746 -14.7356 9.9396
sub-1060 -126.0199 70.7866 25.7219 47.9338 22.3858 -26.6848 14.4139 4.6699 -8.5649 -36.1099 4.2358 42.3678 -22.5372 -0.9729 -23.7641 36.4085 -20.1969
sub-1061 70.0931 -7.4608 39.026 10.4279 15.9957 -6.924 65.6628 -15.8863 -30.5668 -38.9676 -51.6775 27.619 -9.8052 -33.0148 24.7089 -29.95 42.6625
sub-1064 8.0034 4.9392 -37.9461 -36.4499 -12.129 -52.9005 11.5698 15.3024 17.4819 23.4426 -8.7632 -10.1733 -21.2312 -6.2675 -7.963 -14.6685 21.4099
sub-1066 113.2387 27.7662 -13.5209 58.0216 -66.4842 -0.3994 1.6014 -76.9893 14.9446 36.0431 -30.4383 5.9717 -42.9872 31.1264 42.4282 86.8613 56.0178
sub-1067 -143.9746 -11.5193 -71.2764 -0.0735 49.9439 -60.7513 -51.6065 -34.3233 -10.0703 94.9213 0.9266 -66.1233 -32.6199 38.0145 9.5311 -48.6984 9.5411
sub-1068 34.6857 -17.1999 -37.2567 -25.5823 -21.9193 11.013 -13.4275 40.0189 -6.2833 -34.3262 -11.5233 -9.2016 32.0814 52.9694 30.5536 -0.5186 45
sub-1070 40.9998 -30.9457 -2.6821 -4.7246 2.2339 25.7668 10.9853 15.7805 -67.7197 -53.8754 -1.6104 -38.7352 -21.9582 42.8301 8.6304 -5.1304 -75.4192
sub-1071 -42.5775 -82.4915 2.2098 2.2525 -24.1737 47.8354 20.4766 5.1107 -21.3343 -7.1514 -3.5663 22.7506 1.7355 7.5029 -21.6811 15.6914 -30.0835
sub-1072 38.8822 -41.134 49.1995 44.535 6.3002 9.9381 12.1931 -17.3465 3.0274 17.713 5.1973 32.8153 24.3792 16.4375 16.1557 -4.0718 13.749
sub-1073 -38.3592 -56.2855 7.506 -35.9526 17.6509 14.9783 -12.2858 44.1472 17.7094 -19.2135 25.3048 46.0936 15.8158 -2.1919 -1.0363 -39.9527 16.5924
sub-1074 32.7922 -9.7126 35.481 9.8319 -15.3902 75.5738 -15.8955 -16.349 -28.4586 13.4843 -9.2976 13.8931 -9.0886 0.079 16.2282 29.1166 -3.6718
sub-1075 23.1114 2.8033 30.0239 -74.7512 20.3398 19.034 0.2472 -21.6107 -27.9345 -46.6695 11.6233 40.0458 11.9868 -15.8202 -5.1611 72.4915 -23.4638
sub-1076 27.2926 -7.3218 -30.6589 31.8455 28.4451 -49.4102 -34.0523 24.6806 97.67 -17.5559 -3.7229 -19.303 26.2275 5.6814 34.5733 21.7479 -2.2383
sub-1077 -12.4987 -33.4737 23.4526 23.9906 -30.4159 -25.3669 27.5106 31.1796 0.029 -7.1039 54.1877 -26.8923 -20.2138 -6.5941 7.7493 15.3484 28.2024
sub-1078 15.848 -42.5461 -19.8529 58.7132 -84.5832 -44.4534 -28.529 -20.7087 5.3732 -0.2882 -20.8858 14.0629 32.0038 51.9103 -7.1715 41.9181 -3.5321
sub-1079 29.2327 30.3581 -50.3014 -59.441 -105.3141 64.2727 6.1326 -21.7421 4.3765 -17.9126 22.3546 -29.9171 9.5384 17.7361 -19.6287 -31.43 36.1583
sub-1080 5.8815 -77.1256 8.8781 9.0214 8.1468 1.5548 -10.7402 -7.59 -26.8131 0.8635 0.9697 9.7585 22.0329 3.9673 2.614 -20.9072 0.4019
sub-1081 42.6584 -45.892 -28.7706 13.482 -6.3214 -6.7128 -4.8178 26.1532 -18.0974 -14.7496 -32.2784 -35.8474 -96.9078 36.4953 13.3658 6.6568 -17.7587
sub-1082 16.0844 -26.8051 40.2007 -2.4024 -36.6378 16.5519 56.0449 35.3278 69.7941 -3.7749 -13.484 24.4942 -21.3246 2.8887 -1.8185 -21.7979 36.5316
sub-1083 -4.6939 73.6689 73.7741 34.7669 25.5917 53.6647 -30.3901 12.4566 8.5644 8.7538 61.6885 -39.7514 3.2043 16.0962 1.0015 -2.351 11.0042
sub-1085 -93.7145 -0.0424 31.9674 41.4067 1.3798 -21.8462 40.9306 41.8198 10.7659 29.3213 2.7096 12.7223 -4.7821 -6.9233 -26.8848 51.7388 6.3684
sub-1086 -69.1403 -99.335 67.6777 -5.9833 -3.1134 9.8909 16.3503 -16.9816 36.9666 19.88 -5.0026 27.659 12.2532 -2.0783 -6.429 10.2874 -5.1928
sub-1087 21.5862 -30.1483 -64.1611 -37.9854 17.1782 -2.472 -21.8604 -2.5154 -34.2439 7.1153 -9.2903 -1.8756 -11.6633 -46.0565 14.3561 -7.1815 15.0201
sub-1088 -23.8469 -64.5591 29.3765 3.2371 -51.4534 -12.8932 42.2366 -8.8997 6.9813 35.9027 43.5119 5.8613 21.2092 -21.35 -32.7318 -22.4203 42.8908
sub-1089 139.3514 50.3067 -15.3668 58.3517 46.3437 22.0575 -1.466 30.0816 -17.8047 -4.2464 3.589 19.4878 13.5641 19.1053 44.5477 4.1255 -4.3331
sub-1091 47.8019 -5.3896 39.2327 25.7663 39.8879 7.1802 5.9386 50.2062 27.255 -38.2799 16.5071 -11.2842 -33.9743 -21.0834 -8.7115 -0.0197 -31.5363
sub-1093 -104.0685 59.7324 -2.3186 -20.2175 -30.0691 -55.3626 5.8507 43.3357 89.7777 1.6032 20.738 -9.0156 27.7492 -56.1896 -5.0886 -43.7914 -1.0134
sub-1094 -26.0067 176.6615 89.1456 33.8405 8.1521 122.9703 -21.7452 38.7727 44.3402 67.0406 -4.3695 2.6251 -49.6787 -54.7386 -11.3548 -52.1179 4.8907
sub-1095 2.9204 -12.232 5.6797 -5.991 19.9576 33.2984 -36.1585 59.3411 -24.668 28.9764 -10.6123 41.19 -9.4992 8.244 51.08 14.0938 1.2945
sub-1098 -39.8651 33.5446 79.5554 -4.9691 5.2905 -16.0685 11.4467 19.2898 -16.3365 -4.3842 -0.7467 -12.5301 -13.6122 -13.2344 41.3355 35.4602 7.1544
sub-1099 5.5389 -65.833 59.5716 -11.762 -5.9302 1.6792 41.0146 -33.6088 1.1608 -22.1071 15.8994 30.3078 34.5495 7.6926 10.5913 20.0311 21.6949
sub-1105 -34.6835 -4.5406 -76.1007 -83.21 -68.5116 -7.8912 -114.0949 6.9158 -49.1597 -19.6881 6.9334 58.0027 -25.7629 -21.4778 -6.5136 61.3552 25.4484
sub-2001 -25.2851 -2.9724 -55.6859 -64.4789 180.9278 4.2138 76.2916 -79.9584 10.883 32.8492 -43.6298 -90.6704 -43.761 135.9696 -73.1596 51.5714 73.6195
sub-2004 6.4867 -12.5653 -1.4985 48.326 36.964 28.0157 -92.2555 -10.7511 27.9449 -3.3662 -3.1057 -46.226 9.0917 -30.6991 28.3569 7.2775 10.8568
sub-2005 8.7343 -63.4579 16.3263 7.1753 -16.1463 30.2772 -1.2988 -36.9244 -25.2581 -1.6809 26.8235 -27.8687 -19.8631 11.8512 29.3081 21.4901 -50.8992
sub-2006 13.0299 72.6146 48.2591 -31.2118 65.0663 -43.4234 47.8418 23.4291 -77.7496 -41.9298 -16.5569 17.9943 34.4653 18.1147 -26.3672 -55.7844 -6.5115
sub-2007 39.9363 -8.3408 -67.7961 -25.5784 -5.6079 -2.2818 33.0807 11.6046 14.0584 28.8591 42.8661 4.0414 16.3209 -5.485 38.8116 14.6812 -4.624
sub-2008 -56.5699 -72.635 35.3498 14.4944 -20.0714 -21.7148 3.0327 -6.2131 37.6909 1.3526 11.6633 5.105 25.7206 15.0566 0.0513 20.9276 -14.714
sub-2010 -7.5792 -61.802 39.9202 20.4745 58.0684 8.5825 2.5198 -44.6252 -30.7011 48.9661 -13.0872 -26.5637 -66.3785 -71.186 1.2992 -33.0143 -8.3899
sub-2012 69.8207 150.9315 62.4601 0.6456 -62.7443 -26.5851 40.7619 -119.9619 -2.8384 10.9636 -10.9902 39.1338 16.979 28.4655 -36.0534 17.684 -29.8879
sub-2014 -89.7127 24.9648 -89.7401 -26.0706 48.7004 57.9402 60.8429 -48.5686 30.655 69.8157 -1.7242 53.1351 22.4648 55.051 -45.9243 -20.3857 24.1236
sub-2015 -45.4629 4.9605 18.5944 -2.7393 38.3656 27.5675 45.2911 -1.319 -39.6189 26.5482 50.6577 4.4274 44.2899 24.7744 35.211 1.0673 42.2007
sub-2016 3.0403 -68.8778 -2.9335 -2.9428 3.6447 -5.8808 -17.5446 -1.3794 15.7672 -20.6739 24.4856 -5.4678 -10.9913 -5.4722 -13.031 -23.5047 3.2011
sub-2019 51.8775 -51.6067 -15.8429 96.3291 2.7496 -14.8556 -135.5328 -106.9882 -65.7798 -33.8084 -7.3109 -29.5372 64.8517 -41.2905 13.8683 -31.8872 50.4103
sub-2022 -27.3291 -73.0405 28.1822 16.6678 20.4624 5.5022 -33.6291 -33.2458 0.7012 -1.4618 -9.402 45.3267 -5.6101 -32.1816 -9.8168 -23.7762 -1.3148
sub-2023 46.6749 97.8813 -124.2742 -87.7171 -10.1667 0.4321 28.3262 23.4486 44.4603 48.4379 -9.5323 -62.3383 -26.7658 -22.3619 24.5126 -43.4724 21.9697
sub-2029 -117.2908 96.1721 22.3715 -4.3316 -42.1728 16.8043 -2.5987 28.5528 -8.6925 -17.1403 -13.7735 68.7686 13.2261 -18.1944 48.825 31.3739 20.2903
sub-2031 -24.0918 -25.0225 10.5357 10.3614 -46.7448 -29.4632 -11.635 -8.8652 11.5076 31.3179 38.0145 -19.9262 -21.2863 0.0693 -30.504 -31.0058 41.5586
sub-2033 159.9032 39.8585 -1.0633 79.5611 31.2739 -12.245 -40.9268 -54.4541 7.1772 -38.7154 -16.8057 23.5024 4.8771 -35.0934 -40.7374 -9.9483 -39.917
sub-2038 16.5617 -62.3554 -4.5707 28.3802 9.324 -1.9012 -42.9279 9.7934 11.6155 5.3798 -3.5424 17.6856 -14.2057 -12.7896 -29.4808 -34.4619 19.3791
sub-2040 39.2777 -0.1386 -73.1571 -41.8935 18.4641 -38.1712 -1.1577 23.9138 -30.1144 46.4306 2.4439 51.0495 5.207 -0.3127 20.7341 -58.341 15.2899
sub-2042 30.8548 -29.157 -19.1977 32.8899 -2.4755 -24.0679 -21.6926 10.0165 14.2369 3.9329 16.0734 -10.6459 -20.3328 31.4142 -35.633 -5.5268 9.6494
sub-2044 91.7935 57.3369 9.0906 66.2836 -57.52 -7.878 -0.3825 61.722 32.8313 54.1589 53.0772 -1.2602 -9.229 0.75 -65.4686 -7.3128 14.9933
sub-2045 15.6539 3.7152 -48.5253 31.0156 -64.4541 34.0039 -42.416 80.9137 30.7161 69.4715 4.3774 -20.0069 40.0807 -10.2745 -22.264 22.0908 27.0333
sub-2046 -250.874 97.9222 -198.6656 155.5925 18.1406 46.3435 108.1128 -55.5263 13.8072 -91.5655 46.5389 120.7982 -93.582 -18.7155 18.9009 -51.6281 -46.4478
sub-2048 -103.1243 101.9846 -40.0318 -30.8995 -121.484 25.7177 -71.2057 -3.3493 61.692 -100.7501 -104.663 -40.0953 -49.7792 62.8862 56.2197 -47.3519 52.2726
sub-2049 -162.4899 24.1705 -46.9315 81.487 11.3437 -9.3363 25.9149 -30.0783 -14.7862 -48.3613 -19.2682 -13.3283 45.0784 -6.203 -10.7292 -22.8121 17.5062
sub-2052 29.4333 26.9459 -15.8072 38.4366 -66.164 -67.7469 -8.5238 50.0117 -68.5549 61.321 38.0516 10.3082 -0.7389 10.9869 -4.4424 -42.826 19.7575
sub-2062 47.1798 -17.8609 -8.7388 -0.2713 9.7902 -7.8053 -28.9423 -52.6097 -21.6795 -15.3303 7.8941 -26.4838 -23.2677 -45.167 -33.5256 10.0077 -23.4064
sub-2065 9.4674 -54.46 22.4775 48.9742 39.9507 6.5351 -20.6936 -82.2592 -8.6052 62.4482 8.5647 -4.4212 -40.9596 -61.4332 53.8437 54.2432 2.597
sub-3001 40.9639 125.4935 28.8223 -61.3061 86.61 118.4201 -58.7444 63.1031 -31.8373 -26.3779 -2.3983 28.7764 -28.9271 54.8022 -12.4161 16.8293 -27.5909
sub-3002 -130.3148 52.4688 -47.2982 69.2672 51.1215 7.827 57.5364 -52.4326 -21.853 13.1968 -22.5565 -19.6415 40.6145 7.0278 68.8369 44.9769 -0.1631
sub-3007 49.2399 -4.1636 -16.8561 4.7185 33.9151 23.2941 -34.2497 7.7444 0.3681 -38.4047 21.7388 4.77 23.5152 3.342 -34.1657 7.4433 23.6716
sub-3009 109.5513 61.5516 -100.929 -15.1977 10.6814 -27.6976 23.6192 -18.1817 -19.0322 20.7473 33.4803 -25.8688 29.6058 13.8896 -1.0513 -22.351 44.6288
sub-3017 -44.154 -6.6788 -124.4329 107.0148 -1.1062 86.7049 37.4542 73.0196 21.1875 42.3673 -144.222 -51.7862 101.1074 -55.4456 -106.498 73.5553 -37.9103
sub-3020 4.6846 -65.2337 21.7035 -58.8565 -46.6147 65.0502 15.4255 -14.5233 -43.6221 -57.4698 39.489 -22.4256 -14.3371 15.1125 -24.4331 43.3314 -2.3572
sub-3021 78.1097 14.5767 -18.0595 34.4563 3.1055 -11.0022 7.2153 -31.3555 -96.0022 15.8695 -21.1504 17.5345 2.2729 -52.142 -20.5992 -21.8217 34.1271
sub-3022 27.9439 49.9654 0.9757 -45.5011 28.4623 48.2723 11.174 34.5681 3.5309 2.5848 -21.8017 20.6971 8.1619 -12.2256 34.2351 30.1716 -3.4272
sub-3025 46.9458 13.6489 -113.0073 -21.2189 53.9212 -36.0854 -23.8515 24.9885 16.7492 -7.0158 39.1281 -28.9874 -15.4011 -4.6791 31.9942 -30.2319 -67.2981
sub-3026 66.9607 16.3182 -24.6942 83.0159 5.5194 -1.0155 -60.8418 -20.1079 2.8763 24.7601 -4.6595 -1.6722 -43.7419 46.3517 -19.1524 -12.384 -13.9133
sub-3027 26.705 -30.2001 24.8469 -4.3195 -50.0594 15.999 55.0011 42.6213 -58.1504 0.5593 -7.711 -23.4078 -22.4837 -11.4396 20.3013 -32.4449 -20.4447
sub-3028 -101.8357 -44.0913 -37.0344 39.3224 -23.3046 1.8268 -59.7245 -53.5423 32.6653 8.8722 -22.9742 -13.3152 54.7304 -21.0158 34.7477 -42.0957 9.5981
sub-3029 -161.7986 89.3185 5.2024 -7.7149 1.596 -41.6231 -33.4391 17.6997 -35.9058 -15.8561 43.9918 -59.9576 3.3462 44.1011 -4.1059 6.9566 17.8567
sub-3030 -120.7285 47.9638 56.0211 50.326 -13.6405 -80.6803 25.1686 -1.1996 -45.1951 -22.3763 53.881 -0.1273 -0.244 2.7509 -31.8901 37.4118 18.5521
sub-3031 -138.5298 35.9159 14.2024 -22.2579 43.3202 8.1899 23.6747 -44.7326 22.6762 -6.1098 -16.3597 -30.0989 -10.8161 -3.124 31.0985 20.7023 3.9159
sub-3032 21.8456 94.3639 43.2653 23.8571 23.8487 -90.095 -17.4377 18.6733 9.7298 -19.77 -39.3738 53.3768 9.2303 -0.137 -36.3403 24.4978 5.612
sub-3034 57.7697 10.8971 -7.6057 4.2693 -1.6965 -20.1835 -15.7465 -13.5074 23.0887 21.0941 22.4948 -9.9253 -23.5323 -16.4385 -10.4157 19.3597 7.7162
sub-3035 -150.0118 3.3214 4.5756 21.55 -18.6128 -8.6203 45.0038 -24.2923 -10.687 -38.0992 -24.5554 52.3142 -7.3891 -28.5586 28.0275 -23.3259 2.3678
sub-3039 62.3874 -31.1403 -3.2578 42.0111 9.5231 -58.8904 -74.5967 9.5419 17.1052 -43.591 -62.8287 54.2609 -63.6994 62.9474 30.5309 7.4708 -62.1149
sub-3040 154.9439 42.8066 0.174 72.3343 -81.2275 37.9111 29.4771 -22.9196 -15.459 12.744 38.1094 -24.6909 10.2134 30.7473 8.9408 -0.1962 35.9688
sub-4002 -38.5561 -13.631 42.5226 20.0454 1.8403 10.8741 -42.6038 28.1921 -68.7738 63.597 -14.0228 8.1984 15.9422 25.9787 31.533 5.8477 -30.5248
sub-4003 -95.8269 41.0398 5.4108 -51.0612 -40.819 10.9943 4.8637 38.4397 -80.9112 8.9635 37.7044 13.7726 7.9348 -9.6944 28.6092 1.5483 -5.4437
sub-4004 32.1909 105.7968 39.197 -108.1763 -3.1459 14.6999 7.0091 -107.7837 121.4702 94.2977 -18.8034 12.0894 105.6288 -7.8038 98.1411 -45.4105 -84.5333
sub-4005 -0.0631 16.5982 -2.0907 -6.9013 -40.8453 78.3931 24.1887 -6.9806 -49.0961 81.8225 53.0159 -54.6009 -23.4197 45.5413 36.8607 -17.3749 -69.7601
sub-4006 -125.4702 162.3447 2.9241 18.6059 -74.4526 -3.2583 -23.3735 -12.3485 -11.1459 -44.5573 36.0807 -47.2665 38.1923 -37.0039 39.6944 -3.4449 -1.262
sub-4010 -57.9005 147.8059 29.2922 55.995 11.3136 -75.0104 -47.1259 64.034 31.6664 3.1397 11.8627 7.8107 -45.096 25.3265 -33.2378 51.0787 -8.8603
sub-4014 32.0351 -23.703 -41.3335 -5.298 36.6246 -23.3758 -9.3647 13.1002 6.8882 -34.0301 18.6895 -36.0249 -29.5205 -5.6345 24.6092 18.0781 5.644
sub-4015 61.2598 22.4937 -23.6622 -28.4211 -15.0019 25.6588 1.2312 19.2764 47.9912 3.1731 0.0771 18.0397 -17.4365 31.782 31.8229 12.6787 -61.339
sub-4022 49.4838 -4.2833 27.4931 51.3444 -54.205 37.1955 -26.3907 -15.0791 20.1686 -13.8468 23.5496 -19.1593 14.9077 -2.2175 -4.544 11.7271 -1.5674
sub-4023 -20.1308 -35.2184 -6.3894 11.4193 -9.4234 13.7497 -21.7447 -32.7044 36.5798 6.2969 -35.6896 0.0174 -26.0446 -11.5173 -26.1033 -5.6775 -39.6513
sub-4024 55.4986 8.7983 19.2305 -33.1472 8.6315 -35.7848 81.2544 35.8953 -43.4678 -84.2651 -132.5268 -111.6982 18.1633 -77.7426 -1.3689 19.7255 16.3747
sub-4027 -56.6241 -28.5599 -91.2228 44.7088 -3.6582 48.2821 0.5641 31.1168 21.3359 4.8445 -20.7473 -6.3649 73.842 5.3607 -43.8783 58.2622 -45.7382
sub-4028 -30.8144 -34.7346 -18.2677 -79.024 -0.6989 89.2927 23.3983 8.0285 -62.7468 -8.7728 6.1899 15.5416 -55.8028 -53.0587 -26.9463 -20.8496 33.5922
sub-4029 -44.7704 -67.3917 56.5748 -2.855 14.0294 32.3953 7.4026 -8.9557 37.342 -8.2776 3.3099 -2.5434 5.5221 -16.9852 0.24 11.1736 3.3612
sub-4030 -26.8878 -47.3169 37.0544 0.2149 32.0864 34.6037 7.0366 17.6694 39.0147 11.994 -61.4185 -39.0958 -29.3423 -51.13 -4.8284 -58.8363 -6.0855
sub-4035 0.2002 -68.073 43.3316 -5.2832 -11.6385 6.4631 1.055 -8.5347 21.491 -26.5859 5.5175 15.1874 24.2614 5.3608 -6.9448 2.6281 -22.2867
sub-4037 44.8213 -18.489 -0.6871 3.1894 15.8357 -24.6209 -29.4546 -12.4095 35.4578 -36.1343 -30.6441 7.9601 -53.0084 -1.7207 -14.7607 -13.4976 20.6503
sub-4038 -55.9503 -59.842 37.5708 1.7414 -16.2307 -13.9574 -22.6741 4.7564 27.1299 -6.4022 24.6241 -9.8144 -4.987 -2.306 3.5122 -26.9392 -10.4161
sub-4047 -103.407 -42.5705 16.3796 -36.8681 66.1945 -1.0503 -2.3048 -4.872 -29.1481 32.7553 -28.6216 -18.9291 1.8001 39.561 10.7731 8.9953 41.34
sub-4048 -13.6874 -45.2591 -12.3193 -20.2239 -5.0914 23.2475 17.1428 12.3042 20.0798 -2.2808 33.8527 -10.6715 -13.9891 -6.9805 -3.8863 -0.5831 -21.2948
sub-4049 70.8677 21.0656 -10.2267 -2.9388 26.4624 21.2142 13.6166 25.3878 3.6571 -35.8506 31.8007 -1.9983 63.059 26.3366 21.0279 -6.8472 -20.7081
sub-4050 -50.6027 77.9207 60.3814 -46.628 -18.0276 -116.203 -25.6276 7.2729 -90.1603 -4.272 -54.907 -37.9885 10.3179 18.7432 -42.0878 -36.2853 -50.2811
sub-4053 -25.5167 -9.6191 -15.1916 -84.1142 20.7681 -12.0292 -10.1752 5.0454 12.6535 -8.2423 5.905 22.0311 57.3617 -5.051 -28.5318 -31.0149 -40.0476
sub-4057 -66.4584 15.3894 74.263 -15.5865 -25.4675 10.6585 8.0846 -36.4405 41.7989 83.2671 -52.3652 29.0304 -43.3241 19.9205 -31.4979 -6.0017 -28.3661
sub-4059 -10.3678 97.8905 -24.0223 0.8345 83.1175 108.4065 -101.1951 -1.7279 -28.897 -25.5991 12.4597 31.4945 54.5692 -44.9414 -64.1844 -15.5807 28.362
sub-4063 51.5993 13.5364 -21.5667 10.1315 -32.481 -50.9491 27.3413 -2.1914 -84.9657 42.8604 18.1391 12.3837 73.4861 21.4628 -45.1991 -36.8918 -19.4524
sub-4064 -6.2308 -16.0593 27.4621 -26.2417 -14.7053 11.241 -32.4654 -32.6959 22.3798 -44.2158 22.2339 -44.7986 -2.3415 27.5911 -29.9161 -2.2403 -50.2518
sub-4069 -2.4272 2.3311 60.0764 -27.2957 42.0683 -4.8516 -28.9143 10.617 92.1463 -1.1294 30.5239 -26.3302 8.7286 -16.477 -31.7766 22.4444 5.9474
sub-4072 -29.1395 -63.8325 -22.5716 -10.2713 5.9124 0.8835 -18.0665 -49.5868 19.7102 -19.9588 43.7845 -39.4649 6.7133 7.7129 25.4007 -6.877 -7.4134
sub-4074 21.6391 -15.2022 12.3828 17.9384 9.9168 42.5313 0.2048 26.0043 -44.1349 8.255 48.1804 -35.1294 1.1684 -7.9941 33.8625 20.1436 1.6093
sub-4075 48.6515 -13.9819 -43.1067 -6.2474 11.0258 -2.9507 -27.7284 -12.2158 22.4485 -15.025 15.3666 12.5831 -11.112 3.9049 -7.7677 41.593 0.1772
sub-4088 52.0894 -33.1087 16.1973 22.3622 -26.4721 -12.7058 17.0861 11.9594 82.231 -38.1552 -17.601 4.7948 22.7787 21.3569 6.2439 -21.6051 33.8105
sub-4091 -54.845 91.851 2.3805 -116.4603 -59.4392 41.2956 -57.6558 -39.8554 -53.8811 -16.0457 -24.2032 -10.7617 8.5437 -11.2764 -33.9324 12.2116 12.321
