0.3787651488114644	5.3016672494199195	1.9593903106120059	1.1302724413959786	0.2858554051103734	0.8450954368320035	1.8936840889499804	1.569011672925832	0
1.8205898508959322	6.914052310994828	2.476681247057231	2.112864228718146	0.1685014981930915	0.40927783043608135	3.6036292526166243	2.6947285269857195	1
0.28581032181898497	6.048383723999721	1.0540332452701424	1.8882356356723493	2.2233037620663265	3.7711435388553616	0.5751853789258766	2.5957322048768847	0
1.853183771215054	6.724534838313093	3.164846158448288	1.781961626747944	0.1429221610112164	0.21077942961043897	2.864461181666895	2.3856570539971225	1
0.38550726876721847	6.67879697974098	2.141359444494824	2.4856813496305716	1.3214091132128731	2.276826162088319	0.7147129584745059	2.577979480106668	0
1.9940198096258406	6.367617041001176	2.551918671798495	2.52862843584587	1.3994326742601182	2.205567456314532	0.9569719164811595	2.430855169134581	1
0.8203523547952336	6.448811859495555	2.2806972932360163	1.8121664890056957	1.170870932820819	2.872490616695952	0.39956775284208035	0.7945749731900585	0
0.3301666840579362	6.171815204621963	0.5621554174874324	2.2624191332359205	0.974031198510727	1.5628074145057875	0.577955160322163	2.5988601398638456	1
1.3882923637825637	5.425120047078415	1.8363662922401653	1.2682144063874008	0.29757547099126624	0.43121732172466354	1.7360000763018137	1.8529329599962077	0
1.5731473023330624	6.681559449201772	2.7503111598167194	1.321595827180954	0.2316671222550866	0.3213223399957364	2.052699643236831	2.3149483519774443	1
0.13886588886518114	4.54810553245839	1.1977333795359169	1.0780693874367804	0.4204128321552854	1.029440829806811	0.2912805900140683	1.0072277268662573	0
3.7398909588024987	7.358785355904039	4.375719285099215	2.8008299092346696	0.391007769269227	1.406709545862483	3.3131818643286772	2.9133393061825563	1
0.18570748473147575	4.598227138721373	0.8030324440891882	1.958798169157492	0.8872737828036625	2.0657735589144157	0.0971630077126326	1.385869270781794	0
1.1915864086748866	6.912237518720382	2.2335136469916264	2.128731580890919	0.9918804628237414	1.6231238315386636	1.0812965664584218	2.319373377799744	1
0.11445305296871239	4.189869870399809	0.922590844422635	1.0850541240692588	0.38064632089144285	1.4888058220729676	0.0837067560729921	0.5852779651892372	0
0.9836128751383112	5.340831688274467	1.36952961478716	1.1403938226830648	0.27656298386730394	0.7880936578688991	0.49298135762820705	0.9631743177730056	1
2.040505787921769	5.792575402629927	3.002668164555103	1.5110309425212165	0.39956775284208035	1.0504369354636782	1.1677029331529036	1.3234876728270781	0
0.5897236765720338	6.413096760434498	3.3069233315566806	2.2417623265482605	0.7932639718947179	0.6189945920263122	1.0889659116163044	2.251954736709201	1
0.20229573800137157	4.934749434744982	1.2761167060984213	0.8191629011428052	0.4238876986241624	1.2855896569982583	0.10498144381917446	0.7275486072772779	0
3.369235327255449	7.642531664180571	4.028259957624322	2.219323042125035	0.5856343503339763	0.42993005250767724	4.614792740356139	3.7991319843321882	1
0.3949702290155128	4.507369908462178	1.1139605656149092	0.890193132752282	0.27486275498952156	0.9374258044041134	0.10156331540944123	0.4781329962193859	0
0.1904302588960261	4.974256884435334	1.0144332604255037	1.056365668739688	0.2295231582782488	0.4672247717952996	0.2944516073586005	1.9149795491866475	1
0.43450597689257836	5.713283199501239	1.3471896412391295	2.4514274227138326	1.5260780423891924	2.2466494606637424	0.1548218830913699	1.2873852127906769	0
1.6674048881886325	7.330109820907557	2.114579412131746	2.6151817046281822	1.1930736234569355	1.6910547651064227	3.2384352853468243	3.418087274330423	1
1.111232320024212	5.6559827198694395	1.6188930712048555	0.8516455383806236	0.10153621232284975	0.6341718229592891	1.2250980859408842	1.4912397906413852	0
2.603674385653146	7.121708568917179	3.9545421190267946	2.233095669674207	0.34054251322371343	0.14538955587289842	2.467412855085378	3.1079532026684564	1
0.4846459059826057	6.394185894545083	2.3868435174180247	2.4121656915627785	1.6200612840712314	2.2718681203319853	0.7338571688077321	2.423855374467902	0
3.449076019406464	8.916054972134148	4.075504871153982	2.7360997744156195	0.6086072923787591	0.9550113199857541	4.751341976108713	4.6884096248214515	1
0.2559436966645683	3.5889486154888868	0.3254690660124395	0.7080357930536961	0.23165125792682165	0.41960467166188364	0.09278608787186539	0.7989026182258089	0
0.3420068921196877	4.360014894082747	1.1458138901524038	0.4395701946247801	0.06686768153631813	0.18654595478039077	1.05455590247119	1.602292444273229	1
0.7726512816725442	6.301737268473946	2.593551765237043	1.8212373620476532	0.6962922297040182	1.320715298807072	3.1607508263887354	2.3487050286075988	0
3.106007193720053	7.797381819982121	3.322756446022139	2.305052047557833	0.5198468102268795	0.7502361475440723	5.07916521399321	3.2750065997569564	1
0.2342496496543138	4.936850961873174	0.8432898389896647	1.174059839376183	0.39420865798579763	0.678378660854767	0.5118710770891736	0.4141010441697041	0
1.5847352997937285	6.690982640238049	1.909586948341258	1.9302017005878715	0.8307764155479829	1.7046753623209416	1.1367426640293772	2.8375744090088975	1
0.08235572289786777	4.4691660243028775	0.5317335223776712	0.8253151441373626	0.42869323422737154	0.8547131561413354	0.13666148875842976	0.6674754638034871	0
1.4848039627659577	6.734469060305716	2.5952770947659585	1.7527760612490069	0.4004592664296783	0.7084790445569269	2.19642425716545	2.093874385302101	1
0.6716579317169606	5.335648796128511	1.3469296375976139	1.0571303542131687	0.4113610263065491	1.3042705256412999	0.33771432205647994	0.9947321581807176	0
0.8846349324701438	5.669749879911993	1.0556351958129693	2.567169967005217	1.783744098464923	3.1097080708674203	0.12561010187651286	2.398313367202905	1
1.4843507665922409	6.0858561233069945	2.9108386525353627	1.6385305866373727	0.4534994311460873	0.48718640616025605	2.1279816745940585	1.6489470455288129	0
4.00424296085822	8.593615958079022	4.50376517034858	2.6278230319722606	0.7104466776380065	0.1957723545180778	5.588897111688318	4.581045512090005	1
1.0593862421672728	6.867416917492572	2.5620220000055243	2.7715631965680414	1.558923262192922	2.6636244987978652	1.9476372282236976	3.2950921443235193	0
3.5942885155935764	8.879258986570491	4.785215821503572	2.637270019041163	0.6716579317169606	0.806386576166456	6.357580533818879	5.140521969467552	1
0.18708519264297677	4.863274621020947	0.917010472798504	0.7023051183447108	0.17420537619169696	0.46681103834657134	0.20120055506175702	1.4037658420318955	0
2.012433306641337	7.084982213532116	3.728020837197594	2.6335134190739558	0.8859964592405543	1.1131724399994394	1.7273631602000845	2.9719517448885875	1
2.065520086338791	6.804117611701717	3.338878617262897	2.065520086338791	1.1722344285387234	1.9101053094432003	1.9383530948865852	2.113408091243109	0
3.3492231537375905	7.359807364119594	3.00350697210789	1.981346237013422	0.6161473386710775	1.360899627099946	4.341869783480084	2.024536469510503	1
0.2356727322909492	5.398921689431641	1.2053418667321738	0.8795437565070389	0.28683171099694205	0.19037239498366548	0.7790037243196284	1.0003377193997691	0
1.074319596099065	6.098033157725136	2.9972061868099913	1.487134676045962	0.29143751195319806	0.3790253033995255	1.4610771055635763	1.9171578786223886	1
1.92838606675988	5.809409854702559	1.5974058162102616	1.7021811641319953	0.6019087001256742	0.9948430987721447	3.0880425034595658	1.7665784040307961	0
2.2695038943919217	7.317521125641994	3.5544161988688483	2.4560355277069106	0.5850997249766594	0.6749017402185951	2.978504727887365	3.1918334537563173	1
0.6977864027083703	5.740157797369024	1.692693913484811	1.7018894647990122	0.6386065138987522	0.9208801842079622	0.34839374930234573	1.6511746884141814	0
1.1722034606369511	6.367154749625955	3.119537141528869	2.8204439256600726	1.4064645679092738	2.2520073320250744	1.9870658021910554	2.9554413879704122	1
0.017040974303271658	3.8030225398497244	0.4987429210230092	0.7681618843653911	0.41863796381841184	0.7326563136546578	0.24461537296534186	0.34077013028744013	0
1.747128145082461	7.56836098254538	2.617928537637006	1.8777995413204396	0.7860453629266759	1.2325894152718142	2.0412073417623193	2.4239882348185833	1
0.3166120362391634	5.374366417873776	0.8963736980337964	1.517607670615811	0.833083020857462	1.7861102088293561	0.1513123699196096	1.6388802030340581	0
1.1314988810023288	7.4686598931669455	3.3480180993906736	2.5504056470206957	1.2648326925826985	1.8161593560515903	2.2492054130908046	3.295592391678472	1
2.2406139400112925	8.01575252418802	3.765157391617525	2.8039480869613733	1.1566610467746852	1.6206547676392655	4.534909725735564	4.1376754069441155	0
2.036494895852307	6.797869763157863	2.727584818630771	1.614286140758921	0.22703995048221928	0.2988667896514032	4.140354675151429	2.8963538295737123	1
2.302895044953974	6.492148164152159	2.8370061422949124	1.525730163360615	0.4813576773969264	0.626916561965932	3.715431312844289	2.1581834036203245	0
1.547839066215143	5.3915431026810445	0.407675995627545	1.3737662105426203	0.2678491946980608	0.6175342303407939	3.83878972754091	1.463093352089563	1
2.3976406949416322	7.312957152447103	3.390860809560772	2.4455592619451525	1.0041550783152229	1.094336493805321	3.5473389310013532	3.598303549920704	0
0.9922512726767	5.692402635876602	0.23007944231532215	0.8792947421874291	0.14829068641214227	0.8180602922587419	4.00539130099513	1.4727013888606295	1
3.0824923689750516	6.886456052339629	3.642379914459885	2.260574892836981	0.9207209041534703	1.032508098065066	3.675155712894126	2.376792345933553	0
0.9731246486261736	6.523121680453905	1.4601255092470913	2.4566100506328867	0.7473985953918612	2.1114488003148155	0.43744169712035363	2.3956837382484775	1
0.021424840208792997	4.312884198431251	0.6383266200453479	0.4672122369327128	0.29750863326951654	1.2920386251941702	0.06632785682122343	0.4972904349810422	0
3.1695427133295184	7.058781969947839	3.418139713059058	2.5066029078697607	0.9606137905108189	0.9577397297866941	3.583041046506162	2.789802216307684	1
1.424937984712095	6.166160435592479	2.552588662474851	1.1567868527191818	0.25725121508066795	0.9246159806201453	3.3087859962905393	2.1627021432977966	0
0.8879735584923744	5.629782086458707	1.7819784573729496	1.3089542481451106	0.46665427642058693	0.5718492248031594	0.7086267514083316	1.6125929301274005	1
0.4207805588859389	4.508235186879521	0.8185014817126469	1.0137803531514122	0.2690724832026096	1.002835333274341	0.42639781557739176	0.9901729642648595	0
0.18417816556211308	4.526309862356294	0.918887357721421	1.4708422896437532	0.26605743630510864	0.63710050145504	0.8999987350971775	0.9442560321558571	1
0.3624044986470902	5.919516778495131	2.7366247003061948	2.0484538440533466	0.9686554520800176	1.7439688053917064	0.5038976808932918	1.7303272297095538	0
2.27693902601046	6.925037969196275	3.6670172072568015	1.9138886024611186	0.3563518917629969	0.1297116065216573	3.5002792276616015	2.440257898119118	1
0.45601245768138055	6.453811280753746	0.8453960530976072	2.296667619230008	1.3469036335149713	1.6038623981009148	0.26492252778113723	1.7719308415938695	0
1.308305792257915	6.175198023341072	3.9973397807243733	1.9765779062205968	0.5306164862870834	0.38091281900532503	0.5412539507739023	2.6403279506058293	1
0.0903743824090814	4.903465735699483	0.5540575121579913	0.6591301049702543	0.3798122012494749	0.6030091023488275	0.3822920071417124	1.1588603690134667	0
0.7711262218765339	4.986445055295038	0.8789626266081558	0.927982120463739	0.3546278500711059	0.6447759286345256	2.7741624832280727	0.5039037225870202	1
0.9417245331309652	6.286028820293806	1.475723645946315	2.767764604874289	1.5883368425260462	2.173751221150577	0.75122739163647	2.1649997800414216	0
0.0986591113225667	4.912507080695778	0.49926505717883546	0.7350086346548628	0.24797664184197185	1.0764007623028897	0.6999241648389692	0.8261034078085707	1
0.11360543272318975	4.255074976613153	1.000962707931354	0.884923896124655	0.28352343730292184	0.8117743043181569	0.37025925792901826	1.1550871355960888	0
0.7670944255120283	7.213537574579761	2.457621095093578	2.3935586103286948	1.2397645684239935	2.5869291003003636	1.3100070929477714	3.0257278735893713	1
2.7212756908153515	7.256850227202443	2.7446970919943756	2.61400322312241	0.6342460726397844	0.8862438105218584	4.56699884205429	3.8820234860850853	0
0.6877828180607947	6.129481271824168	1.8475410096868157	1.8844601867390907	0.5571556213485969	1.3757135815757036	0.4616059673779786	1.7487823763729144	1
1.8598385900386494	7.030166609759866	2.8791928393047304	2.6380067779790797	0.9937331386167493	1.975038900447122	3.615006838876987	3.160462506317541	0
1.7860599243027326	6.458148139876817	2.18570290145573	1.8326614605484808	0.3977756196237842	1.1059188638505477	3.7854910594238684	3.1342064305676693	1
0.16744477756352397	4.919376363555132	1.159205537443396	0.9543184259708124	0.3239223870880233	0.9612258558679017	0.3816504433421245	1.5209126628446517	0
2.6146475341712048	7.018409140134466	3.877404645182437	2.2819741390899213	0.7848599884831448	1.228616635238696	2.873598537310334	3.3830605661308186	1
2.096777894926703	7.031007243857048	3.1030069560250344	1.8690291047193557	0.5976709869760956	1.107935360128961	2.598607289720828	2.3268190638390034	0
3.2295902201854028	7.634051024461045	3.9127907106670543	2.236755071562218	0.5325147058809769	0.6958435421076878	5.034852997186993	2.4054304482862037	1
1.0404887033176016	6.3606212438588745	2.5243356745762395	1.4177203511197434	0.3233435745058427	1.1696918703490617	2.3203464225726878	1.4837839823971477	0
1.2329683411671886	5.769730626796989	2.7414656346416137	1.86313394688271	0.3289583637636202	0.27794229443080937	0.8276343662686974	2.1249644694787353	1
1.3713583725039091	5.4127258258321	2.6025044831103052	1.3037276374629283	0.12439225766298283	0.37348584558129017	1.258233691052373	0.9969486348916096	0
0.13708880751419625	4.920566156007387	0.5952255939991173	1.0140705867915283	0.16816346906866403	0.6161419384469683	0.28842179878678065	1.7828196276585808	1
0.03586508933991888	4.053097129993834	0.5660805604755873	0.5835499248024821	0.33896911681980013	0.7748654068448032	0.055055259315679055	0.7638851950652871	0
1.4825813364313873	8.119029215060738	2.6162711129825267	2.5020832831586173	1.5375121728625116	2.2081535270954555	3.120336436778522	4.166437290850241	1
0.5440321339562895	5.630711298177379	1.9724547042774256	2.1911058963280423	1.0750706800850756	1.63329114845626	0.4046848037498877	1.861984914117552	0
2.3587952796308658	7.591508120596764	3.9355813164050275	2.69004236220931	0.8372908136400055	0.9849208709149798	4.648109936479348	3.505725551015885	1
0.4663093136574639	5.251264018240364	1.6887849936002253	1.1566295928154153	0.2630870800963992	0.506184872116396	0.9607668419746722	1.6902249584037576	0
1.1100466662937727	6.421215030425086	2.3368125915432727	2.9404203891229037	1.2631658136387398	2.078416016008096	0.5202451206824444	2.065444032035982	1
0.565910222069543	5.991946181103706	1.8981144902014948	2.393248127891288	1.3904108766317302	1.8981144902014948	1.3972837559194922	2.1752288803530315	0
3.151119331607741	6.987725768663402	3.99836215652457	2.668727082705691	0.6125117972889196	1.0104730031014106	3.516286421397628	3.1807668135453873	1
1.002835333274341	5.768691552129292	2.466224894080494	2.4448309045322647	1.0903448742496826	1.848549296629849	0.6170271856452693	1.9171137703807566	0
3.0710252575894224	7.645226379158745	4.401986112413486	2.847122050345404	0.6873302952383804	1.060217900680798	2.4106140452061453	3.1636294642418297	1
0.11325725418443273	5.0223016434962116	0.707296603664365	0.9028812249642212	0.3792717032255544	0.8015979165647495	0.3390118661732226	0.999896315728952	0
1.9583044499608302	5.874299632875184	2.473103937668849	1.3539002933088866	0.13951843446864529	0.21648140844065938	3.196405241740832	2.204740704794445	1
0.10539551504534067	4.587980282554427	0.5847821558818203	0.8505354708086882	0.3463164798105087	0.8124401867479285	0.16126814759612232	0.7062608197053283	0
0.6829301641493449	6.2442144723477195	2.1167734529385926	1.4794203391093743	0.417821782317536	0.7395058195379622	1.2923407607454627	1.8043465847335265	1
0.024262276106468656	4.093534233994846	0.43833234728927034	0.6123871323258459	0.4679891014465231	1.2729296751648718	0.08471975322449944	0.49978085423323687	0
1.8402956328881204	6.947681320256124	3.5641293924967528	2.4990560728924196	0.45890476407947195	1.1017739520056884	1.9955842761558646	2.5573048277429997	1
0.4108903647532291	5.184599245420747	0.6333918682844581	1.3625138324544872	0.8875619850412831	2.244701710545496	0.2348112185818823	1.2821275771252718	0
3.0441366490308197	7.549594165042031	3.315258156984499	2.266076698177523	0.41144055285851844	0.5511226805305275	3.251211350965672	3.3242551403493095	1
0.06697897829802457	4.395925841611183	0.9702863716351673	0.9810667248130659	0.29028617882163626	0.6320321260010308	0.15666181001337698	0.9837624469891678	0
2.37405888445247	7.155268659090316	3.5715503779023705	2.750732863505848	1.078273517672579	1.695945829375653	3.8268855079926825	3.5210523434704344	1
0.3153215582551985	5.14908855443355	1.2438663679876125	0.7036913944356167	0.26652482807602906	1.4325575255895286	0.17689854547970266	0.8149222374858663	0
0.14122174590852885	3.586206989075397	0.5992979330741274	0.6913004764510688	0.15913822133829728	0.9669077976706814	0.040793514114692155	0.3019029743917175	1
0.17783651400928072	4.7238532609320165	0.8879735584923744	1.0026152063335834	0.3113009380504149	1.4370112394115984	0.16864512597771084	0.9465095104581516	0
0.6241239514693494	7.056167697864739	3.8748443658226894	2.725215366423223	1.315308433386604	2.2927872505139346	0.45931546375952853	3.5785622298030666	1
0.3901077857871223	6.5728837605277395	2.2755427218821622	2.6085465744102367	1.1669560606466598	1.7120125511377995	0.8271534604076791	2.8504290063581177	0
0.7002220942319071	5.922144211296155	2.70201871487045	1.7693434299437227	0.9168905519461227	1.7024545550006205	0.7941230978999475	2.0569147070982248	1
0.8028532406480026	5.396144376476636	1.412741531134739	1.7822645346662536	1.1398821828663266	1.9338809445552165	0.24879570339928114	0.9094675065260296	0
1.9081489417336153	7.7752179279679545	4.550551368171964	2.6768690836186355	1.175665918110401	1.7774238704606888	3.7955543555881435	4.346174043025866	1
0.08270285864017508	4.494410677518081	0.44412155953163174	0.9769718226844216	0.5728760521663648	0.6842930986063205	0.16131069988225022	0.7761547195435535	0
1.8223694986718932	6.403588270683476	2.9078241309538853	1.2342789000896432	0.2921097557789327	0.6633784562863128	3.0332688770827168	2.516211499616413	1
0.2705918632214902	4.535080284412184	0.5829527782522338	0.9215568415466551	0.31099324348612245	0.8958839220964925	0.20044794338202138	0.759309382813614	0
1.8961645285828452	6.308822041214591	4.2385603396486005	2.9069720955756444	0.6950952817779611	0.6735463329048844	2.061328486252909	2.3897622895681816	1
0.10722078428470437	4.005542491988806	0.18507609290696272	0.7927209854560378	0.37344454488467926	0.9495320656539571	0.051072319974503254	0.40748307065147793	0
0.025969845361709043	3.977072645921962	0.4240120453947426	0.6458930860312488	0.4337998605354328	1.2036327465128314	0.04051218653471678	0.3748615603099868	1
0.13420741407052525	4.646210396697462	0.6780386188791456	0.7071980037826048	0.42985848894130885	1.1015080917801352	0.3436393485478562	0.7727436348310881	0
2.328408773003504	6.452086808610337	4.355398994875341	2.514918423855972	0.4746304091727261	0.6460555730260947	2.6541500029198386	2.3899364121967737	1
0.06145063351599729	4.964530620766233	0.763092931246612	0.7092665624398284	0.3178280808947898	0.8196036045125046	0.29525581908833176	0.9589670061545914	0
2.1600417862085033	7.579263363969848	3.142858338444285	2.3779708198999354	0.4810610203488369	1.2147643654041347	2.367764034019017	3.0402275134405423	1
0.4588478846732778	5.07940236231379	1.0061314358739446	0.9992338446878307	0.32572902008868365	1.056365668739688	0.4195060708079203	0.8722134446332273	0
0.9530468719992745	5.829280267491042	2.6134610945953707	1.7923259753997947	0.25888900196283327	0.2891784523167845	0.8042859697939126	1.6613280286880445	1
1.3814828041226686	6.187920532234498	2.521608166788567	1.7617125478757583	0.5208749596189921	0.5394947099392007	1.752983990276648	2.0561729147404817	0
1.065434612862096	5.995534503587504	0.8068775708869679	1.6439552744596608	0.45148317960835654	0.11131773613195298	1.5676154175802617	1.457917104792858	1
0.5010722135226866	5.3974271369387985	0.9176498079117861	2.372903751902999	1.827512638933873	2.5040391179371704	0.2761306104720123	1.4776421555791661	0
0.4550866726002932	5.954546899861289	2.2344454288507407	2.5217447190059454	1.2999736546533633	2.503303060066149	0.1799520851452201	2.6113997902560193	1
1.5864763007967533	6.407431319205781	3.4165062670768163	2.1852307154506443	0.4841468901423593	1.1754498653926977	2.399575678307674	2.0794915404298773	0
1.8325654636203088	6.8485711441659545	2.392690844132649	1.8238716431440414	0.8200441137482962	1.4144444045362368	2.667443461190797	2.4214253473754943	1
2.6848702771545927	6.159692884374317	0.7282729825353194	0.8547982335618395	0.18249654148324085	0.6016073839194308	4.7181005777010165	1.6238337927178328	0
1.9038969691649053	6.492718356874261	2.3606464324073158	1.3166494914140014	0.30405972356032146	0.9333838093003325	0.8469835252748126	1.8730321893567912	1
3.783271030312949	7.824661901156918	3.74359251941363	2.8054732986380264	0.9139279426849666	1.5063414984293413	3.402090316210747	3.3437695197596318	0
2.715012574102185	7.003113912158033	2.9987277825337895	2.2221231307789386	0.5688303460525648	0.6653493768499094	3.2910811309574286	3.3602295431738525	1
0.3852760061402685	5.296849790184458	2.2869738694798274	1.3058432367222637	0.4695972967038485	0.7777640262798243	0.2693704330804769	1.2285580940842478	0
1.002835333274341	7.382597184868122	2.669385599956645	2.5807697070304543	1.404944363614936	2.5878692928458253	1.0533359437984742	3.2109484863854205	1
0.11570086945205887	4.895634384734966	0.7863642622710791	0.9797161337242537	0.4615618474600345	1.1431394107181871	0.9491450687451022	0.9963211317796435	0
1.4582661246323618	6.533995647942028	2.5651724095066566	2.710307651143425	1.4367260344185777	2.023730609144944	0.8452672286207785	3.2909657621586064	1
2.7688504937621286	7.126981166262242	2.1431672325603808	2.931444387671447	1.3800750613059738	2.315955311932217	4.961079436858691	3.335139484635174	0
0.22506969510767097	4.679824865812794	1.501095176597068	1.18674525865931	0.24557800642896943	0.7014625121636592	0.25110107218878025	1.3893895660271929	1
0.17323876618556916	4.617568014323787	1.8023696483400706	1.1621503094720973	0.4641678843619006	1.4489639493899245	0.20887422702192995	0.4127981554749563	0
1.843149425610351	6.749088567215728	2.7981833669012617	1.9277752731454982	0.6899219852042506	1.2589438275704492	2.2107767745098577	2.8672452793884418	1
0.8953939061611697	6.591193369739595	0.48555704533913707	2.4611090532179376	1.1991813435898053	2.450642963584008	0.8765514843051377	2.2211038511261623	0
0.8664279927017509	6.757580551238203	1.7164969847275082	2.5890188866699524	1.3469556410040615	2.3300348767021455	0.7333289701927771	2.714376812491367	1
2.0227521354856637	6.134685933483088	2.3794627973244253	1.5027876765556951	0.28168412064814485	0.5544251972398645	1.5906627571077663	2.063858250452677	0
2.485348218948654	6.948318936136168	3.3968445886556538	2.2831168097986474	0.7742201265864244	0.6517781614490167	1.9959376426549615	2.238665047227814	1
0.9631743177730056	5.577151788720904	0.6452271377251246	1.7082329222497619	0.9607285813047233	1.5413089533816016	0.5158071951099547	2.1395483824119546	0
1.0238887424721732	5.879694646264972	1.7627768343035723	1.5531849708833019	0.2633560801479785	0.5447399753597527	2.3011841120784178	2.230734570881539	1
2.599640597251467	7.0534757816511835	3.6751278325010106	2.4370460534365006	0.7396012849318295	1.653990539483159	2.2019467436715487	1.7315847461919849	0
2.5518563242576957	7.010431805962677	3.635773992426831	2.268148915672918	0.4840791033502816	0.6943963999603772	3.5223849855637326	2.895503014895006	1
2.121099186946728	5.835107476656788	3.225676646765371	2.327667873361509	1.253791011306797	2.2254664394377324	2.0027899526584627	2.617498017394081	0
3.1055010584994815	6.955463715437907	3.677290055723175	3.1577618333299338	1.0597675048445425	2.1139758098149026	1.4432652573795168	2.6790538406606186	1
0.8486540831583438	6.048296338168073	1.0568871086207956	2.4988999519230024	1.5823133450374427	2.288699127681574	0.2011024204373295	2.20108378766194	0
1.9640868053168072	6.372135129099434	3.326538488548577	1.9659088355620025	0.8456107236864143	1.4343938106103749	2.049484785265032	2.387229504262504	1
0.12240345616596852	4.676557388774774	1.0288333940601933	1.0474242518986765	0.3933857792128031	0.9845846925131435	0.2670455976013385	0.9716875950944429	0
3.3273355330637	6.910598632817637	3.4701511412731363	1.8536538727656446	0.33612932068940765	0.158890855991215	4.094072858647361	3.1259049068562974	1
2.5392527795281135	7.877478639236138	1.6915707419726227	2.211773778103869	0.5684905759603897	0.5387539713248076	6.436230493364462	3.2981046629781963	0
2.4303008575885086	6.913830388081072	2.8979595642110882	2.0327167431736	0.5109116200682027	1.1839333489882093	2.273691669339064	2.5375939720670067	1
0.01856362475532021	4.155624655444719	0.16646314085949665	0.6046820200662558	0.3091377444810706	1.2441834119873285	0.19513083326830338	0.40938408554140704	0
3.134354436192153	7.790278036465665	4.040057316748275	3.005207243916509	1.0828893282028733	1.4595912901813475	3.3738775710071924	4.235117587483543	1
1.1349442179154998	5.8351109843815285	1.6239914934416115	1.4731828138879812	0.29451864971076935	0.7327524351523047	4.0694232568168545	2.014743007740899	0
2.5033685093756826	7.221774610850968	3.049538408112518	2.2841155767103842	0.5396929248397803	0.9175699133725354	2.618293240262531	3.0785603293107453	1
0.3525635035390144	5.644637736438329	0.9993442870094407	1.8349307021256869	0.801867047274188	1.3727530905532233	0.31120570937332565	1.7259401281907614	0
0.021576543172723797	3.885184041071917	0.4087995426970367	0.7813869694093535	0.253540836881796	1.138057335631039	0.03300528348064388	0.38396904776327756	1
0.5834662341565369	6.0635877473329325	1.2306049981266065	2.5065295148706044	1.2441257750997043	1.8952933175444737	0.45410922986789104	2.2509970183209504	0
0.8534787194622848	5.876751544075179	1.8118561709271774	1.2424817257540426	0.3288576044702894	0.830035432622067	0.9453834060774275	1.7884540122193284	1
0.44897787923985233	4.851863843822561	1.4103770316358477	1.0382605462833625	0.3645806116347029	0.8514321595256585	0.10783146035799666	0.2684533804232417	0
1.96793719126152	7.18832700774682	2.7219465316276295	2.049304447259597	0.26349439486027376	0.6992783464901854	3.550728837855303	2.9992510753031096	1
2.6854841590902745	7.238830405945013	3.6687838839141738	1.9334326275442006	0.2574290292807601	0.45872147440859584	3.193127154845423	2.444813556221556	0
0.7626266003297486	6.116510697924557	2.807473124093283	2.2925347571405443	1.0669496081592682	2.1072998698082324	1.1199170551619388	1.6528996198446362	1
1.422481631881603	6.210666942259003	1.8385158205698282	1.6588564505638277	0.32173561257663263	1.377304069281758	4.4787051959988435	2.2676933961139354	0
0.5913248426070612	5.526737770752543	1.8872363018117007	1.1161574678838586	0.26198727033721	0.5101734111215562	1.7993307347243732	1.6707211408509988	1
1.3725756889789527	5.662219580737758	1.8751044108282007	1.1827389533175443	0.20134773894375235	0.4045113200635916	2.1357391684822336	1.8139122738691884	0
0.10158138372574559	4.7454128823477495	0.8655867374994495	0.634166519199719	0.3173258225414654	0.727886714363842	0.21707718808422918	0.7871838224863283	1
2.2128463637946494	5.808434039067469	1.3647131530862864	0.918528226814347	0.1845440851470518	0.5634085861741189	4.075791853452201	2.5717721828095823	0
1.8150690119970119	6.034172202651483	1.4254429562881172	0.9697556665431054	0.30473091155133963	0.6060794383454624	3.406874569226443	1.691754954923314	1
0.12037522857496863	3.8348071318249826	1.4026843090994925	0.8178396245172636	0.221606370456857	0.5695661187885908	0.1407788164877347	0.7284177946418646	0
0.06077519871445876	4.157261456733651	0.7756944415275108	1.5694280880144038	0.5437418902075535	1.0780013347639854	0.08476569065588858	0.9074517832069507	1
2.4411289024421046	6.913056104747873	3.7421713749164605	2.2787636008680434	0.5140743409650446	1.2939597499170947	3.1113796970799528	2.2934030669191596	0
2.3614953048727654	6.966971568387395	2.9355203790539184	1.9599116686911269	0.9341306500024861	1.9249345483804714	1.508467745077567	3.713747661042817	1
0.42925324674461196	4.9052207029023	0.702701393364757	1.6035807929497026	0.6609958205428604	1.400591665820715	0.13739392343881987	1.235180731450129	0
0.48487376866245596	6.676943652985751	1.7421314541595658	2.278835285822938	1.6859358834068254	2.4503755896686217	2.6846519171736505	2.601162594107788	1
3.586392583358518	7.665591469355665	4.166381462615097	2.653910755001562	0.5993034250297853	0.5122845590022348	5.491925819339767	3.7556054247883477	0
2.184814557259538	6.622977651211053	2.5040145914015017	1.8360633947845795	0.8747601530339826	2.050887734261775	2.5713901096761376	2.8355459156123857	1
2.6927538054762183	7.134250566946154	3.6732631519182455	2.2568238370472495	0.4150523367440701	0.6162985331074103	5.30484054428638	2.869516910543908	0
1.122979645116404	6.257756281267272	2.3421999592280254	1.6041841354855524	0.3778335142736052	1.3102768746959748	0.7114781372446687	1.6105173296536646	1
0.5232955500482597	5.596686750691129	2.073850943366591	1.915524576561986	0.5596672151844476	1.3648408719007186	0.7349606833733556	1.6230843744679513	0
0.5098551530115448	5.577517569429427	1.8575159982927179	1.766304899755587	0.38092648366101006	0.47973735248275184	0.5346554252174704	1.5024093396755769	1
1.6490623902173178	6.144885818124157	2.3052016667771995	2.2158500414593845	1.1922847645307448	2.094170042834283	3.5800295241918416	1.9457672817074025	0
3.315338068065303	7.816268403528962	3.776230773316664	2.4888156662847156	0.6944962701292408	0.7464035468603768	5.507125454353384	3.075928815548268	1
0.7346729273884436	6.5131974694300245	1.7145363937639306	1.66587495503726	0.5831090753510079	0.5776409260691663	0.2795238847503174	1.888523137660363	0
3.0897142990244224	8.239038020249984	3.9053145540006926	2.2322591905588585	0.9397728560213585	0.7816615940906841	5.497031740569749	4.339732202482475	1
0.35026947264021424	4.864821543078651	1.6553859463368081	0.931376369292196	0.28743954304390157	0.8618767838344329	0.25448716759414	0.9511944478820354	0
1.0955743454546585	6.248139388226072	2.6214242043895157	2.44412805710365	0.8897824719933589	1.517783043832386	0.6303830841991627	1.9951491920554039	1
1.7378663068827196	7.1270819552878075	2.664488345477009	2.0997097468523243	0.7400784752443775	1.0740121717998772	1.9982043709192132	2.446884551342354	0
1.6539522817407437	7.089451723767619	3.7354648085232958	3.0193609056837	0.7467827297258547	1.0275458402342494	1.4785316425863015	2.2213316526794524	1
1.2444427368796493	6.452462906602094	2.0405447760498894	2.1399132106231056	0.4277091970543288	1.045563067578294	0.6328503175247324	1.905028628953922	0
0.9543569326806114	6.03423927380514	3.1774744958994794	2.168230504493895	0.8134160129508902	1.0927618749899342	0.7530185775973357	2.4304592636716333	1
0.9619904111251456	7.294651989818793	2.7860909061050734	2.7214927767986987	1.3852688354481508	1.675843439630712	2.7256543350505673	3.3455296209524557	0
0.24885808059419878	4.056183953626036	0.5192163231845097	1.2280603558549963	0.38880035253908235	0.9674020096976959	0.10938341294471861	1.215950781085343	1
0.18201317591612576	4.774216515582016	1.0720971830123547	0.9591969528846124	0.3880679852648632	0.5687737257201884	0.21274568032989521	0.8816578783797119	0
2.0777025304759795	5.974888673238983	1.4729306677794374	1.4637413952534	0.25732079831577537	0.491862963598629	3.9068657295130382	1.543533125046382	1
0.12158911666533456	4.569864200280604	0.30419989892731236	0.8955981086490659	0.3167431780473598	0.8551809924071783	0.18201317591612576	0.5404504432458249	0
2.623552027007242	6.341267533137838	1.733936128490853	2.2873699271875654	0.9617611059189125	1.7894568201653795	3.4535367953427287	2.132366004987723	1
1.1001444476461861	7.566037633721969	3.424959480157724	2.499392882487284	1.0180527808096929	1.7975924244204988	2.2148898458548847	3.6678064702564366	0
0.12393297484268531	4.9410272334192324	2.8142943262621527	1.3819850895317922	0.571928248967661	1.8621713334684205	0.24050398319107225	0.8668483550602886	1
0.1080379281879004	4.816584416985318	0.8046885552928527	0.7176446521603327	0.3014148448058104	0.7176446521603327	0.34679025093135374	1.1796391273104831	0
1.299701078534795	6.195411007751698	2.2568657091489213	1.718686858338729	0.5110555973200457	1.1911306963126382	1.203062390024574	2.190882285231528	1
0.14630570258958475	4.440702299683699	0.2469303879597178	0.8449665736201245	0.3612624054284318	1.2151501049160613	0.08620430139171925	0.790908898342441	0
0.5111035851311508	5.808265004997695	2.3638965377171495	2.2674241279004566	0.8437630488670719	1.8846120862426714	0.36371212479674536	1.394783228515797	1
0.014833438557904014	4.37777134375193	0.40659114056226153	1.1694434694287013	0.27293892437756856	0.5382695699158242	0.07205923206107002	0.3343843442042913	0
1.4182774069729414	6.877336689229218	0.6068646288217475	1.7063286606636148	0.26946972998211327	1.744807614332263	4.748000459694688	3.047465721059944	1
2.9980695400174775	7.389376660042921	2.4483550380788515	2.379638722436337	0.7221718596005616	1.1182841884655739	4.725284723802007	1.8818286663169226	0
1.1957692469752477	6.896779060085733	2.884850990912355	1.712860551621638	0.6762400572432308	1.2427414922542839	1.8145315395702524	2.259249525427545	1
1.6037014905821638	6.989719892457139	2.755289957661452	2.0133284482203107	0.8533935297020423	1.8809906029559975	1.5577866592501017	2.0145162791007665	0
1.1780394222994315	6.958574430981949	1.085628361109815	2.274216482193589	1.2668630928741496	2.0738132324209846	0.9894668414073118	2.6628436082641307	1
3.274741848375866	8.278801145483472	3.4601453044864816	2.7022735483247557	0.44246540925226285	0.5699564245047364	5.997392442367715	3.970914361300756	0
0.28258158706282227	5.55257579035167	1.3650962606037105	1.4051406489162506	0.27268771686742677	0.582355274904912	1.0660202240674503	1.9354123826723693	1
1.1237925871984078	5.955561683798636	2.3267995425021817	1.8306916792298424	0.6377243186016933	1.2948367506310556	0.551376221461459	1.6899297500029349	0
0.7666299573197487	6.116413402398144	1.631923212653172	2.637727874853199	1.2745524162741428	2.121914173149058	0.1621783715144873	2.667061526024856	1
1.9138295984488285	7.4284153060898825	4.010948460424405	2.0246949230047337	0.37248037740297735	0.7367333512228667	2.5217286550069735	4.00273901179661	0
2.2317977552723343	5.4919278792888155	2.992652536027068	1.8662483212187941	0.4244700317024148	0.6777390831572714	0.6753802797657839	1.3877183467709078	1
0.6423958445495772	5.940324135770065	0.39175826371800226	2.404347141929583	1.3091703066978186	1.7867804276808912	0.5711151306141469	1.6570082853415171	0
1.050961475192104	5.843169854137813	1.5866195423534202	1.76442253015276	0.6656783428203187	0.9170504432203971	0.6815754860067443	1.6584185346557223	1
1.1638693016286021	6.939745298176492	1.5625768862807772	2.4732304137502825	1.5401950096919395	2.6937484163913505	0.4337480158362176	2.734724588516397	0
2.186197333487018	6.3093057270189625	3.779718288700443	2.2513128510164706	0.6426640841891147	1.3864943411225568	1.302613794453953	1.8051362662696937	1
0.465198352373488	4.8299979182730075	0.9439058989071285	1.9087866637529294	0.9926960630765604	1.8666504680696812	0.08216783261050614	1.1075059558382294	0
2.813280708309304	5.92915686912177	1.98876436293257	2.737214103374552	1.742271561692326	2.428680154518195	2.012045608693285	2.629252273923429	1
1.2817668317659563	7.182414343991358	3.9688455851043365	2.2797564920540245	1.6481969805841843	0.0	2.2620338951383974	2.0963846924100555	0
0.3522752795940452	6.188699141384751	1.7758333186777957	2.299149197058145	1.76753508033719	2.0754209700027393	0.3522752795940452	2.7379713972180872	1
0.37985323979835756	5.259984459178547	1.0552871639297359	1.0851554839815003	0.39350048325962017	1.0668807945066123	0.42900583802414577	0.9260826343366242	0
2.6758506484799267	7.26637703664866	3.750172088054699	2.8446942443995122	1.187233480321638	1.5868036799251657	2.182843891381497	2.4060347841890692	1
3.6498917138203706	7.5576781547003264	4.364360248987926	2.0392703769905594	0.19726763890066323	0.34079146673115374	3.4140083035891724	3.977683397033648	0
0.13523868437219758	4.907065026838898	1.027510051174961	0.6933971493151525	0.32199653886643664	1.1603030086665422	0.24260886682520444	0.770247100940794	1
0.6603088565607914	6.614432795946676	2.7047246776736333	2.8071712919700174	1.4637876679848876	2.179049291867437	0.6849990747232236	2.752130880337385	0
0.26171020446302645	4.690977171322511	0.5650751442082363	0.9342092323765	0.44755350040814373	0.8010145514289524	0.22500581622201635	0.7809748909254656	1
0.0980337402713654	5.0617757101318395	0.8323437457482343	0.8761768199375802	0.2979318634127899	0.6442877639926213	0.3418363951917714	1.6847308964695318	0
3.142180508424139	7.344846565399612	3.3930307923290948	2.470165193132965	0.7314058926770358	1.1679517667467225	3.560142265193211	3.93538400010147	1
0.09360964380314804	4.516585936318866	0.9787395711466437	0.7582324272158797	0.4431911150008107	0.6909798335593292	0.18518412240743132	0.5887861652352026	0
0.9801665334616281	6.30040296910131	2.3540003799402016	1.8875392357289837	0.209669178312192	0.3608372694307821	0.7877298230458931	2.448061113667178	1
1.8543742661942377	6.2626722848478265	1.8568603322218022	1.4875188351377437	0.18087884992602984	0.4227023561277224	3.236747176687164	2.642729151646981	0
0.12775976880127196	4.641216635724414	0.650542347727508	1.20143959846758	0.36528179847417735	1.1271997455200222	0.1647005480365522	0.6874962440510958	1
0.04102485394289112	4.733335582371617	0.6183535888074277	0.6295735271211229	0.5128475782376253	1.893172202637784	0.08525066117220628	0.5736482986810163	0
0.9950649430383804	6.469118059988211	2.052866533494037	1.8803196462075353	0.9100311817030108	1.1224264667673645	1.922041839490977	1.6702883910958988	1
0.5474390948618081	5.707289650651618	0.797507195884188	2.5310027119309466	1.5044106745663945	2.1129246724963844	0.37808020789508523	2.2588003806230237	0
3.109676840595469	8.351441701644227	4.035139349234832	2.650096176730475	0.4247447228401206	1.32183583678249	5.3214541352944815	3.6728288292452356	1
0.3480619584404931	4.621454867858315	1.5047216336555689	1.305572256041528	0.41037967846599466	1.056643803845608	0.33418390610320076	0.7478247418506411	0
1.6066339851013662	6.277867551901376	2.8176875580222775	1.8967199048645416	0.23080214924148146	0.258078169193201	1.7056931001232405	2.9272232135828	1
0.9280611874730706	6.039399583855394	1.55546735315857	1.1135009011618604	0.3698379304650133	0.33747173695429644	1.9759542704036899	2.1815241909987764	0
1.2948915376465466	6.0254487370356955	2.246702335746372	3.355833839910625	0.7912262507195804	1.7327169285942718	2.4774371557794552	2.280247455272331	1
0.3458212551806493	4.878971109534212	0.8975970894269011	0.5603754992816647	0.13305252798715142	0.38718572009375424	0.5138769636897055	1.599892499590569	0
2.1890691901629356	6.684319935100617	3.687313228222256	1.8150852945315517	0.2468757028094567	0.6846310207916055	4.421285808625998	2.8387918727378	1
0.07745813978434228	5.269284975727685	1.1597073880279205	0.48052310503588586	0.27925919944069727	0.41464286337393064	0.20466996045771643	0.6075783988927795	0
3.3653214684236583	7.576159716945223	3.002355292862225	2.4430945819735603	0.5750053305373859	0.37897053963669364	4.02997847066214	3.2969806560714483	1
0.5674875810584452	6.461358639104732	2.5039001262805343	1.9068128568567813	0.48482450545528805	0.9963580546293533	0.6974877466583655	2.887266942942686	0
1.1506353167352616	5.699508018839115	2.2311964969063927	1.875610301397999	0.4472146723026271	0.44108318570991023	1.7657747722560613	1.938756047962396	1
0.24896723132366794	5.553548558729309	1.2878818741330422	2.22631941004037	1.3420812064435652	2.777420779026881	0.2799699100299573	1.9636377959361928	0
1.1854625415668392	6.552426285987769	2.343304682271063	2.716752228396111	1.3104656786236573	1.861207792536633	1.8115947757288258	2.8866147090184526	1
1.0667431529937148	5.512868508616068	2.508118491781787	2.1583335875959766	0.6521220404070134	1.4721509048795738	0.2875745666732419	1.566885254512847	0
2.5154116062262095	7.627929710595658	4.984288580902119	2.672637162878454	0.918887357721421	1.2845384521655032	3.967635558373925	3.837161518684367	1
2.025658307859085	7.080189197124393	1.7194933894921463	1.9747613501046473	0.3991988493866372	0.9242192181962765	4.922868722928364	2.9148041740367496	0
0.12983456778023292	4.479981042696079	1.1509200682914544	0.9192862408539536	0.280279742685019	1.0328285481221067	0.1659041930218768	0.753583549363776	1
0.2540218709591458	4.934062337645523	1.5638755333570098	0.886614722764154	0.23679395912519136	0.6759857621985793	0.11235499714078286	0.4328921900093616	0
0.07763396282168468	3.950420302744559	0.6232235188793146	0.7365418628791345	0.48412224093144085	1.0008524442171927	0.06474599961242382	0.4285955254970187	1
0.2547352373029999	5.351113780684867	1.6541626812136085	1.34192441338395	0.5479422017016616	1.681516684295651	0.2882344198798507	0.8836848921252404	0
0.3799900227991795	6.085379890944388	1.5319303219670934	1.562199543607229	0.5423708013716364	0.2709046147124696	0.3799900227991795	2.115013780313867	1
0.3256568174012683	4.718375649417877	0.5814331909299437	1.0009259547108487	0.36686287032622217	0.8412222986253086	0.12134114252422412	0.8581106198076925	0
0.3211337729595964	5.045365813194592	0.4703473201772405	0.7625333080449529	0.2958436757724112	0.19251938177040057	1.259766954648132	1.275390732983385	1
2.688921746500541	7.038362487845657	3.605291302107204	2.419923585411279	0.5701486930479333	0.9062807992448365	3.9200467290897256	2.249690517239521	0
0.2687973737302308	4.976121831103094	1.5419296526513395	1.1013751351570378	0.32561349328633693	0.8123958083779389	0.6460084021022435	1.4088627679623635	1
0.04160920458908719	4.5899296365718065	1.068805789085445	0.7424610171128663	0.29259498431242537	0.7133908870369876	0.16299431648347404	0.54980207632085	0
0.8609471408348796	5.91505963130549	1.4443745721964154	1.247003557741323	0.42716788975139786	0.9278635082267707	0.7389328357090786	1.79319177631968	1
0.08183986105633452	4.732137582649968	0.3290087396033781	0.7741740192023188	0.33595781861667073	0.8605665831017935	0.13910085433939123	0.7892297892369896	0
1.1302401463484213	4.933521681321667	1.4898657772932555	0.6473231131730716	0.09832381605569762	0.21477261256444743	1.5954809658048956	1.1116930282066402	1
0.06171673113025817	4.614034779126474	0.822902703552482	0.9462766273644118	0.31086867352710595	0.8446658281988548	0.158447151047718	0.6051134629763952	0
0.352465094946459	5.011457622558174	1.5268603280067834	1.180683706347983	0.27571323077564885	0.7099551322093127	0.5961515812337467	1.402487541014641	1
0.2910414235081972	5.523185430035992	1.0668807945066123	2.2416985618823655	1.0995451867167103	2.0547261163292556	0.09214152856354282	2.077639919733208	0
1.7059473728139072	5.982912583084025	2.8546236748440763	1.640161085076941	0.5743861668388727	1.0764348437234066	2.899204853212905	1.7756978356807047	1
0.2507976280960256	4.631372877347582	0.3733550541899307	0.8931039848988195	0.2841031758345017	0.6014101095924005	0.20754248508555864	1.432175536376079	0
0.4687653629103186	6.355867701352395	2.4442582513101914	2.5865377197003188	1.2118814483939768	2.291473588239327	0.565114925637702	2.6223906372740395	1
0.2724364462362148	4.85384736199649	1.1083975894029068	0.7750036270297777	0.2941982956795776	0.7951169541436623	0.2782148998588601	1.3868941811918583	0
0.2503306111581738	4.9258490759670135	1.5136756304469834	1.655977927868996	0.4934576702448408	0.5252017897104977	0.2660191158155213	1.6188534468437932	1
0.17933376445104954	4.809817328531136	1.0866071815406775	1.1499705809432519	0.31310125029797264	0.9186479514478333	0.22861654711255003	1.5643987046238212	0
0.5607009132596392	5.168388619453071	1.46355628291282	1.2090498940662187	0.34239040395643855	0.7169613586592002	3.161000919115096	1.9459387200757292	1
0.09713578509971381	4.240353617357726	0.5919723371854714	0.7247911858944069	0.2538822397404814	0.8062079728439595	0.049744946315097884	0.6504223350999484	0
0.29539723390660744	5.3069846964895895	1.989940704918633	1.2985554468118838	0.19430776763174185	0.828289774502239	0.8020015854720274	1.330490911254454	1
2.6625506170308437	6.759183342322852	2.8317888004638667	2.3832706709052993	1.0356724888942357	1.2188811210590544	3.0246258060089666	2.276959545355073	0
2.8840462383582635	7.124402897334702	2.6162711129825267	2.4091049363717185	1.165024054187361	1.6490239434660636	2.484131349320249	3.064875800358527	1
2.372614760155897	7.439636391943797	3.480353542623108	3.0522732746116654	1.2480949473608276	1.669064389210651	1.4829672483801515	2.6387072683509634	0
0.1287713314878611	5.078820906503923	1.6726943620691153	1.955252091200086	0.6763671805199281	1.0631578076837076	0.19330270930318846	0.770571077524749	1
0.03270723876786032	4.094906071213083	0.734049171880371	0.7415563197676327	0.3174059096180022	1.1131067348185624	0.03459850874466914	0.4329181348894651	0
0.6940467758027815	5.866611672682384	1.5695113502279776	2.2876135770639	1.3970859221980894	2.048853459911812	0.536575238508322	2.1183016128865506	1
0.1416037235153957	4.682853188669476	1.3714091236204446	1.1691639446190545	0.5477629627727992	1.7006853048286599	0.20075069226232187	0.7400307664587957	0
1.0420419371797154	6.259007494404528	2.651853677438718	2.2426758402401368	0.6730669147257533	1.060425707282869	0.9239810851581614	2.2426758402401368	1
0.8835609072512363	6.022059947817972	2.13740379901768	1.8421515242880846	0.6072460960583381	1.8586857623677415	1.3573288828268755	1.3436999634874702	0
1.3656578862694482	7.195521997851309	4.3161004845577144	2.2110726924879383	0.4116260902216371	0.37297635107143234	2.9152052819672614	3.04664874695343	1
0.3652887384606444	6.166896802065533	1.7288551675816584	1.8115784362600216	0.6178092215131533	0.884511065338129	0.40806838331160655	2.027608628039791	0
1.9588404766057248	6.982248369825278	3.625580164811316	2.191195326767988	0.8246577827621558	1.6063732210612554	2.098275562773547	2.559604328982722	1
2.8068331317996473	7.026664080726022	3.3469347709342325	2.046375847474501	0.40996165016005476	0.4609502709923401	3.012923651366568	3.0404905108957645	0
1.5151931648552381	6.4689524429784075	2.065596134857783	1.0800069443425404	0.1750619360646944	0.25699603511941616	2.110019242143974	2.919979102648823	1
0.8702049076788009	5.826355206567158	1.9285895817552765	2.2435779124140134	0.8609048637934205	1.2152094362519237	0.3950645425812418	1.4264281188595362	0
3.2177632061374726	7.923948032002122	4.797667295795551	3.0185548460258413	0.702552808634041	0.9783261227936078	4.3859190493892255	3.6063778926021346	1
0.9491450687451022	5.811057456553499	1.1323049296345793	2.3429685913889258	1.2368948764681162	1.8235487917174624	0.36698065718065254	2.1340007471691838	0
0.43059339813506065	4.72169643221539	1.7254415881904066	1.2080046654393066	0.29750120658022317	0.6808620261263069	0.7018095536385981	1.272005214717763	1
1.0002641656503337	5.666385164759	2.7436232439467663	1.863614906328483	0.46879039357288155	1.1146168628098254	0.7227059828014898	1.8388656766553264	0
0.7153488885436319	5.62623093921262	1.130853573975128	0.9171303792715987	0.201560299646984	0.3366722166238792	0.94697511400515	0.782119134362209	1
1.0356014888587055	6.158766158826107	3.0771233026028204	2.419247500981726	0.8848826207144748	2.11461561668749	0.8607780219438964	1.966062855122791	0
2.3380294539272404	6.236640590661759	4.325950869852044	2.3137129481150964	0.7372119117220459	0.9461989876128198	0.8796267475025636	3.1504856288787395	1
2.5529312748979027	7.54403407422803	2.6430280074583927	1.9252991951511889	0.41304960628125464	0.5989463851611183	5.2415443490216225	2.92267759264808	0
0.6366667721165012	5.178347879848699	1.1912522399165557	1.0896724470986354	0.3183955476077251	1.3662191966888395	2.1145432062651848	1.6937606783459525	1
0.9244572945405486	5.773056639909685	1.9263777709528163	2.093085537595074	1.028046752620837	1.5475199546191107	0.63303086703296	1.4904516531944612	0
1.8980695339214693	6.5949674786196	1.6544495182634482	2.2898138872116656	0.24924784993364107	0.7790496095606488	4.190869155842525	2.2495956240733395	1
0.788684607269009	6.470619611441954	2.239347059189458	2.628494596996688	1.3268097142849984	2.49123657348287	0.7052733603577859	2.332095350367987	0
1.1253840391655374	6.172165416296983	1.9536515356215363	2.149247415923799	0.45438224834277885	1.181512448395753	0.7405077519197829	1.9255179194063934	1
0.5748871561625175	6.396558252921518	1.7337065377794378	2.634683492606225	1.2076759392503171	2.432208860787551	0.29538234907796884	3.0391030172518043	0
0.596597733180669	6.605940339722213	1.989503157909533	2.3438805754012173	1.3314421095717404	2.097183223155993	0.37970275688472443	2.401289505866386	1
0.21846060340982776	4.879380165957768	0.5495481359146812	0.8564982637217983	0.27322811548163045	0.7722817837236726	2.094145408045032	0.9126440909539575	0
0.8503218549319439	5.992365890775706	1.1982162672135563	1.4984840051084198	0.32274270213694156	0.7348647739118138	1.2703502585890647	1.5112516005242744	1
0.8705399441171473	6.45103250743058	1.2223332156578686	2.4299399500341408	1.5294202044480691	2.660434347160547	0.27790442668768456	1.918715122322471	0
0.49068209837065624	6.582508678478411	2.888709265610257	2.862132307149769	1.179823544092933	2.481559387283517	2.630081452399319	2.841718251055361	1
0.1883616122112211	4.945985833471794	0.7770746404952313	0.6386698752166888	0.3468043899033093	0.7544774357115512	0.19283278641960216	1.0614986873280086	0
0.5488090333132313	5.01394647275528	1.4795797651758738	1.6575421271082469	0.3599097064486617	0.7848143690857692	0.5180613824105537	1.6309058190493413	1
0.3174714306375328	4.620981525347798	0.9309428632064695	0.7695525117623508	0.3618057587677489	0.8516028662519182	0.22597952613341776	0.7560280785991463	0
0.8703724399291508	6.54638690956172	2.7988654453180004	2.017167122195332	0.6561460024154624	1.2437798839943046	1.402020061581373	2.105852189796759	1
0.8577289808758901	6.885684603608303	2.4953354140284465	2.1808128610641346	1.241702021135943	2.0064809879128656	1.2388958341151657	2.494526893164991	0
2.471728531897241	7.7417771304312675	3.3672647950221357	2.173159545553588	0.4872355531527772	1.463463713890977	3.0615059690495428	3.675153178345054	1
0.11637760405546112	4.865622624079626	0.4308404144393925	0.8335610842751591	0.44171988876733553	1.1316923919363004	0.17456656442088758	1.2240695060250584	0
1.2966157939752108	7.441242028876226	3.100227414883439	2.837925752608982	1.42980872795085	1.7861604908275734	1.6390549654062225	2.8738696777966584	1
0.040276885975584605	3.652337350281415	0.2600847452596766	0.9580466901144824	0.30100048731296014	1.0704528402075364	0.1028724229206292	0.3755761847159618	0
0.36433751134074355	4.78175615905718	1.8472099438884062	1.2651431595557403	0.3784843797763899	1.2054916502952058	0.28602820556759756	1.305653557956233	1
1.5691366156605746	6.484189334709491	2.4658767238811947	1.3641765558662717	0.4560504853147987	1.3521945139228828	1.39582381133602	1.418640537159102	0
0.22072462807689966	4.574489304450969	1.142629174084884	0.8188101985556024	0.2735856835660223	0.585456173637903	0.3499101139858446	1.153068907797408	1
0.34194295917821793	5.525820998879524	1.5432126361913094	1.1632758019938318	0.3961417806472803	0.9152501906989077	0.2707825769874063	0.6316440479658955	0
0.9444504976680113	6.460293736969691	1.9570478934657694	2.825501329831731	1.6643994705080747	2.274226769888991	0.5251603883330089	2.755550645051063	1
1.5457310453763862	6.344150520672523	2.81048644524279	2.439421019626869	0.9364462380777194	1.6093779106340282	0.7953878345064928	2.3238376490274972	0
1.0811269743270904	6.2763684515222105	2.4124793158524143	2.0830475322738202	0.7519348220430337	1.6528996198446362	0.9578548509518475	1.7431117949064623	1
0.10164462026203057	4.5203669147920635	0.6217639544503561	0.7922229887506329	0.34441914754102326	0.7912715785531442	0.45012612414628317	0.9403197096735162	0
1.7977912414597739	6.741396988561641	3.1512049363194765	2.0917035549707204	1.1661774748305336	2.1252391373413366	4.192062447237177	1.9250950093413932	1
2.227268698684596	5.921168952445547	2.5825323285724404	2.032310625197298	0.679256145320506	1.0445432155442675	3.7504894726204836	2.639321580412227	0
1.734236282984389	6.124453605195712	1.692141691698514	1.8861904747931548	0.4287127748278548	0.913526916051424	4.021476334088601	2.8292939083875743	1
1.071343861513916	5.271644795132201	1.3465655188908938	1.8708170764648289	0.9445282732853947	1.8665267478010505	0.4644130309324907	1.7246220182405636	0
0.8036146335859163	6.067052423662791	1.654545112332865	1.780749076708003	0.4368087243880946	1.024535085271794	1.4780755942372732	1.5514909524792508	1
0.19062862403730918	4.26007084266636	0.644377016190516	0.6995267875239843	0.3534276772706264	1.2146159644244159	0.13903124069508876	0.75541750628607	0
2.482637410343957	6.719474159217312	3.2753053064348934	2.0976006622957457	0.4420541563387799	0.6813680785236494	2.6917378756099053	1.913150801958409	1
0.23714901532642735	5.035441721347705	1.606192652269071	0.9393820630975527	0.32549795313600627	0.7712649598238974	0.23053218798722172	0.9458883683130985	0
1.8739076511419739	7.805238533833784	3.5123838932000453	2.2027426580201244	0.7279350060456093	1.3543650013257176	3.566369953800486	3.58764375303306	1
0.17440698570834903	4.6958487472969015	1.2925329813054163	1.1195254102483165	0.34943076814274543	0.8465118372662386	0.42513047108206725	1.1523742001782087	0
4.033796291657501	7.7251904696790445	3.770940892010547	2.346391429931255	0.44233691088401533	0.6387543507293998	5.10221062925527	3.3938571748030677	1
0.2151678296365164	5.013881353274299	1.316837096104669	1.1101455244817828	0.39056126216505205	0.8157629641001335	0.867016450538916	1.2163953243244932	0
2.8646436093234335	7.0117311664846795	2.4987684627254723	1.9818562758287823	0.5801576377376279	0.5508690753002896	4.285234857846536	2.4190428063542453	1
2.757208551451045	8.021407498744022	3.422688125770689	2.848032409072194	1.1537315878891892	2.24218732044537	4.431875761753641	4.37783159779807	0
1.3636396705550844	5.028743021808991	1.3594882666993837	1.3426297886336267	0.37358908986078837	0.7577638236459174	2.3028850480030436	1.78256735085914	1
1.9106086030664362	5.808489877082004	2.4360577338927194	1.6935400617215952	0.36786707769284593	0.8753437295407489	1.798072831284647	1.9443661004827464	0
2.4438068389025744	6.875832423567606	2.9710245358492355	2.2393151002673237	0.5180077702942024	0.8144794657274703	2.3992307442955765	2.4688788887108033	1
0.4301121912067998	5.183436116636097	1.0780353616792786	1.1421505906825933	0.31527778404258017	0.6806949726207056	0.7671408604682716	0.8296865446987723	0
1.877493642050683	6.573178365101496	2.2608251587458144	1.3626162337653134	0.21656193994865539	0.2566324845412728	2.3262039585926795	2.6382927516857464	1
0.0867729318971914	4.074167364783283	0.6127719175960274	0.658296903124199	0.3001712568948813	0.7420801916691244	0.08390355270270325	0.4913675371088677	0
1.8350903139500694	7.657918649379788	3.2262168137536493	2.4295524896559226	1.189031740456636	1.3360794324553882	2.933957928559086	3.759696660489575	1
0.3351213245502566	6.015064367696665	2.114977590170852	2.3681949150837776	1.3020700058655508	2.91346417486701	0.47251297819451776	2.2246667938326152	0
0.7182299609274083	6.486590117501101	0.7251302264129961	2.254895822618605	1.3817842056420044	2.664613680574482	0.19309662996191315	2.7156876282314215	1
1.1365822199197384	5.890258722091235	3.2498006839203883	1.9489911122957708	0.4072235611230276	0.7254207411102409	1.3700125285456077	1.8224988041400785	0
1.2119409739751128	6.449215290403991	2.463368016505021	1.766783483157878	1.0104001911019609	2.1046584070695937	2.6453801554987386	1.5129270120532565	1
0.030444817381171472	3.9793844134687175	0.4908535021064529	0.5560895781588645	0.4729555181316193	1.234395311137183	0.056343470752906494	0.4632810834849088	0
1.0810930524491718	5.5902837482263585	2.1945320668921724	1.8556884296212184	0.6906440503418269	1.4770030612453526	0.7765687886990179	1.7553547873342552	1
0.9007709202161183	6.4644069788403895	1.2743567078790259	2.4212832653406404	1.3858442598395053	2.4935359764860547	0.7346729273884436	2.448994457438752	0
1.2582905205355241	6.236064259837794	1.5967781142873099	0.9162107286739843	0.27255828230593404	0.6026533833411994	1.7350127353421665	2.108041146174195	1
0.7931282529232595	5.9131107665604175	1.9619662711589043	1.7885208973775368	1.0834986508580615	2.105011817791366	0.27617613226557897	1.514115732557775	0
0.3353144237573619	4.853419142730765	1.2188811210590544	0.9749746482099314	0.2967062319663974	0.8954347499947777	0.6012456845862753	1.1686357400362506	1
1.622452849511595	7.21468769389596	3.1557783981883656	2.8540074059009406	1.6502727068724363	2.163575867256626	1.5026986689899933	3.3677681322273125	0
0.7811580578826587	5.501422686813682	1.5941415168081086	2.641981621132505	1.7198695481997297	2.0797539928618813	0.11189909249740881	2.051903321686363	1
1.9178192688887876	5.174001098227791	2.8373518275314433	2.1495621104105007	0.3816231336225936	0.6593318320652147	2.3395821818801674	2.1957902157980396	0
1.5586497536019952	5.247703315106967	2.199666038986204	1.5421435975827305	0.3803045527163025	1.431435016784162	0.3723012153297308	1.0115281817609962	1
0.5493229984499904	5.598525657325221	1.2459397431472425	1.1335610695855622	0.271636528470813	0.6440619728694539	0.6619815380417455	1.9158043400900089	0
1.0952064955332768	6.539322047964738	2.1721004827820036	2.586778587427466	1.2955487478131456	2.2794802192789487	0.9776115818557389	2.7509819684857226	1
0.3048488760736463	5.191165803477489	1.5409449159887998	1.0908488980502757	0.2147968140173423	1.1857986503470257	0.264293172159099	0.9460048618575465	0
1.8194232732105284	6.119263478024797	2.6283285529946463	1.1775466900894132	0.26932460041552864	0.6173131041604407	3.826857197055839	2.1919998410300523	1
0.1110582526815145	5.0578858609953965	0.7990825309686141	0.6533871219860677	0.2813898176724287	0.9597715884856911	0.08801820330320433	0.7577638236459174	0
1.087719847501686	5.736533587052533	1.5111633431657598	1.6666118817086182	0.3243490468189023	0.8158514205353968	0.8505354708086882	0.9149298062348136	1
0.2759712678737079	6.4482600822476055	0.9682757869401063	1.5434476713942544	1.0746610678455966	2.6490854509363047	0.6733627530981476	2.6284873782655245	0
0.07884352740574167	5.279668553352284	1.1741834755151837	1.1098159591754349	0.46671698413992757	0.9736157984934245	0.4731299870921646	1.2533627885673355	1
1.8534188496147828	5.995841454458731	2.5114187443281106	1.733512227536027	0.29885195637740275	0.766769320430559	0.9646236486647929	1.0436984127906546	0
1.5216116580675203	7.338086968287095	2.431022282169347	2.1285292806171237	0.1922718876471227	0.46860264833010745	5.148453900140598	3.0609721112116315	1
0.37055615261989117	4.903239375076359	0.7034934726140896	2.4411724327500886	1.4716230732226645	3.0713405482622123	0.3043474307206814	1.764919135267724	0
3.1752875076029756	7.790087533422439	3.337898980147173	2.5712448836009227	0.5990507638470853	1.0523938148664955	3.7560192764319495	4.144343519316423	1
1.1516157864904102	5.870781968085703	2.3358747908586874	1.5999732636183148	0.5517045766640867	0.89134208651019	1.356479276040705	1.3491634627816833	0
0.6536420269573147	5.184173388980601	1.3581520551736102	1.984540028359987	0.23988266731848626	0.5494846407359643	0.7650491498490232	2.142639320674209	1
0.12080956221207216	4.687985354530067	0.7895022688027084	0.8738424156093157	0.3638858825163691	1.0704528402075364	0.23781933327937677	0.9204819364926231	0
1.2908566731867497	5.365850773534604	2.228066267220764	1.713635752446476	0.5944477637751244	0.7840841755520473	2.4222862878063327	1.9390437722094644	1
0.042493237215878166	4.482006575968375	0.5663473656554612	0.9825278096473077	0.2636634201991111	0.6703850783347329	0.1338750835560276	0.674815171374668	0
0.41387630130103914	5.955521775628884	1.4686804747178384	2.0395175813061837	1.1080344272470144	2.021971314525286	0.21029333986870322	2.399648280836089	1
0.11072708980453126	4.619771072363588	0.5625429282485543	0.9457718611963236	0.4255944794033301	0.9522368586476242	0.21428038927880355	0.6634763220403307	0
2.3215932871647187	7.586089233456705	2.3480268001905777	2.8519138648327558	1.186378935924888	1.8515209735677045	5.129460157232245	3.5402634297851527	1
