0.4561772336498121	5.271547222382652	1.7651074382306284	1.2562995645037034	0.1888750357637968	0.6720767499406536	0.40000355427103135	1.0927618749899342	0
0.20749372917389472	5.675040005790547	1.2080644222291896	0.7290450715569298	0.2842537023011018	0.6197428069765324	0.6653699403938311	1.6492738209312996	1
0.027638513063954658	3.5402779325225446	0.13929226687749677	0.6952449786420914	0.5129613414964067	1.375940949040399	0.02308449098737037	0.33097860278133845	0
0.19385479260762756	4.414528916160824	0.7731129621978271	0.8305149548527513	0.314321569120653	0.44082581691831596	0.4170115242752029	0.7790037243196284	1
0.069018471159277	4.3968746059477	0.6515019305912313	0.6338164088583392	0.38435722934178557	1.071172572909328	0.13908345138262831	0.7324640429368957	0
1.74172853562249	5.299240440384266	1.76922411142279	1.339333772256388	0.22758965274067894	0.5512494590313687	3.159694660765242	1.2678204618722042	1
2.2128463637946494	5.808434039067469	1.3647131530862864	0.918528226814347	0.1845440851470518	0.5634085861741189	4.075791853452201	2.5717721828095823	0
3.2295902201854028	7.634051024461045	3.9127907106670543	2.236755071562218	0.5325147058809769	0.6958435421076878	5.034852997186993	2.4054304482862037	1
1.1948008704432256	7.005158539491223	1.9890517369518312	2.5371986120074554	1.3407476811639112	2.051427795224637	1.7466749307391853	3.1151584030365287	0
0.14122174590852885	3.586206989075397	0.5992979330741274	0.6913004764510688	0.15913822133829728	0.9669077976706814	0.040793514114692155	0.3019029743917175	1
0.0646278921438638	4.445988036184953	0.6971890013862769	1.2948641445140034	0.5233370287030535	0.8147008761125217	0.2779801607400227	0.6736483071258897	0
3.0897142990244224	8.239038020249984	3.9053145540006926	2.2322591905588585	0.9397728560213585	0.7816615940906841	5.497031740569749	4.339732202482475	1
1.9106086030664362	5.808489877082004	2.4360577338927194	1.6935400617215952	0.36786707769284593	0.8753437295407489	1.798072831284647	1.9443661004827464	0
0.5584207884936337	4.2816412226387985	0.8897003196006243	1.402020061581373	0.3288144188079226	0.7376902433106169	0.16925320328982807	0.5391914817226583	1
2.757208551451045	8.021407498744022	3.422688125770689	2.848032409072194	1.1537315878891892	2.24218732044537	4.431875761753641	4.37783159779807	0
2.3380294539272404	6.236640590661759	4.325950869852044	2.3137129481150964	0.7372119117220459	0.9461989876128198	0.8796267475025636	3.1504856288787395	1
1.422481631881603	6.210666942259003	1.8385158205698282	1.6588564505638277	0.32173561257663263	1.377304069281758	4.4787051959988435	2.2676933961139354	0
0.9334624503824743	6.15525971187097	1.0917555012048965	1.5944054896001383	0.3262992381223016	0.3202339637455039	0.467205969442498	1.5579972387657044	1
0.052746138498259966	3.8205193715265353	0.43659549030472616	0.6436154915288963	0.3381494008232973	1.2508754740121555	0.10807383128544404	0.4913185927769175	0
2.519686426821985	7.179326414455876	3.047209301061578	2.1216505738185116	0.5574019105449057	0.9322428180880821	3.1458792349004425	2.7464500646300865	1
0.31147672101749807	4.707849510463104	1.5547071377275958	1.6125331173414028	0.5737553514891418	1.3373929407617184	0.13180865957169388	0.8476263778480045	0
0.8651237452989107	5.607855471322018	1.3742217798856213	1.2526772505359745	0.3061750189609524	0.6912503827758858	0.36957537441124244	1.0505068899932624	1
0.28581032181898497	6.048383723999721	1.0540332452701424	1.8882356356723493	2.2233037620663265	3.7711435388553616	0.5751853789258766	2.5957322048768847	0
0.723918839226699	5.894396222672746	2.187365020140776	1.4221681333560958	0.8032116154222543	1.377657167724227	0.6566699007496738	1.176652993670973	1
3.5239016216376067	7.4448987889874125	4.569414502679114	2.4960196707915694	0.683879366739029	1.2322978360768397	3.694172918974909	2.8609486686674153	0
0.10003536216227427	4.262050101309414	0.7124594915923183	1.0593169060604675	0.25413045954038743	0.9586986681237323	0.04230441519157637	0.9122425490275857	1
1.5386935079083426	5.48549917648687	2.3821907821119592	1.446024465327657	0.27276384701957157	0.6234058147352697	1.6246417461763731	1.3744494867519672	0
1.1253840391655374	6.172165416296983	1.9536515356215363	2.149247415923799	0.45438224834277885	1.181512448395753	0.7405077519197829	1.9255179194063934	1
0.5341573107170207	5.755466226138791	1.2704064036679632	0.8660495154374083	0.23407557836376872	0.4715898704996074	1.1260653154494105	1.3544682404534387	0
0.596597733180669	6.605940339722213	1.989503157909533	2.3438805754012173	1.3314421095717404	2.097183223155993	0.37970275688472443	2.401289505866386	1
0.9077342291910343	6.307177434634917	1.6684612528835612	2.0637947668536434	0.5351123003169391	1.0070085647950289	1.4186647411503415	1.8583115867190922	0
1.122979645116404	6.257756281267272	2.3421999592280254	1.6041841354855524	0.3778335142736052	1.3102768746959748	0.7114781372446687	1.6105173296536646	1
0.9581617759494612	5.912681587285487	1.8326614605484808	1.4203334033433135	0.30319610509311923	0.6514185251468925	4.048797882266121	1.8055308733119728	0
0.10316109871265844	4.583907733665671	1.027975209068669	1.0363822121319755	0.33930393785396307	1.0612218994495506	0.0662651546476369	0.5777082702935827	1
0.5955012750709471	5.710752130082919	1.970728189319375	1.396690137302011	0.6251252661130356	1.1481323451315006	0.3384488532553775	1.0280825224775825	0
0.6829301641493449	6.2442144723477195	2.1167734529385926	1.4794203391093743	0.417821782317536	0.7395058195379622	1.2923407607454627	1.8043465847335265	1
1.0460199052156036	6.210983939083157	2.909716764159941	2.6887178632026343	2.027687614901684	2.8749309374080845	1.153384524515089	2.264052143277262	0
1.1917078969058639	6.9772225712470854	3.409906017839056	2.8296894955296565	1.2554735771883392	2.2901379476922883	0.8730491458351325	3.288121997605015	1
0.34869015015137533	5.318998529387456	1.1068780330851424	1.086472228773941	0.3800720836199706	1.0206867825851516	0.6671573519485725	1.6422535413757235	0
2.036494895852307	6.797869763157863	2.727584818630771	1.614286140758921	0.22703995048221928	0.2988667896514032	4.140354675151429	2.8963538295737123	1
0.01856362475532021	4.155624655444719	0.16646314085949665	0.6046820200662558	0.3091377444810706	1.2441834119873285	0.19513083326830338	0.40938408554140704	0
1.133013715385442	4.871999850316566	0.9171703449011627	1.3367626720888415	0.3906762906347251	0.6538812663851132	3.185364541855383	1.5433408440591745	1
1.0515206811342592	6.171273992858194	1.5322976552397336	1.5593649257996598	0.49663338874515417	1.2255385822404965	1.2208594194823597	1.7895236382864788	0
1.734236282984389	6.124453605195712	1.692141691698514	1.8861904747931548	0.4287127748278548	0.913526916051424	4.021476334088601	2.8292939083875743	1
3.538367562526043	7.583513341388173	4.025215967239418	2.685504615332668	0.7175958609622552	0.29626761101335647	3.007428604014814	3.368791262993087	0
2.5110453707310265	7.670981960433402	3.692373343368192	2.3794535372506225	0.5982429183599214	1.0341804285087208	3.0883934934143724	3.7995819260823964	1
0.9743331992680241	5.560165728730056	2.2976429004547265	1.7843151623388185	1.0229184442989092	1.73252242594577	0.4093309594000126	1.848659516360867	0
0.4386484018983972	4.762841233471986	1.2990465925556105	0.8061633170286486	0.29353491112701613	0.891670116691908	1.5824777308513172	1.05347544299658	1
0.11445305296871239	4.189869870399809	0.922590844422635	1.0850541240692588	0.38064632089144285	1.4888058220729676	0.0837067560729921	0.5852779651892372	0
0.1612511261746629	5.170448198942934	1.0425003858679418	0.7232398208671145	0.22633844221072896	0.6010757503394561	0.4618580438593174	0.8378534015592038	1
2.677941447665225	7.0701456902217945	3.067992468189249	2.297532349357394	0.5788916658792606	1.0647452191565325	3.7869925203413626	2.7239432351041226	0
1.472517927868508	6.330033690824872	1.604767020784202	1.144668560426795	0.19073605539497296	0.3564779245316836	2.4111524611993382	2.060589961994474	1
1.2838739635204206	7.506743526798482	3.264487610004792	2.5302464237570788	1.3683849405763227	2.103524212195793	2.0496522128690837	2.526440390956506	0
0.5881532643629911	5.622934609597101	2.0464921227887367	1.3697583924797911	0.5787963730639863	1.4063665599215442	0.4800900894467449	0.8180161626058146	1
0.6393665848752982	5.7467726769143015	1.3597963698136624	0.8538194059488439	0.29564280159708684	0.6851754909045733	1.4787595887919842	1.7703315218144344	0
0.6761637755195319	4.586229946728431	2.043166485815124	0.6516687206134049	0.26882794518719244	0.41226195710843705	1.0930971079799996	0.9154503788764625	1
3.1239671644441795	7.733386197317861	4.367866856515849	2.1932165559386805	0.8562859179371259	1.3559382411049914	5.7374706035588625	4.058254410410857	0
0.26171020446302645	4.690977171322511	0.5650751442082363	0.9342092323765	0.44755350040814373	0.8010145514289524	0.22500581622201635	0.7809748909254656	1
0.09805187247324976	4.271391119526263	0.4374804375401755	0.6676396109823195	0.3290087396033781	1.0154842707605407	0.11154137473290751	0.48471981308141615	0
0.5607009132596392	5.168388619453071	1.46355628291282	1.2090498940662187	0.34239040395643855	0.7169613586592002	3.161000919115096	1.9459387200757292	1
2.0709304246614084	7.010253923390246	2.514643429718084	1.7365286082286362	0.5216409269573572	1.0207228166734028	2.374449836705425	2.5432070039584245	0
0.6536420269573147	5.184173388980601	1.3581520551736102	1.984540028359987	0.23988266731848626	0.5494846407359643	0.7650491498490232	2.142639320674209	1
0.5440321339562895	5.630711298177379	1.9724547042774256	2.1911058963280423	1.0750706800850756	1.63329114845626	0.4046848037498877	1.861984914117552	0
3.2177632061374726	7.923948032002122	4.797667295795551	3.0185548460258413	0.702552808634041	0.9783261227936078	4.3859190493892255	3.6063778926021346	1
0.20002230348331487	4.779368841162495	1.039286822583295	1.0253962263368506	0.3325144147668689	0.9411784473819341	0.21213113664965313	1.0924936076599325	0
0.4225516318316637	5.611504160764638	1.2987191888639376	0.7738512079749079	0.23425756126579048	0.45867090582810843	1.3200477153009642	1.6142065245092025	1
0.12240345616596852	4.676557388774774	1.0288333940601933	1.0474242518986765	0.3933857792128031	0.9845846925131435	0.2670455976013385	0.9716875950944429	0
1.9640868053168072	6.372135129099434	3.326538488548577	1.9659088355620025	0.8456107236864143	1.4343938106103749	2.049484785265032	2.387229504262504	1
0.3949702290155128	4.507369908462178	1.1139605656149092	0.890193132752282	0.27486275498952156	0.9374258044041134	0.10156331540944123	0.4781329962193859	0
0.8703724399291508	6.54638690956172	2.7988654453180004	2.017167122195332	0.6561460024154624	1.2437798839943046	1.402020061581373	2.105852189796759	1
0.21775304862521938	4.254058310876529	0.5469299475568112	1.0054364961045674	0.29507716125482736	0.8767595705368227	0.2207807621250213	0.8326482193375029	0
0.07763396282168468	3.950420302744559	0.6232235188793146	0.7365418628791345	0.48412224093144085	1.0008524442171927	0.06474599961242382	0.4285955254970187	1
0.04492173907109694	4.715950090196108	0.702701393364757	0.7897746741435375	0.3401511753055463	0.8821132800725685	0.1634105319021941	0.6732964521069236	0
1.3399362371417411	7.216383295482578	1.6815725101932995	2.4541467098025826	1.2876887573657685	1.3435695156598937	1.4946105046033493	2.7592691593935683	1
0.603534240619953	6.336695811202786	1.7790962952746576	2.5237186255733897	1.5651306848721245	1.545325966966856	0.47604782623004677	2.6169796878636102	0
1.9588404766057248	6.982248369825278	3.625580164811316	2.191195326767988	0.8246577827621558	1.6063732210612554	2.098275562773547	2.559604328982722	1
2.6625506170308437	6.759183342322852	2.8317888004638667	2.3832706709052993	1.0356724888942357	1.2188811210590544	3.0246258060089666	2.276959545355073	0
1.6066339851013662	6.277867551901376	2.8176875580222775	1.8967199048645416	0.23080214924148146	0.258078169193201	1.7056931001232405	2.9272232135828	1
0.16664938739965907	4.713651427112824	0.6535015771535835	0.9173301914488176	0.5180435120244633	1.1734414292887587	0.04557643423831654	0.5952311083654201	0
0.5098551530115448	5.577517569429427	1.8575159982927179	1.766304899755587	0.38092648366101006	0.47973735248275184	0.5346554252174704	1.5024093396755769	1
0.0797266577350158	4.257752263312036	0.6023358656697683	0.7121161271075476	0.2692711263179868	1.100011309581817	0.15658485766821637	0.3256568174012683	0
0.9543569326806114	6.03423927380514	3.1774744958994794	2.168230504493895	0.8134160129508902	1.0927618749899342	0.7530185775973357	2.4304592636716333	1
3.290224851773004	7.446634689526702	3.087549998193941	2.2901379476922883	0.3029893165189281	0.456025133719865	3.195787325000795	2.230627115636545	0
1.9940198096258406	6.367617041001176	2.551918671798495	2.52862843584587	1.3994326742601182	2.205567456314532	0.9569719164811595	2.430855169134581	1
0.04493034368479518	4.2922824360173015	0.5040849564274988	0.6841064359077962	0.4423112092288273	1.3927236488847945	0.03563834258082298	0.27524252105819047	0
1.4825813364313873	8.119029215060738	2.6162711129825267	2.5020832831586173	1.5375121728625116	2.2081535270954555	3.120336436778522	4.166437290850241	1
2.887601256933497	6.258930774400841	2.2768466837489325	1.6091378674250982	0.2707291807991187	0.2290699554383716	4.317970663756889	1.9803391806366244	0
0.9887602195879249	6.382355296672784	2.1685392823649807	1.4523863624819793	0.8403595602403319	2.8128005306343415	0.7173518692567629	1.6938893489035494	1
0.4227089088426761	6.685581257521931	2.03443110034981	2.2509970183209504	1.537039247812316	2.901514996314032	0.7032460152373596	2.929159685103425	0
1.5586497536019952	5.247703315106967	2.199666038986204	1.5421435975827305	0.3803045527163025	1.431435016784162	0.3723012153297308	1.0115281817609962	1
0.67212781333587	6.225676615752964	1.0586926646668653	2.6565112625115046	1.5135215489375602	2.190658624121907	0.5613457193123433	2.585581203455112	0
3.369235327255449	7.642531664180571	4.028259957624322	2.219323042125035	0.5856343503339763	0.42993005250767724	4.614792740356139	3.7991319843321882	1
0.08270285864017508	4.494410677518081	0.44412155953163174	0.9769718226844216	0.5728760521663648	0.6842930986063205	0.16131069988225022	0.7761547195435535	0
0.29539723390660744	5.3069846964895895	1.989940704918633	1.2985554468118838	0.19430776763174185	0.828289774502239	0.8020015854720274	1.330490911254454	1
0.3130720028351881	5.4788268658904355	1.492724304735737	1.2716968712206669	0.3200597135653675	0.5529824070592225	0.4844919153141357	1.9720790233513366	0
0.43059339813506065	4.72169643221539	1.7254415881904066	1.2080046654393066	0.29750120658022317	0.6808620261263069	0.7018095536385981	1.272005214717763	1
0.13508144067909275	4.638712306409431	1.2402854469842552	0.8821546699444728	0.3189118080034784	0.6771143386853676	0.4741325933294128	0.8043754472456545	0
1.8022212204386512	7.353310978200281	3.371184809816088	2.214212790365074	1.1618687383031245	1.9439510884915296	0.9425431030182209	2.9996097464304423	1
0.021424840208792997	4.312884198431251	0.6383266200453479	0.4672122369327128	0.29750863326951654	1.2920386251941702	0.06632785682122343	0.4972904349810422	0
1.114977642754374	5.868639917698514	1.5074716298442896	1.2073172055763257	0.3368935764165621	0.537148126875066	1.037729300144538	1.9789994661959103	1
0.8473692864077332	5.795114753091302	2.593095661476748	1.5360066343482175	0.33547173628762944	0.5697810886087873	1.3017980006413734	1.1431394107181871	0
0.19319555334583294	4.001472408016634	1.0966770840335993	0.7571543105342378	0.2931247342604606	0.7418421020987039	0.7774423720553393	0.5518082453850227	1
2.31603424631805	5.851415676072732	3.46912702145189	1.5278807251817614	0.9113987857937272	2.0366253726145804	3.2710659170124083	1.7461691799937584	0
1.5040551743071346	7.757129710374012	2.9929885128829277	2.442329643913626	1.216069345273169	2.1057060888651056	1.5789580861801253	4.116855935850859	1
0.607093526625328	6.002565206178886	1.7638228505350322	1.428946679574868	0.7957037688850375	1.4668369438350781	0.676479035637162	1.362437024589324	0
1.3636396705550844	5.028743021808991	1.3594882666993837	1.3426297886336267	0.37358908986078837	0.7577638236459174	2.3028850480030436	1.78256735085914	1
1.622452849511595	7.21468769389596	3.1557783981883656	2.8540074059009406	1.6502727068724363	2.163575867256626	1.5026986689899933	3.3677681322273125	0
1.6007401967309045	6.730815215940592	2.8905606289477936	2.1661236978155602	0.7282729825353194	1.2939597499170947	2.0719132752590443	2.410578140497239	1
0.5206908024789667	5.603834691105475	1.2756141654658115	2.779191873373353	1.29242314550982	2.4689042923104947	0.11463140782400431	2.445489917424209	0
1.5731473023330624	6.681559449201772	2.7503111598167194	1.321595827180954	0.2316671222550866	0.3213223399957364	2.052699643236831	2.3149483519774443	1
2.354171344465479	7.824769908778956	2.7429861065384413	2.143624530873415	0.8695764116490622	2.4357776782298264	2.3173948846475256	3.5104672458495134	0
3.5858966649781805	7.977016199892682	4.454978492356166	3.580536718276904	1.1786857650990523	1.4270043493676774	4.094899408266562	2.594635112062512	1
2.77305736241082	5.891158734884887	2.4268713810348874	2.139666083474931	0.4848368214846004	0.5110915883942632	3.294165099009902	1.0295479860585879	0
0.5666538199252353	4.48068461343141	1.691626009421031	1.1419910119700547	0.2576222697304521	0.5953854982774489	0.9998595232934726	1.2352098092477788	1
1.5103245095367406	6.048808735357463	3.3370960982555675	2.015835918590865	0.3449858923864176	0.20466181126224567	1.396789098212532	1.4377713886274777	0
1.299701078534795	6.195411007751698	2.2568657091489213	1.718686858338729	0.5110555973200457	1.1911306963126382	1.203062390024574	2.190882285231528	1
1.8037209776272984	6.038623858349885	2.2485089827953746	0.8111524137508502	0.1597521053676028	0.48175926025658905	2.705674046949274	1.699863454523518	0
0.0701135765956515	4.552033087574963	0.606581158930348	0.817795485125056	0.3415805952827488	0.8578138021151792	0.20431948507094935	0.7882300618066373	1
0.6603088565607914	6.614432795946676	2.7047246776736333	2.8071712919700174	1.4637876679848876	2.179049291867437	0.6849990747232236	2.752130880337385	0
1.6277492322053533	6.200618498695336	2.77499831683358	1.631923212653172	0.5921106363821734	0.9127243799945468	3.0068452945575603	2.9940959354827945	1
3.274741848375866	8.278801145483472	3.4601453044864816	2.7022735483247557	0.44246540925226285	0.5699564245047364	5.997392442367715	3.970914361300756	0
2.1722371990844964	7.484097145759855	3.0367302525880633	2.4890978544064684	0.7517462228628812	1.169101817382454	2.540759118660319	3.3900825063235334	1
2.49706576061181	6.496048934816239	1.9410268164000573	1.055321972569244	0.18066184690382858	0.13082648766528512	2.6782917789379344	2.099648498988324	0
0.8879735584923744	5.629782086458707	1.7819784573729496	1.3089542481451106	0.46665427642058693	0.5718492248031594	0.7086267514083316	1.6125929301274005	1
1.826659966236111	6.2021945683832245	1.9281534274660543	1.3282414296712735	0.15732848240279004	0.4637151481296104	2.672968643148055	1.7168922345485031	0
0.5897236765720338	6.413096760434498	3.3069233315566806	2.2417623265482605	0.7932639718947179	0.6189945920263122	1.0889659116163044	2.251954736709201	1
0.8702049076788009	5.826355206567158	1.9285895817552765	2.2435779124140134	0.8609048637934205	1.2152094362519237	0.3950645425812418	1.4264281188595362	0
1.488535015066438	6.208316749323313	2.7931753558481693	2.036690604612203	0.7247427421496959	1.6896898289911628	1.0589354715152113	1.3641765558662717	1
0.06865348056703477	4.0614063394995	0.36946480386712277	0.5838567305940352	0.3498889712193128	1.5026096535012392	0.06164527724102081	0.3655801744092494	0
0.8609471408348796	5.91505963130549	1.4443745721964154	1.247003557741323	0.42716788975139786	0.9278635082267707	0.7389328357090786	1.79319177631968	1
0.36650942649758755	5.0753737952364935	1.5248381705679497	1.2023715229589622	0.2837945257245884	0.8535213116210748	0.5475489903744223	1.4496916062496823	0
0.36855904741218437	3.8318059492234546	1.6950282802682832	1.1406815050836805	0.4334174426776921	0.9493385859203555	0.39826592271479194	0.6334077918090777	1
0.3787788428456587	5.086176191502999	1.439242535437986	1.24498997979715	0.34758172565961437	1.1454958745669601	0.22408710602642215	0.8525412327101953	0
1.8555789819410091	6.122513642630708	3.074048876981745	2.1815467646169897	0.2527955530960372	0.20547640226044267	3.8099814204660536	1.93956146732737	1
2.6854841590902745	7.238830405945013	3.6687838839141738	1.9334326275442006	0.2574290292807601	0.45872147440859584	3.193127154845423	2.444813556221556	0
0.4519223945028924	6.146101822813975	1.948193255069882	1.6848421868819776	0.616660227026528	0.987345476239523	0.8029876462394774	2.2116533139883403	1
0.08183986105633452	4.732137582649968	0.3290087396033781	0.7741740192023188	0.33595781861667073	0.8605665831017935	0.13910085433939123	0.7892297892369896	0
0.4320161553402355	6.439790370132971	2.7569609929164702	2.056607825270892	0.9511558192002345	0.8455677932551716	1.0040085259591316	2.9216873763340807	1
2.307831307513999	8.007523366124449	3.2478441615571305	2.2573471123438513	0.6776172124416379	1.4680125874047485	3.9696256539146044	3.2514436875759967	0
1.9081489417336153	7.7752179279679545	4.550551368171964	2.6768690836186355	1.175665918110401	1.7774238704606888	3.7955543555881435	4.346174043025866	1
0.16744477756352397	4.919376363555132	1.159205537443396	0.9543184259708124	0.3239223870880233	0.9612258558679017	0.3816504433421245	1.5209126628446517	0
1.6674048881886325	7.330109820907557	2.114579412131746	2.6151817046281822	1.1930736234569355	1.6910547651064227	3.2384352853468243	3.418087274330423	1
2.0085092908118334	6.683192846532007	2.24981702745539	1.38092999862074	0.47914298778537534	1.389190164231916	4.2601287383285085	2.4175820288541083	0
1.4848039627659577	6.734469060305716	2.5952770947659585	1.7527760612490069	0.4004592664296783	0.7084790445569269	2.19642425716545	2.093874385302101	1
0.5994901335782844	6.482454080017894	1.7277541392521427	1.8520546250118106	0.49430592176870036	0.9936220748104784	0.944683806375373	2.7328533766859597	0
1.0952064955332768	6.539322047964738	2.1721004827820036	2.586778587427466	1.2955487478131456	2.2794802192789487	0.9776115818557389	2.7509819684857226	1
0.401878684572744	5.374035042433264	1.5838944379634032	0.668511191366439	0.20745309743155932	1.024570980958931	1.1108372582906787	0.8878501042423049	0
0.21915962601189995	4.844989913712832	0.9548573850229718	0.9338948658225121	0.2972783802501422	0.7606656322907681	0.2581167951892737	1.250760965824695	1
2.6710611293172843	7.281816197167825	4.226652706983928	2.7403431262984723	0.46239979321900365	0.7307800953667962	3.6617240613685644	2.9640506697627163	0
1.972371231823287	6.096704580508113	2.4285831814017116	1.8775242361888484	0.3769764663738773	0.6980849695895691	2.2900063107871858	1.7491824633536808	1
0.04160920458908719	4.5899296365718065	1.068805789085445	0.7424610171128663	0.29259498431242537	0.7133908870369876	0.16299431648347404	0.54980207632085	0
1.3705206070038498	5.376116482327411	1.7317617342103582	0.8012389629107854	0.17891576365912185	0.31654645888518634	2.0695174604821425	1.9954483327081294	1
0.36421941272826486	4.273817621451771	0.989987190796492	0.7762927616466142	0.1915950910151759	0.5679693708317161	0.6058448521571487	0.8086609767722854	0
2.0804035787737187	8.247875405154293	3.1527232017686515	2.1417588477446974	0.625933083258614	0.0	3.0643624125948157	4.721180985494625	1
1.0033487744415965	7.143711358182557	2.2247857005396336	2.612405298617832	1.0089792964280724	1.8984890472921192	1.239040675586429	2.469099031804703	0
2.7326517526360803	7.253987163496914	3.5438565722329125	1.9827241221780296	0.5300633856733984	0.5958540359798777	5.044558667756058	2.9511950527862547	1
0.4668737362368079	5.658153807683779	1.5138296882189524	1.7143383222594701	0.42378951919790964	1.340198065226917	0.5974454240994876	1.6763673231160412	0
0.8623412814463992	6.3698521802675385	1.3137505496441784	2.317266787530028	1.581778904440126	2.9616841594144185	0.24467801145514823	2.189987340490564	1
0.033636883320768675	3.5598379667622657	0.19727584857576544	0.37185316966293636	0.35700289015849207	1.3560155497339614	0.028108236115910363	0.2485929506399792	0
0.2715679343081492	4.8607360087155795	1.6038221736484646	1.7377607641290111	0.7177910114727053	1.4589637990792657	0.222167074716078	1.0925271450121616	1
0.42005154030308484	6.491997078284712	2.605773813517224	2.2518600581690733	1.2695638963163975	1.867964051481788	1.0233857424256394	2.7709373594905506	0
1.3682831283180388	6.134073519799972	1.452877665263043	0.9417245331309652	0.18763242911253122	0.5950766946134658	2.2444261788205138	2.293514075431608	1
0.09713578509971381	4.240353617357726	0.5919723371854714	0.7247911858944069	0.2538822397404814	0.8062079728439595	0.049744946315097884	0.6504223350999484	0
1.087719847501686	5.736533587052533	1.5111633431657598	1.6666118817086182	0.3243490468189023	0.8158514205353968	0.8505354708086882	0.9149298062348136	1
0.15268675166426388	5.051542404994009	0.899551407869857	1.3236739991382234	0.3967808421231972	1.093532742924811	0.28708689536903464	0.8626367585385216	0
0.436996074387512	4.692091642268308	1.3548810904141473	0.6870335302263062	0.1402400889144459	0.4215221674228308	0.4828519844895193	1.4108650150540953	1
1.4480477573953727	5.524201558872444	2.379138643709821	1.2892326482767593	0.25538612765095986	0.3298791211515693	1.3539002933088866	1.124767246144961	0
0.8534787194622848	5.876751544075179	1.8118561709271774	1.2424817257540426	0.3288576044702894	0.830035432622067	0.9453834060774275	1.7884540122193284	1
0.3852760061402685	5.296849790184458	2.2869738694798274	1.3058432367222637	0.4695972967038485	0.7777640262798243	0.2693704330804769	1.2285580940842478	0
1.4582661246323618	6.533995647942028	2.5651724095066566	2.710307651143425	1.4367260344185777	2.023730609144944	0.8452672286207785	3.2909657621586064	1
0.11570086945205887	4.895634384734966	0.7863642622710791	0.9797161337242537	0.4615618474600345	1.1431394107181871	0.9491450687451022	0.9963211317796435	0
0.7002220942319071	5.922144211296155	2.70201871487045	1.7693434299437227	0.9168905519461227	1.7024545550006205	0.7941230978999475	2.0569147070982248	1
0.20878495833529723	4.583533798380725	0.8965369033872942	0.5899620747591191	0.1342336459868994	0.8260158536343697	0.31589774008202726	0.7096109065906103	0
3.106007193720053	7.797381819982121	3.322756446022139	2.305052047557833	0.5198468102268795	0.7502361475440723	5.07916521399321	3.2750065997569564	1
2.1515645093006945	7.351304300485364	2.7179411242501814	2.3312114217823687	0.8456536522747143	1.1113968830275291	2.7503878464432483	3.23309820562665	0
0.36241841856579815	4.638962731722841	0.8581106198076925	1.0370205326614688	0.32492727788168374	0.662827138648991	0.42295132911543964	1.002174807031104	1
1.3936919315003269	6.146521958586964	2.130847329739736	1.0889995674850497	0.2516610348725674	0.6319045553187267	2.9548269422279874	2.1905132175705266	0
3.659368250739548	7.5807728107802115	2.8964311404795584	2.061175732872943	0.549923252421609	0.3226920096412305	4.671208831376428	4.110436063434519	1
0.35150862144732625	5.440885801817856	0.7499055143785542	1.4848492710891046	0.8337348688695921	1.5943039698493837	0.09141989517762143	1.8257743478153328	0
1.6860840891908273	4.749993212486859	2.3743381516571445	1.5980938107334433	0.35726177172162343	0.4234949230706999	0.47976829930064774	0.9262410627273231	1
0.03586508933991888	4.053097129993834	0.5660805604755873	0.5835499248024821	0.33896911681980013	0.7748654068448032	0.055055259315679055	0.7638851950652871	0
4.029576681450286	7.311018163976051	4.521043734505301	3.208247544259021	0.8002511754741463	0.6540892541561821	2.0805284507800748	2.304782676537533	1
2.0145429557267085	6.319357947661229	2.393439907838086	1.6203185035303123	0.5123864051128498	1.2376493306853198	1.2806282432148985	1.7438114503547093	0
0.9530468719992745	5.829280267491042	2.6134610945953707	1.7923259753997947	0.25888900196283327	0.2891784523167845	0.8042859697939126	1.6613280286880445	1
0.21890257105695513	4.533511979936342	0.7366376116344736	0.7079372660325807	0.17708285874575275	0.6065211838472508	0.15636251762385844	1.1752955134390675	0
0.7556523859113424	5.924169697451352	1.7239623111622295	1.262034143739206	0.37150838249663637	0.8175306078499772	2.48788554181352	1.8827725509286066	1
0.2000386775991129	3.967503122827274	1.1194274750486952	1.4083248969406434	0.402895141905527	1.050297011721889	0.046552424200638653	0.9514261886424098	0
2.083346407757048	6.418315505677036	2.2546125944449495	1.7575302776773947	0.19702952899950343	0.5336824059089182	2.907179709545532	2.4514963567353845	1
0.11325725418443273	5.0223016434962116	0.707296603664365	0.9028812249642212	0.3792717032255544	0.8015979165647495	0.3390118661732226	0.999896315728952	0
2.2277430052895837	6.752707430152433	1.9036436593731272	1.45180116332201	0.26010787457956	0.6607376187618992	4.566085223620255	2.606748105571885	1
0.9631743177730056	5.577151788720904	0.6452271377251246	1.7082329222497619	0.9607285813047233	1.5413089533816016	0.5158071951099547	2.1395483824119546	0
1.692509873437177	6.115383828551614	1.5954201206658964	0.9882392311867392	0.1554983427500789	0.5538046502192618	3.102571195829998	1.7557522539220527	1
1.9852956837896067	6.478640048451849	1.3777832441014632	2.918716230905307	1.5584182648123845	2.6289348410866658	2.5956501511465646	2.796604276409527	0
2.3614953048727654	6.966971568387395	2.9355203790539184	1.9599116686911269	0.9341306500024861	1.9249345483804714	1.508467745077567	3.713747661042817	1
0.3732380158115361	5.319421107812523	1.9116735658933925	1.3447689942913201	0.44736172501489574	0.4297804137548646	0.5049182093015241	1.365147330518435	0
2.6228190567395493	7.359662017834998	2.7970678974198626	2.6386000822364646	0.5730057410541824	0.3392612009848596	4.2624812657701066	2.951513892838402	1
0.17440698570834903	4.6958487472969015	1.2925329813054163	1.1195254102483165	0.34943076814274543	0.8465118372662386	0.42513047108206725	1.1523742001782087	0
2.485348218948654	6.948318936136168	3.3968445886556538	2.2831168097986474	0.7742201265864244	0.6517781614490167	1.9959376426549615	2.238665047227814	1
2.65918203389062	7.000827775220798	3.7038222523317326	2.349277820986028	0.5460325231045864	0.2891260294439242	2.1508548149630045	2.3749429631837486	0
3.79593628022333	7.24011578831219	1.76753508033719	2.046453365852855	0.3189626924848128	0.8859964592405543	5.837066378324525	3.669365285209634	1
2.8453104661658264	7.674379010963112	2.997959790794342	2.8537769274266096	1.1381214217628222	1.6787587301408116	5.22569452181568	4.138556006063629	0
1.8150690119970119	6.034172202651483	1.4254429562881172	0.9697556665431054	0.30473091155133963	0.6060794383454624	3.406874569226443	1.691754954923314	1
0.5073475823861567	4.850038437800369	1.2739372037267744	0.8334307260070012	0.23347400793022674	0.45506129655908123	0.6555231919632556	1.6731448378918128	0
0.6217693243995833	5.003152030860958	1.723159377735798	1.2926977123823062	0.39682791471250073	0.8588734610042044	0.5105815939931476	1.378110968311871	1
0.9472853959763784	5.927591138067647	1.6531485308602336	1.8093865290782607	0.5861019131712494	1.0746610678455966	0.7132438822590677	1.667631346011831	0
1.9018836207349035	6.265535785983711	3.1702736430289833	1.6879533005024658	0.38838676657341326	0.417420029087404	2.0941946770166755	2.1973690113495694	1
0.403736949034435	5.934283691839756	2.145229282217839	2.5129189493671524	1.5470091641597865	2.6612310931246137	0.24831214816707242	2.0995749965994635	0
2.502001365633136	6.554696787787944	3.8246115484171765	2.6684982330900957	0.9695281352565722	0.9742577076286874	1.4897079828089723	2.8238817041272832	1
0.9045015112991786	6.389263847850887	0.26224887319478957	1.9070059572324416	0.6491064698593512	2.435663883209549	3.9019181226324418	3.2652783790593136	0
1.5151931648552381	6.4689524429784075	2.065596134857783	1.0800069443425404	0.1750619360646944	0.25699603511941616	2.110019242143974	2.919979102648823	1
0.1110582526815145	5.0578858609953965	0.7990825309686141	0.6533871219860677	0.2813898176724287	0.9597715884856911	0.08801820330320433	0.7577638236459174	0
0.1287713314878611	5.078820906503923	1.6726943620691153	1.955252091200086	0.6763671805199281	1.0631578076837076	0.19330270930318846	0.770571077524749	1
0.4389772506406127	5.550681798937195	1.2544187398063091	1.107010260119152	0.46829592194328684	0.8690313953898945	0.5700242882118175	1.4819908299413689	0
0.3011410921359371	4.823525491930467	0.8823615936110707	1.0657102373255118	0.39622925528810127	0.8629743397722113	0.6508501403611736	1.2080942992851067	1
0.06945889621389129	4.665361772881965	0.7199351573163284	0.5173880439073946	0.33873396270369766	1.1759127783578978	0.13770765986793532	0.7273070322066499	0
1.6365860443531124	5.563376074662834	0.6369788646465342	0.7992624113486467	0.13644339861654817	0.11999392317576416	4.008103797325596	2.7472068096367317	1
0.8127951428258412	5.905606777185048	2.517123727978932	2.7389220567692787	1.1835353755859475	2.4611602560579997	0.3139855819726527	1.4309808787422966	0
0.28258158706282227	5.55257579035167	1.3650962606037105	1.4051406489162506	0.27268771686742677	0.582355274904912	1.0660202240674503	1.9354123826723693	1
0.1416037235153957	4.682853188669476	1.3714091236204446	1.1691639446190545	0.5477629627727992	1.7006853048286599	0.20075069226232187	0.7400307664587957	0
0.9187277599075723	7.142379712030989	3.230824158384042	2.249827569250974	0.7742201265864244	0.7426513754630342	1.710115480187545	3.2806517836418037	1
0.5080999123875459	5.921996294788323	1.8660317136026425	1.898968275743499	1.2767305796597495	1.556796341108503	0.5233074012680465	1.9635676200051049	0
0.2503306111581738	4.9258490759670135	1.5136756304469834	1.655977927868996	0.4934576702448408	0.5252017897104977	0.2660191158155213	1.6188534468437932	1
0.04797935936556049	3.5610830137402707	0.2839827383451765	0.6606601452255292	0.43654379034542845	1.6486586255873816	0.03942549987535682	0.26359427692269105	0
3.3492231537375905	7.359807364119594	3.00350697210789	1.981346237013422	0.6161473386710775	1.360899627099946	4.341869783480084	2.024536469510503	1
0.03270723876786032	4.094906071213083	0.734049171880371	0.7415563197676327	0.3174059096180022	1.1131067348185624	0.03459850874466914	0.4329181348894651	0
0.4891749298461682	4.693281790838349	1.3414277397797836	1.149146962042157	0.26450044275159856	0.5665857270919795	0.897107912457381	1.5656532000630785	1
0.10106630873480293	3.9041420319772704	1.0964432713832697	0.9068866517988611	0.5816456250342428	1.2606461005153426	0.1253631229566722	0.3119233636998002	0
2.328408773003504	6.452086808610337	4.355398994875341	2.514918423855972	0.4746304091727261	0.6460555730260947	2.6541500029198386	2.3899364121967737	1
1.1993019126760376	6.380505175548666	1.9805047938198124	2.0997342449475984	0.6546038379394361	1.135843845273437	0.8350806764486117	2.8247778652351143	0
0.2687973737302308	4.976121831103094	1.5419296526513395	1.1013751351570378	0.32561349328633693	0.8123958083779389	0.6460084021022435	1.4088627679623635	1
1.1779778440488502	6.315831126470766	2.253457872027353	2.48000297975965	0.8725060195031332	1.2270348199226366	0.575539754483297	1.7281272039831994	0
1.7097537249471926	5.6338412965257465	3.1197491715849233	1.933230095897939	0.3571008532264938	0.7860453629266759	2.2268265285928943	1.918582997684704	1
0.23714901532642735	5.035441721347705	1.606192652269071	0.9393820630975527	0.32549795313600627	0.7712649598238974	0.23053218798722172	0.9458883683130985	0
0.2821291836620806	5.291721159327856	1.4652903673463884	1.500716198718152	0.3744903038087339	0.6390235688108674	0.6186876081405552	1.1893970928735482	1
1.0404887033176016	6.3606212438588745	2.5243356745762395	1.4177203511197434	0.3233435745058427	1.1696918703490617	2.3203464225726878	1.4837839823971477	0
2.5154116062262095	7.627929710595658	4.984288580902119	2.672637162878454	0.918887357721421	1.2845384521655032	3.967635558373925	3.837161518684367	1
0.2131821003992141	5.41387971608296	0.4164314243235372	0.804017489391369	0.4775376768998157	0.6785917625507467	0.41131463289705594	0.8656708948737888	0
1.8350903139500694	7.657918649379788	3.2262168137536493	2.4295524896559226	1.189031740456636	1.3360794324553882	2.933957928559086	3.759696660489575	1
3.4897880664440084	7.342572695521557	4.2929727185753	2.848217858265442	0.9042181506398858	1.5628493230195082	2.452262927402932	3.057673675094174	0
2.573726113425584	7.350937855552612	3.2475410240819653	2.7826689951451646	1.2322686734807833	2.5760262431554843	5.329328026954629	3.8897794414685105	1
0.3256568174012683	4.718375649417877	0.5814331909299437	1.0009259547108487	0.36686287032622217	0.8412222986253086	0.12134114252422412	0.8581106198076925	0
0.6136168416031371	5.997433944748952	1.5057204906024284	0.9179693222527102	0.14366734981241305	0.44544194558379785	1.6272581840040166	2.1779398159243524	1
0.029617052972122096	3.5785594382185772	0.36361480728438217	0.566511954623264	0.3562118367211366	0.682894804095594	0.06999050701643139	0.20258976196644268	0
0.8058953402516986	5.3130636043749755	0.9913610979211336	0.9059575277343637	0.20855769298579135	0.3680677982109634	1.0602871743464417	1.4702218210551765	1
1.6037014905821638	6.989719892457139	2.755289957661452	2.0133284482203107	0.8533935297020423	1.8809906029559975	1.5577866592501017	2.0145162791007665	0
4.057867282411829	8.197979474081324	3.243221060056858	2.256069839252577	0.6862937493589301	1.0335758658202736	5.860395263860235	3.4636650099806308	1
2.7773212561147584	6.828945377757029	3.087034431960777	1.7701101378229989	0.36487225399990636	0.49227257542074	3.7427969273304265	2.7885604917494797	0
1.1915864086748866	6.912237518720382	2.2335136469916264	2.128731580890919	0.9918804628237414	1.6231238315386636	1.0812965664584218	2.319373377799744	1
0.9851822648932042	5.919701592480918	2.7783036111098847	2.193930268164534	0.6467785820323323	1.368308582354414	0.752971482205611	1.579287935483217	0
0.12983456778023292	4.479981042696079	1.1509200682914544	0.9192862408539536	0.280279742685019	1.0328285481221067	0.1659041930218768	0.753583549363776	1
0.44897787923985233	4.851863843822561	1.4103770316358477	1.0382605462833625	0.3645806116347029	0.8514321595256585	0.10783146035799666	0.2684533804232417	0
0.4164512059997711	5.48620838505686	1.713743872243316	1.2443274896742664	0.4476941123258745	0.6342195555296173	0.49573229031833554	1.6461747741500736	1
0.49591501103023644	5.525128982280959	1.0000434719355304	1.4864563880188717	0.4650036501573501	1.072336757255847	0.803793700647009	1.3945601055369232	0
1.1314988810023288	7.4686598931669455	3.3480180993906736	2.5504056470206957	1.2648326925826985	1.8161593560515903	2.2492054130908046	3.295592391678472	1
1.53643701954961	7.499246517912965	2.9610269506648943	1.9988278376855901	1.1293677855881015	1.8340204279425643	2.0309994419289557	2.060360653867044	0
2.27693902601046	6.925037969196275	3.6670172072568015	1.9138886024611186	0.3563518917629969	0.1297116065216573	3.5002792276616015	2.440257898119118	1
2.6103932698294163	7.1266728735060285	3.2241459135237123	1.8052020449245438	0.46439417563745194	0.48152450832035176	3.154896080918908	3.0922099533830383	0
0.52020945755633	5.123562112951467	0.7569197834570117	1.1339472569555984	0.43210703905458553	1.3144760733294183	1.6438973084856712	0.9765576426608039	1
1.1534160807087837	5.890242124388025	2.0272531099342497	0.9713847941837265	0.21683569857577473	0.20687594845013907	1.7055114371801645	1.0498071243861766	0
0.22506969510767097	4.679824865812794	1.501095176597068	1.18674525865931	0.24557800642896943	0.7014625121636592	0.25110107218878025	1.3893895660271929	1
1.3908589276174703	5.486742756989947	2.126897482836131	1.086472228773941	0.26477673673014746	0.8452672286207785	1.5239453814137405	1.3575090096881373	0
1.1957692469752477	6.896779060085733	2.884850990912355	1.712860551621638	0.6762400572432308	1.2427414922542839	1.8145315395702524	2.259249525427545	1
1.2977636487063258	6.066804831082071	2.939505778284186	2.029279186486772	0.43144469706711225	0.6674549435114826	1.2834861411382086	1.797874070227909	0
1.0930971079799996	8.034658446675667	3.6016998811619767	2.0139425594471403	0.5713071765250066	1.06398633674688	4.490267622784789	3.8704152856399565	1
0.05047541001129067	4.392367978180548	0.5872754231292002	0.6860772473755808	0.43339151074900345	1.4228914432535773	0.16557375875198937	0.6325316212024463	0
0.18066184690382858	4.833368142249572	0.8261471820211891	0.8531379168688864	0.45805755822733496	1.085797191621266	0.37744279153439786	0.5833490554840371	1
2.7688504937621286	7.126981166262242	2.1431672325603808	2.931444387671447	1.3800750613059738	2.315955311932217	4.961079436858691	3.335139484635174	0
0.07321328632740604	5.397517244386331	1.106051217765108	0.8884672231395565	0.33391181868986103	0.6112210336610946	0.45239958329737473	1.0544862306255545	1
1.1431394107181871	6.523551733406396	1.3834402921369842	2.2490682757792193	2.100126132872669	1.9445806942932538	0.8781318547733836	2.3246107377510166	0
2.399657355781526	7.073995809723114	0.46791394738065284	3.0137342610631053	0.7956135121044353	1.5314763709643886	5.204203920372283	2.390421962504285	1
0.059533202906027226	3.9287562210137876	0.4685525769784208	0.3495153752836385	0.3191153303952781	1.4669522641373451	0.05507797344604592	0.3018216360055001	0
3.800051798330542	7.333331724900422	3.3799260763862713	2.7951143544769197	1.0544862306255545	1.7231058259110068	4.555417809040386	3.942204914469195	1
0.2559436966645683	3.5889486154888868	0.3254690660124395	0.7080357930536961	0.23165125792682165	0.41960467166188364	0.09278608787186539	0.7989026182258089	0
1.1100466662937727	6.421215030425086	2.3368125915432727	2.9404203891229037	1.2631658136387398	2.078416016008096	0.5202451206824444	2.065444032035982	1
0.4461206887824036	4.946361271309245	1.168262721691857	0.8753437295407489	0.5085329977061067	0.6616823129293672	0.24773469534218667	1.0828216027617856	0
3.1055010584994815	6.955463715437907	3.677290055723175	3.1577618333299338	1.0597675048445425	2.1139758098149026	1.4432652573795168	2.6790538406606186	1
2.7214269981438486	7.228082817063717	3.577945100106664	1.8990730763604213	0.40846061708796283	0.40846061708796283	4.318490277868509	2.2861507865306208	0
1.050961475192104	5.843169854137813	1.5866195423534202	1.76442253015276	0.6656783428203187	0.9170504432203971	0.6815754860067443	1.6584185346557223	1
0.478535875884681	4.960867852546809	1.211613539421889	1.206389880841541	0.4749227604566443	0.8517735438423648	0.27095800153432664	1.5875398913328842	0
0.8759269656845939	5.6123292472390665	1.7038749839175347	1.1483543805629237	0.37485468644202685	1.0080309104368712	0.8033011890518376	1.3894394102639636	1
1.6786094346287306	5.932318394317394	3.014877822276221	1.631864544995657	1.4804447777497287	1.7232843208422248	1.8439407026143997	1.7261003204217806	0
0.835254197184775	5.21203535986684	1.6075761804861517	1.0127638715420721	0.24404361542195138	0.8404890184578732	2.4071162648413464	1.3027225166959127	1
0.07756918950974706	4.114091632419457	0.8714607159563611	0.7375467678566296	0.20737995613473156	0.6847318709585981	0.0468931278380589	0.8641971173158354	0
1.4163384824682672	6.817246921951657	3.2802794373102846	2.6761260035175662	1.1576670514494245	1.2487549470978292	1.2362560472460886	2.20124979858584	1
0.22684070839844447	4.709147245111085	0.897107912457381	0.6110419306411019	0.1443946729491064	0.35934437782762874	0.32753960202520627	1.22345184986342	0
0.1605955810484067	4.675634241419714	0.7806542679981797	0.6178577415182306	0.1705188446748033	0.4873768373030804	0.3980778896741467	1.2027019971924906	1
2.322172010752086	6.702921820119284	2.5386922524601125	2.390733323520738	0.531298614553642	1.003018735383979	4.285161872131736	2.2837386084476665	0
0.7666299573197487	6.116413402398144	1.631923212653172	2.637727874853199	1.2745524162741428	2.121914173149058	0.1621783715144873	2.667061526024856	1
1.4107430415222006	6.474047628482229	2.0652919060753936	1.7252100386778524	0.3764481590376718	0.8114634073779875	2.981339188266353	2.445862587697668	0
0.2569032262591971	5.632145037958625	1.4880609262675006	0.8569228200668016	0.3900807060644171	0.9074114272675599	0.8464689455035949	1.2325311062338968	1
0.37007969743736885	6.052653950581697	2.475563134784848	2.392124106151521	1.519250588368516	2.515936860885779	0.48845117216298417	2.027068717441136	0
2.4302568514452436	6.30225224183958	2.9008335091067607	1.8088951446747417	0.6905337685717928	2.534482219731268	3.428922789051641	2.4676163639175157	1
1.1317568872604118	6.506688882342206	1.7341833210904591	1.5764807422759919	0.6375181847989838	1.23602364449107	1.7578061920767032	1.8515052736250088	0
3.0441366490308197	7.549594165042031	3.315258156984499	2.266076698177523	0.41144055285851844	0.5511226805305275	3.251211350965672	3.3242551403493095	1
0.3526970425695087	5.2889188384237364	0.9624106674877083	0.9772353025015099	0.309790862039759	1.1765604967155985	0.4699223759447756	1.2646915393606417	0
2.353202158790572	6.373826998808619	1.957866952158982	1.369961706498993	0.3453187052601422	0.4694347174461023	4.611149275553837	2.101704375478807	1
3.0777545590313804	7.889694902803965	3.984767763112816	2.614442571137034	0.8354710557721409	0.8227270260958397	3.917684946346447	3.830878023807166	0
1.7059473728139072	5.982912583084025	2.8546236748440763	1.640161085076941	0.5743861668388727	1.0764348437234066	2.899204853212905	1.7756978356807047	1
1.7012145840175303	5.491992559530528	2.094428671488084	1.0413362208483796	0.18226322175916618	0.3679016875531987	2.2536154127125605	1.4036184291280858	0
0.8857490467614565	6.2238504559490995	2.1833622713430705	2.106144327639208	0.7107906157325405	0.8384156731511891	0.8326917079978415	1.6973022588751683	1
1.1516157864904102	5.870781968085703	2.3358747908586874	1.5999732636183148	0.5517045766640867	0.89134208651019	1.356479276040705	1.3491634627816833	0
0.3522752795940452	6.188699141384751	1.7758333186777957	2.299149197058145	1.76753508033719	2.0754209700027393	0.3522752795940452	2.7379713972180872	1
0.040406548234396364	4.595329929076565	0.1964052477240945	0.52352069921053	0.6890387525154021	1.5731473023330624	0.10692429232150745	0.75541750628607	0
2.004367718626882	6.956258830653559	2.137144251808125	2.691134602325765	1.569344818867656	2.193785336588707	2.434139532734347	3.1209630612788613	1
1.0145420368718845	6.856170152542071	3.1915416263598746	2.1755127954302615	0.8617923065376561	1.5727946747352621	1.3649941129491872	1.9456101040463112	0
0.3901145556032203	4.768235865990564	1.4570556680028028	1.3922018773343519	0.305909931038573	0.6056320403392872	0.39884994273575514	1.0640898546296869	1
1.92838606675988	5.809409854702559	1.5974058162102616	1.7021811641319953	0.6019087001256742	0.9948430987721447	3.0880425034595658	1.7665784040307961	0
2.6115906944080303	6.903422204760653	2.916120722918899	2.0966304621005167	0.3777718313580399	0.8769260083518784	2.7938119086913065	2.479249008810455	1
0.09206400759294156	4.788362197160021	0.3171729112188122	0.8251398900184422	0.30144443520077036	0.6660277506290272	0.1288416630131172	0.659585226386918	0
0.058271738308650074	4.553327266900343	1.6719431177854975	1.06208660731866	0.22438278314916058	0.6996758225226455	0.3731691633073432	1.1829227993776283	1
0.10722078428470437	4.005542491988806	0.18507609290696272	0.7927209854560378	0.37344454488467926	0.9495320656539571	0.051072319974503254	0.40748307065147793	0
4.421329075256616	8.243822540284883	1.7361762846510214	2.1528197833593135	0.49189353743904213	1.3627698160729336	6.918922987342404	3.935800077087574	1
3.586392583358518	7.665591469355665	4.166381462615097	2.653910755001562	0.5993034250297853	0.5122845590022348	5.491925819339767	3.7556054247883477	0
1.1515841734342154	5.046453430172352	2.6884187591529827	1.7836096830876016	0.5798496947662322	0.5447805740159427	0.9259241808423931	1.692049625079043	1
3.3416066002485176	7.152416065243717	2.755646001509469	2.1586800799419623	0.5927023409232118	0.46006692329974797	4.504744142439782	2.492825215032296	0
2.0777025304759795	5.974888673238983	1.4729306677794374	1.4637413952534	0.25732079831577537	0.491862963598629	3.9068657295130382	1.543533125046382	1
0.17997714413826751	5.427253090244429	1.2559293786946777	0.8249207791693874	0.29255020384864155	0.3049963121603699	0.6517156252952823	1.4258515561183445	0
0.13523868437219758	4.907065026838898	1.027510051174961	0.6933971493151525	0.32199653886643664	1.1603030086665422	0.24260886682520444	0.770247100940794	1
0.5482370087641368	5.545419602656904	1.6929515126619181	0.7944846144658625	0.15892497898755864	0.599907356090197	1.1759436316044332	0.9025974047421527	0
0.7811580578826587	5.501422686813682	1.5941415168081086	2.641981621132505	1.7198695481997297	2.0797539928618813	0.11189909249740881	2.051903321686363	1
1.6292797546476396	5.458447845968466	2.280973230017585	1.649831014993346	0.22170251351780554	0.5937576916766131	1.1838415230289463	1.2039028018758215	0
1.4805585395099736	6.801826268428371	2.63357087795496	2.6447056335849286	1.5709465332521275	2.601970908667718	2.140195566887997	3.3055157995632025	1
2.302895044953974	6.492148164152159	2.8370061422949124	1.525730163360615	0.4813576773969264	0.626916561965932	3.715431312844289	2.1581834036203245	0
1.258773440792051	6.801439084586603	1.9695569187753879	2.5079230615904575	0.9164507190755202	1.29765438595662	1.1788703577650945	2.130003944030864	1
1.465913902348058	5.962396639358018	2.299680879846656	1.5805856605270714	0.6693871329956066	1.7752912765207476	0.4653302258881397	1.9158632277030165	0
1.5404736119675648	5.2005540302142315	1.7529666645088995	1.1903098903567526	0.18065349969325756	0.5778710001147425	1.4529244434176536	1.4000986420962878	1
2.632622383977206	6.471027960656479	2.981481207784131	2.2059089807285845	0.34752521252029456	0.7192047148792349	2.501730990178303	2.1422872245248508	0
1.7860599243027326	6.458148139876817	2.18570290145573	1.8326614605484808	0.3977756196237842	1.1059188638505477	3.7854910594238684	3.1342064305676693	1
1.6755439543687638	5.280787105471012	1.837529203472244	0.8885494768924304	0.1462193095009781	0.23589391879947405	1.6463289910178491	1.1901578152922079	0
1.5546226336607873	7.028000348012175	2.4627888445343813	2.1697848615774378	0.6934471355689432	0.6830463383805158	2.385822691564101	2.5760566729767116	1
1.9832334588812432	7.0838639087868405	3.0259995626235385	1.547605061002141	0.4569817108938718	1.0012199426594603	3.940730960364868	2.432437225434183	0
0.4209184215552442	6.575637328681844	0.9488740817701747	2.3302099876061653	1.1736888392173441	1.9639044195704491	0.46997237875744413	2.4124076389717612	1
0.26884323056520026	5.204601565046859	0.9196849649421706	0.9652713540957768	0.282513739598972	0.7750496961795795	0.4678951579816312	1.2891500002334049	0
1.1854625415668392	6.552426285987769	2.343304682271063	2.716752228396111	1.3104656786236573	1.861207792536633	1.8115947757288258	2.8866147090184526	1
1.6054700508727149	5.507851934294069	2.0600293381583743	1.3838413549588238	0.36974811641458105	1.089975095272446	1.7361939037783463	2.4148864650811905	0
0.5286969755849539	6.6131654024948014	1.4972541714281487	2.4770172770342667	1.0567133255364036	2.4565071752663026	0.6245149583169507	2.014622981334946	1
0.561864685839245	5.700987906819712	1.4821952754970937	1.3490337257584468	0.319885433016814	1.189366651936574	1.1761904233134843	1.3473196177135707	0
1.2119409739751128	6.449215290403991	2.463368016505021	1.766783483157878	1.0104001911019609	2.1046584070695937	2.6453801554987386	1.5129270120532565	1
0.666592710788684	5.693544579126941	1.4857776396048408	1.4264281188595362	0.47918633882038814	0.9915837159095864	0.7289485930233284	1.7017253465240738	0
3.921311731330403	7.292844739649433	3.832763324442514	2.3809525520680586	0.4952997182441699	0.4323277222647343	4.091358441531566	4.209795992910083	1
2.0549439100794356	7.203508194383439	3.2957553812030516	2.8280589062658263	1.2924506055897307	1.8767284842378185	2.592983472940055	3.410890253633055	0
4.384328982236512	7.899599098327705	1.855516435030806	2.9625580435226824	1.043099578737851	1.4037658420318955	6.4806267543829215	4.4087050790724716	1
1.002835333274341	5.768691552129292	2.466224894080494	2.4448309045322647	1.0903448742496826	1.848549296629849	0.6170271856452693	1.9171137703807566	0
3.514290920276723	8.036476154007884	3.3083435159800927	2.271795934174165	0.6752173983939626	1.4892570041777156	4.181834852292329	3.1318615387834305	1
2.1345450679058597	6.913593901007458	2.7756403114017925	2.1762392509270843	0.8980045541868373	1.324232769857212	1.2582905205355241	2.1599495257109234	0
0.7711262218765339	4.986445055295038	0.8789626266081558	0.927982120463739	0.3546278500711059	0.6447759286345256	2.7741624832280727	0.5039037225870202	1
0.788684607269009	6.470619611441954	2.239347059189458	2.628494596996688	1.3268097142849984	2.49123657348287	0.7052733603577859	2.332095350367987	0
2.6758506484799267	7.26637703664866	3.750172088054699	2.8446942443995122	1.187233480321638	1.5868036799251657	2.182843891381497	2.4060347841890692	1
0.45601245768138055	6.453811280753746	0.8453960530976072	2.296667619230008	1.3469036335149713	1.6038623981009148	0.26492252778113723	1.7719308415938695	0
0.18417816556211308	4.526309862356294	0.918887357721421	1.4708422896437532	0.26605743630510864	0.63710050145504	0.8999987350971775	0.9442560321558571	1
0.22895065738795786	5.070964970459772	0.8221998084745596	0.5939288739668427	0.45325794971991934	1.2187924489242148	1.0369496282760027	1.0454224601539905	0
1.6207931964722349	5.448634278297346	1.4403089494261287	2.35982517016612	0.5908375617353753	1.1187743284920513	0.8965369033872942	1.7604923753535442	1
2.378054281129924	6.983590872224491	3.074751380604034	2.3336767004717194	0.7530656707711888	1.1454958745669601	1.9394033111406173	2.722110884750544	0
0.04583437154378591	4.078704559171824	0.244027946229933	0.6948457371955268	0.3014074470702573	0.5617677565035055	0.060132265334754596	0.28516390452661167	1
0.38550726876721847	6.67879697974098	2.141359444494824	2.4856813496305716	1.3214091132128731	2.276826162088319	0.7147129584745059	2.577979480106668	0
4.252219726111129	7.5952944640892985	3.8591642758597495	2.2321411692397795	0.8221998084745596	0.5455110681175106	5.266100429594595	3.0483152359621193	1
0.5405145146330215	6.5579538014151435	2.1523666716943923	2.478611879225252	1.3072782096904796	2.309580567506432	1.1672050801337215	2.8887871697659264	0
1.7075623104272994	5.931596701364286	1.808551031867892	1.409424778508745	0.32370537162843693	0.17703259486034387	1.4831941858598499	1.6166915411454086	1
0.10164462026203057	4.5203669147920635	0.6217639544503561	0.7922229887506329	0.34441914754102326	0.7912715785531442	0.45012612414628317	0.9403197096735162	0
0.9444504976680113	6.460293736969691	1.9570478934657694	2.825501329831731	1.6643994705080747	2.274226769888991	0.5251603883330089	2.755550645051063	1
0.12758374035462053	4.272805900171308	0.7119689348005332	1.03382484766367	0.45680440143774725	0.5969060675717561	0.07947269909566336	0.3517759635060452	0
0.3197329126169149	5.103766131160426	1.7543171737521848	1.2239224796335564	0.35619783013804224	0.6298452278896831	0.22980133897827631	1.6878978296939646	1
0.5450879103690037	6.049533199333027	2.0095286042048097	2.6184828330760728	1.2129523671065126	2.1620348399836895	0.5450879103690037	2.395474162456448	0
2.6146475341712048	7.018409140134466	3.877404645182437	2.2819741390899213	0.7848599884831448	1.228616635238696	2.873598537310334	3.3830605661308186	1
0.17204392238282037	4.967795292546575	1.2242165108029783	0.8772588009003968	0.25851841712940854	1.102405086906806	0.483487314404395	0.6880693099693578	0
2.201935684844116	7.205321912797588	2.981967978778135	1.7920261003454858	0.3468962883485231	0.8375072310667812	2.620085642706759	2.5082161925569575	1
0.7556054143995555	5.725086262228974	2.2935544391083407	1.668480106401157	0.9199639772404511	1.3079002936918787	0.41815096791534695	1.309521302313977	0
0.3211337729595964	5.045365813194592	0.4703473201772405	0.7625333080449529	0.2958436757724112	0.19251938177040057	1.259766954648132	1.275390732983385	1
0.048743496413842645	4.422733022511942	0.669402493546129	0.8598050328872928	0.2894330386154265	0.6038732459160565	0.4869775044907407	0.7404600636105627	0
2.5432463101259604	6.788843806880767	2.95427987203566	1.969026607274738	0.7416039558281396	1.340328953566262	2.751754437968499	2.7478797032648257	1
2.40958127022784	6.258732920597317	2.169533585206374	2.718205131485513	0.974031198510727	2.303744420713892	0.7370683676178736	2.074152579746225	0
2.4938168359177566	6.7679172987161715	3.3555233572820757	2.1970245573335525	0.3962023408289793	0.3775593388544556	2.409392561310783	2.8334662532484605	1
0.9491450687451022	5.811057456553499	1.1323049296345793	2.3429685913889258	1.2368948764681162	1.8235487917174624	0.36698065718065254	2.1340007471691838	0
0.4550866726002932	5.954546899861289	2.2344454288507407	2.5217447190059454	1.2999736546533633	2.503303060066149	0.1799520851452201	2.6113997902560193	1
0.5834662341565369	6.0635877473329325	1.2306049981266065	2.5065295148706044	1.2441257750997043	1.8952933175444737	0.45410922986789104	2.2509970183209504	0
2.8034452257919544	7.813224711219907	3.393598583786825	2.189371601052032	0.6144880985681025	1.4898432367484495	4.737904010639819	3.173815695461603	1
0.8405321674730036	5.608213861460844	2.6769172271689565	1.9275715923417096	1.2117028503878464	3.112225588989795	0.2917886289945728	2.3477305279620206	0
1.163525739510754	7.011667896941805	3.3457058131574637	2.3142072928218336	1.1773618528996446	1.8206222364131315	1.7032014422462636	3.280753308584125	1
0.33262197673162763	6.1544340125991726	1.8335889560574499	2.669503394156456	1.7328053263843846	2.5585829811792027	0.2980729003312927	2.5250324019878123	0
1.7641655686356161	6.490968572763461	2.4971316194105695	1.834307972474011	0.22563644147989914	0.6416433376928297	2.8446942443995122	2.6201729948451216	1
0.2540218709591458	4.934062337645523	1.5638755333570098	0.886614722764154	0.23679395912519136	0.6759857621985793	0.11235499714078286	0.4328921900093616	0
2.2319158171261497	6.94531759852983	2.7554044141522134	2.256907579497393	0.9165307030787622	2.328340555193756	1.4614250244324065	2.021428350857404	1
0.39408729221618966	5.557248436650069	1.1387300352639989	0.9600396388041696	0.5012721341609175	0.9812166779529907	0.7942134892947482	1.3598477111049072	0
1.2857555357412778	5.296230690954036	1.6723375914031458	0.9363286256106624	0.15598613720146187	0.331675034137409	1.873830886907928	1.5738314599647825	1
1.2960413721423285	6.89143715973029	1.3246317007277837	1.6353395499567533	0.5735750454191003	1.9051179159969434	4.807411193319485	2.3438230010102905	0
3.142180508424139	7.344846565399612	3.3930307923290948	2.470165193132965	0.7314058926770358	1.1679517667467225	3.560142265193211	3.93538400010147	1
0.20081613943011895	4.490333804678457	1.044578400175624	0.8055826098897335	0.3747584473290022	0.6374071720720539	0.3921974811072601	0.4145503784356975	0
1.877493642050683	6.573178365101496	2.2608251587458144	1.3626162337653134	0.21656193994865539	0.2566324845412728	2.3262039585926795	2.6382927516857464	1
0.39719097165591866	5.508542229792668	1.2476355600605495	1.47800716904309	0.7050757514252192	1.6806975462064715	0.26040850706632057	1.0720287226850875	0
0.5111035851311508	5.808265004997695	2.3638965377171495	2.2674241279004566	0.8437630488670719	1.8846120862426714	0.36371212479674536	1.394783228515797	1
1.2024616631269844	7.100783068981889	2.709728791480765	2.158934098047891	0.8910959932395991	1.8916802161355166	1.6237549330288934	2.519195348734727	0
0.36433751134074355	4.78175615905718	1.8472099438884062	1.2651431595557403	0.3784843797763899	1.2054916502952058	0.28602820556759756	1.305653557956233	1
1.377959724329833	6.062814039581099	2.052224495386283	2.611392447060775	0.9169705007789123	1.9559877702508521	1.239532979724487	2.2842174356358607	0
3.109676840595469	8.351441701644227	4.035139349234832	2.650096176730475	0.4247447228401206	1.32183583678249	5.3214541352944815	3.6728288292452356	1
1.396690137302011	5.897816834638731	3.245089231684104	2.2463744651571282	1.0539635369992277	1.5321464167038665	0.9834258788589922	2.397231416130649	0
2.3587952796308658	7.591508120596764	3.9355813164050275	2.69004236220931	0.8372908136400055	0.9849208709149798	4.648109936479348	3.505725551015885	1
1.2069882532863934	5.935811763942978	1.1246048689423633	1.742866799805139	0.5914078781657031	1.811071780260428	3.073419902513096	2.5707402501376033	0
0.6721533440557099	5.993674353685927	1.916039869738392	2.0519932607206073	0.7854528513439715	1.0093438209099275	1.2051920607306654	1.840438516113079	1
0.1032332546416521	5.422773200594533	1.186104105783453	1.1669560606466598	0.48711882510135784	0.9325970581484648	0.47559422271523044	1.6004375302368012	0
1.6505414673125176	7.386876342814274	2.915172765695574	1.5168400509665338	0.19471938512965056	0.30621919345019216	2.7648022360851585	3.4046381221863213	1
