1.2720892919006663	7.563074312318624	3.3870206990195313	2.399784396371165	1.022990350533211	1.9727746174863103	1.6460398148786488	3.4675124488069557	0
0.709118950069644	5.24687300811931	1.101807179564629	1.4775508813914429	0.4358779145163597	1.2292311105400306	0.9504215905903007	2.049562063027107	1
3.6498917138203706	7.5576781547003264	4.364360248987926	2.0392703769905594	0.19726763890066323	0.34079146673115374	3.4140083035891724	3.977683397033648	0
1.1511414856799502	5.433707592970058	2.1140844851233753	1.0073372898924975	0.18805508864171525	0.6525334976746482	1.4623753855252264	1.7196725303331541	1
1.4843507665922409	6.0858561233069945	2.9108386525353627	1.6385305866373727	0.4534994311460873	0.48718640616025605	2.1279816745940585	1.6489470455288129	0
1.1506353167352616	5.699508018839115	2.2311964969063927	1.875610301397999	0.4472146723026271	0.44108318570991023	1.7657747722560613	1.938756047962396	1
1.2977636487063258	6.066804831082071	2.939505778284186	2.029279186486772	0.43144469706711225	0.6674549435114826	1.2834861411382086	1.797874070227909	0
0.9887602195879249	6.382355296672784	2.1685392823649807	1.4523863624819793	0.8403595602403319	2.8128005306343415	0.7173518692567629	1.6938893489035494	1
2.0471507609812742	6.91667963816176	3.2457397370172307	2.1825507751024262	0.670216265269224	1.0727473224730553	2.240964975836507	2.213721091864682	0
2.4180365236820274	6.9601610892942904	3.025198838532101	2.32868159771532	0.42832189025109196	0.8390640554601001	4.146895898276618	2.717432714011601	1
0.2000386775991129	3.967503122827274	1.1194274750486952	1.4083248969406434	0.402895141905527	1.050297011721889	0.046552424200638653	0.9514261886424098	0
1.627159945421717	7.0143142262338625	3.2992089519044128	2.7277286376805057	0.8444939330544694	1.2313642109178486	1.0268298155724107	2.5364390822464298	1
2.7029103479923484	7.412889477268882	4.4357285260614265	2.5146191618984255	0.7315983669341981	0.5546951299019197	4.410080664536443	3.295388617407788	0
1.6066339851013662	6.277867551901376	2.8176875580222775	1.8967199048645416	0.23080214924148146	0.258078169193201	1.7056931001232405	2.9272232135828	1
0.537200722621251	6.854571039990469	2.1644947527133005	2.718633994641855	1.7035837783243295	2.4057101117896837	1.268045592026525	2.8549748358377287	0
1.4741907630260744	5.903919664193007	2.425492753081372	1.6517691674475385	0.324464719782645	0.3440647688340572	1.5719021789049958	1.5978510431821802	1
0.9123228703127695	6.30637163267158	2.7079168588791975	2.1683677508742374	0.796831291836827	1.0051437453431542	0.9612258558679017	2.082524285139741	0
3.3543922460193363	8.18289704938282	4.231061292933028	2.949986719850784	0.9082182367832684	1.4897079828089723	5.191585911582211	4.7084692783722	1
0.10167172041063136	4.956036894738838	0.2936020149627712	0.39786966898633325	0.4403559480545744	0.8072791146048579	0.31739862923971385	0.8530526980695677	0
3.369235327255449	7.642531664180571	4.028259957624322	2.219323042125035	0.5856343503339763	0.42993005250767724	4.614792740356139	3.7991319843321882	1
0.27019506204419413	5.209037964988554	1.8438457824263865	1.800041742980526	0.5528731070680302	1.0049241260157709	0.2731900687983454	0.8972709980369002	0
2.080865527330853	6.728139857299413	2.5144816331284034	2.157362769836977	0.6245096030914555	0.8106635139877844	1.0515206811342592	2.7413624680726487	1
0.7030975114131134	6.746682362327214	1.9996675478994872	2.4530203075923334	1.2909391803030354	2.59147893096135	0.5433818709252133	3.204679532665442	0
1.3656578862694482	7.195521997851309	4.3161004845577144	2.2110726924879383	0.4116260902216371	0.37297635107143234	2.9152052819672614	3.04664874695343	1
0.14965200451594954	4.36158793012345	0.341267862062957	0.932557704338027	0.4047848768033002	1.083870832013074	0.09398020487052536	0.6237274322597646	0
1.747128145082461	7.56836098254538	2.617928537637006	1.8777995413204396	0.7860453629266759	1.2325894152718142	2.0412073417623193	2.4239882348185833	1
2.3976406949416322	7.312957152447103	3.390860809560772	2.4455592619451525	1.0041550783152229	1.094336493805321	3.5473389310013532	3.598303549920704	0
0.17720013132085785	5.838934969251268	2.0441251965522684	1.0809573534293888	0.19169416304061948	0.43052188202602654	3.4836924644196365	1.2635050650272701	1
1.3814828041226686	6.187920532234498	2.521608166788567	1.7617125478757583	0.5208749596189921	0.5394947099392007	1.752983990276648	2.0561729147404817	0
2.51072058468098	7.644343916273628	4.145110550941784	2.9984286351017335	1.1777930865425508	1.8488641779222044	3.740890615773109	4.006376363988622	1
1.5103245095367406	6.048808735357463	3.3370960982555675	2.015835918590865	0.3449858923864176	0.20466181126224567	1.396789098212532	1.4377713886274777	0
0.42873231504651044	5.624456759881813	2.373481484969126	2.4430424456893016	0.8536490772139745	1.3946096927236045	0.21343255181900722	1.1602716690548374	1
0.02827837118898548	3.692702138337602	0.08873954950558131	0.567754011151883	0.398299496323253	1.4617960045196678	0.0299179610372727	0.5867027443390814	0
1.9640868053168072	6.372135129099434	3.326538488548577	1.9659088355620025	0.8456107236864143	1.4343938106103749	2.049484785265032	2.387229504262504	1
0.3499101139858446	4.790254589270974	1.417187224562261	1.0605642210305797	0.27323572464458457	0.9893553027311601	0.08957558659236467	0.5562787978004278	0
1.1915864086748866	6.912237518720382	2.2335136469916264	2.128731580890919	0.9918804628237414	1.6231238315386636	1.0812965664584218	2.319373377799744	1
0.10539551504534067	4.587980282554427	0.5847821558818203	0.8505354708086882	0.3463164798105087	0.8124401867479285	0.16126814759612232	0.7062608197053283	0
0.4891749298461682	4.693281790838349	1.3414277397797836	1.149146962042157	0.26450044275159856	0.5665857270919795	0.897107912457381	1.5656532000630785	1
0.17625318139234802	4.939736321437845	1.203122442871097	1.0568871086207956	0.3475040192696375	0.9772353025015099	0.5701147659911021	1.1522162447529012	0
0.1099031821072251	4.55525383791155	1.1553391279116565	1.113993390706412	0.2971595192356721	0.7979575449122904	0.2008570417349696	0.7890026662034667	1
0.6528823224770254	5.7239222999966906	1.7703826034684695	1.238345245115934	0.29469740734568584	1.1783780349144475	0.7735282925067577	1.951295621331651	0
1.0810930524491718	5.5902837482263585	2.1945320668921724	1.8556884296212184	0.6906440503418269	1.4770030612453526	0.7765687886990179	1.7553547873342552	1
2.6977169969624186	7.090113751761355	3.183057955469403	2.0017232138745262	0.41396884859938515	0.8334741806512233	3.0015751705372495	2.348284772245036	0
1.7059473728139072	5.982912583084025	2.8546236748440763	1.640161085076941	0.5743861668388727	1.0764348437234066	2.899204853212905	1.7756978356807047	1
0.13506396763126846	4.97608180581815	0.46972859142630174	0.6316174617667899	0.2552931692497773	0.583839998159605	0.27276384701957157	0.9057150055019704	0
1.4182774069729414	6.877336689229218	0.6068646288217475	1.7063286606636148	0.26946972998211327	1.744807614332263	4.748000459694688	3.047465721059944	1
2.025658307859085	7.080189197124393	1.7194933894921463	1.9747613501046473	0.3991988493866372	0.9242192181962765	4.922868722928364	2.9148041740367496	0
1.6646644614242225	5.405227281266973	1.810940988643984	1.1133366840664918	0.26422407241358875	0.6096514346727379	1.8552974900320427	1.3929471819499908	1
0.21545003194519158	4.465881681523516	0.7027509167026402	1.128559365036062	0.35117786263433864	0.7535364805727294	0.29124322401786773	1.2953023446141327	0
0.34428449842578335	5.371274569678143	1.2607878258801684	0.8871090585105748	0.3413389463832076	0.5999183332795975	0.7439828702624408	1.4322710473599147	1
1.1993019126760376	6.380505175548666	1.9805047938198124	2.0997342449475984	0.6546038379394361	1.135843845273437	0.8350806764486117	2.8247778652351143	0
0.7281764294793401	6.126932282560118	2.187365020140776	1.6999548045861563	0.3303751154685856	0.6307822953632148	1.1562835339504955	1.5944460946148633	1
0.0664785131356222	4.531462287640324	0.4419834552084966	0.6998248353131858	0.3099302363958366	1.054207494691204	0.12014468920048271	0.6701190569389052	0
1.2640984781591136	5.885785925304204	2.1104555952090056	1.2311014717141886	0.26145615995768207	0.6169948123597017	1.739061680227606	1.8861904747931548	1
1.362334604924659	7.090018417403106	2.496497548365136	2.528795935357721	1.3999013645261076	2.1188425270446443	1.2594548137849402	2.53407769379445	0
2.1600417862085033	7.579263363969848	3.142858338444285	2.3779708198999354	0.4810610203488369	1.2147643654041347	2.367764034019017	3.0402275134405423	1
2.599640597251467	7.0534757816511835	3.6751278325010106	2.4370460534365006	0.7396012849318295	1.653990539483159	2.2019467436715487	1.7315847461919849	0
0.5098551530115448	5.577517569429427	1.8575159982927179	1.766304899755587	0.38092648366101006	0.47973735248275184	0.5346554252174704	1.5024093396755769	1
2.928384476760786	7.420347261817028	1.8691062384306825	2.262804222982201	0.5399552076929398	0.16198278579842404	5.201168046561727	3.3112872619198157	0
2.4509619937350626	6.9728307809197085	2.2373423239321086	1.7812039552885384	0.3020582383962881	0.5475489903744223	4.532872574142818	2.8932675610081904	1
0.3364793794528457	5.344329389540149	1.1866842141883938	1.4796253108126098	0.5917288841347429	1.0819746475150864	0.9209200002578173	2.072139949818314	0
1.122979645116404	6.257756281267272	2.3421999592280254	1.6041841354855524	0.3778335142736052	1.3102768746959748	0.7114781372446687	1.6105173296536646	1
0.12080956221207216	4.687985354530067	0.7895022688027084	0.8738424156093157	0.3638858825163691	1.0704528402075364	0.23781933327937677	0.9204819364926231	0
1.5372327441848628	5.943894575700485	1.4371062896694937	0.8372475245337022	0.14802337474670788	0.4390932890881484	1.7234092483398218	1.7173771004566654	1
1.9106086030664362	5.808489877082004	2.4360577338927194	1.6935400617215952	0.36786707769284593	0.8753437295407489	1.798072831284647	1.9443661004827464	0
0.5666538199252353	4.48068461343141	1.691626009421031	1.1419910119700547	0.2576222697304521	0.5953854982774489	0.9998595232934726	1.2352098092477788	1
0.19062862403730918	4.26007084266636	0.644377016190516	0.6995267875239843	0.3534276772706264	1.2146159644244159	0.13903124069508876	0.75541750628607	0
2.1722371990844964	7.484097145759855	3.0367302525880633	2.4890978544064684	0.7517462228628812	1.169101817382454	2.540759118660319	3.3900825063235334	1
0.2910414235081972	5.523185430035992	1.0668807945066123	2.2416985618823655	1.0995451867167103	2.0547261163292556	0.09214152856354282	2.077639919733208	0
2.715012574102185	7.003113912158033	2.9987277825337895	2.2221231307789386	0.5688303460525648	0.6653493768499094	3.2910811309574286	3.3602295431738525	1
1.071343861513916	5.271644795132201	1.3465655188908938	1.8708170764648289	0.9445282732853947	1.8665267478010505	0.4644130309324907	1.7246220182405636	0
2.7232015048695537	7.147044347136062	2.3566091554382558	2.117146683858485	0.6554920412561319	0.6899520816634045	4.628340665111106	2.44574126843722	1
0.051874925207546704	4.083468970113394	0.15872875585563448	0.42015665685115416	0.6073278201089545	1.7750370930836663	0.08627402187681857	0.5416205548892112	0
0.4320161553402355	6.439790370132971	2.7569609929164702	2.056607825270892	0.9511558192002345	0.8455677932551716	1.0040085259591316	2.9216873763340807	1
0.5387423017601989	4.995539253424101	0.8540748446662273	1.7449648127082034	0.9441004325134223	2.305600541954503	0.2567175826943075	1.5130811851899943	0
2.632931461885269	6.319634018109029	0.20510177281344452	1.8274965574974786	0.6052881717046324	0.6474068608831439	4.479474301152326	2.8714097771576346	1
0.04493034368479518	4.2922824360173015	0.5040849564274988	0.6841064359077962	0.4423112092288273	1.3927236488847945	0.03563834258082298	0.27524252105819047	0
0.4519223945028924	6.146101822813975	1.948193255069882	1.6848421868819776	0.616660227026528	0.987345476239523	0.8029876462394774	2.2116533139883403	1
0.08861692074751962	4.056575195356091	0.6155477356875094	0.6875817220870638	0.176404083029917	0.8336914255522537	0.0416533288660797	0.7877753096387278	0
0.10316109871265844	4.583907733665671	1.027975209068669	1.0363822121319755	0.33930393785396307	1.0612218994495506	0.0662651546476369	0.5777082702935827	1
0.18698566292083144	5.32643532544793	1.137255912260314	1.2511903039350467	0.3278278383810119	1.1196886142700258	0.3769147305688057	1.2988829041089212	0
1.6007401967309045	6.730815215940592	2.8905606289477936	2.1661236978155602	0.7282729825353194	1.2939597499170947	2.0719132752590443	2.410578140497239	1
2.096777894926703	7.031007243857048	3.1030069560250344	1.8690291047193557	0.5976709869760956	1.107935360128961	2.598607289720828	2.3268190638390034	0
1.129432431007996	5.955093310338061	2.802311346013302	2.051684864634793	0.3092478503663415	0.6803000079092123	1.3131858892992523	2.4539834171344905	1
2.302895044953974	6.492148164152159	2.8370061422949124	1.525730163360615	0.4813576773969264	0.626916561965932	3.715431312844289	2.1581834036203245	0
0.45530234295533595	5.1487587935072305	1.0634340603184973	1.0184140133389974	0.23387773329164188	0.5776409260691663	0.8120851046314591	1.6846752466183805	1
0.06302644102041302	4.502883829147183	0.6149423662585544	0.7582792754977274	0.17988525809360467	0.7255175605903962	0.26854512354257215	1.1500339081549757	0
0.52020945755633	5.123562112951467	0.7569197834570117	1.1339472569555984	0.43210703905458553	1.3144760733294183	1.6438973084856712	0.9765576426608039	1
0.2705918632214902	4.535080284412184	0.5829527782522338	0.9215568415466551	0.31099324348612245	0.8958839220964925	0.20044794338202138	0.759309382813614	0
0.4710967815369939	6.40255430716206	1.9696266756726293	2.7194054851403444	1.2214197179296566	2.3274630542599484	0.9476343481540853	2.7525645704088535	1
1.5386935079083426	5.48549917648687	2.3821907821119592	1.446024465327657	0.27276384701957157	0.6234058147352697	1.6246417461763731	1.3744494867519672	0
1.7977912414597739	6.741396988561641	3.1512049363194765	2.0917035549707204	1.1661774748305336	2.1252391373413366	4.192062447237177	1.9250950093413932	1
0.8077696713966428	5.6674866797559575	1.481422706211468	1.2748039850865276	0.4329894798390837	0.5855786735266927	1.978805957045088	1.7449997423250292	0
0.23379066905796975	5.401369319524419	1.337471696422322	1.2380263444507877	0.4515022799200105	0.8890839614359387	0.7406984824181677	1.8428802487357694	1
0.33262197673162763	6.1544340125991726	1.8335889560574499	2.669503394156456	1.7328053263843846	2.5585829811792027	0.2980729003312927	2.5250324019878123	0
0.06077519871445876	4.157261456733651	0.7756944415275108	1.5694280880144038	0.5437418902075535	1.0780013347639854	0.08476569065588858	0.9074517832069507	1
0.09805187247324976	4.271391119526263	0.4374804375401755	0.6676396109823195	0.3290087396033781	1.0154842707605407	0.11154137473290751	0.48471981308141615	0
1.2966157939752108	7.441242028876226	3.100227414883439	2.837925752608982	1.42980872795085	1.7861604908275734	1.6390549654062225	2.8738696777966584	1
0.06145063351599729	4.964530620766233	0.763092931246612	0.7092665624398284	0.3178280808947898	0.8196036045125046	0.29525581908833176	0.9589670061545914	0
2.012767408411843	7.079802821709831	3.5055844236482017	2.5897995561336313	0.7109870986882764	1.0493520140140578	1.9133869573497533	2.884560460524744	1
0.06130392045262887	4.089718880232008	0.6999738259022227	0.6159421096509738	0.398051024924726	1.1936800148405038	0.08481070729138038	0.1485579266411456	0
0.3551187336714259	4.9606926660954205	1.3060599684092846	0.9360933591703348	0.22396721201258674	0.6198665583655306	1.178439588527664	1.255701503910885	1
1.16358821413046	6.667191497708195	2.380184819016442	2.0883641168502467	0.33435571264945274	0.7620200448463207	1.284150887451187	2.3051817188413115	0
0.7377380638878204	7.589219832630115	3.695013104760068	2.480806589349109	0.9324002736072233	1.4095224872390977	1.3905353553771451	3.7598526967042667	1
0.020484747540436332	4.052212682398775	0.48875791310426203	0.7493857270071347	0.3014592300699101	1.104229814118816	0.14672892086856654	0.7422706225194976	0
0.8609471408348796	5.91505963130549	1.4443745721964154	1.247003557741323	0.42716788975139786	0.9278635082267707	0.7389328357090786	1.79319177631968	1
2.0145429557267085	6.319357947661229	2.393439907838086	1.6203185035303123	0.5123864051128498	1.2376493306853198	1.2806282432148985	1.7438114503547093	0
3.106007193720053	7.797381819982121	3.322756446022139	2.305052047557833	0.5198468102268795	0.7502361475440723	5.07916521399321	3.2750065997569564	1
1.0651933791226647	6.877850247810273	2.146574350989888	2.5102657069215324	1.522986378702985	2.4883507121905555	0.9875317410713987	2.604598972706005	0
0.34003018532265755	5.111481033471949	0.7165218518763958	0.8877677929409168	0.23254719810940988	0.7906368018372024	3.39962614792067	0.8587463612095112	1
2.0227521354856637	6.134685933483088	2.3794627973244253	1.5027876765556951	0.28168412064814485	0.5544251972398645	1.5906627571077663	2.063858250452677	0
1.74172853562249	5.299240440384266	1.76922411142279	1.339333772256388	0.22758965274067894	0.5512494590313687	3.159694660765242	1.2678204618722042	1
0.030444817381171472	3.9793844134687175	0.4908535021064529	0.5560895781588645	0.4729555181316193	1.234395311137183	0.056343470752906494	0.4632810834849088	0
1.8205898508959322	6.914052310994828	2.476681247057231	2.112864228718146	0.1685014981930915	0.40927783043608135	3.6036292526166243	2.6947285269857195	1
0.0797266577350158	4.257752263312036	0.6023358656697683	0.7121161271075476	0.2692711263179868	1.100011309581817	0.15658485766821637	0.3256568174012683	0
2.8034452257919544	7.813224711219907	3.393598583786825	2.189371601052032	0.6144880985681025	1.4898432367484495	4.737904010639819	3.173815695461603	1
0.8705399441171473	6.45103250743058	1.2223332156578686	2.4299399500341408	1.5294202044480691	2.660434347160547	0.27790442668768456	1.918715122322471	0
0.5787683440371244	5.082620395505896	1.1803458736947798	1.184331164070647	0.35644991862243486	0.7868651844336971	0.4921869987562216	1.4044043802922082	1
0.4067509477286213	5.907763050053661	1.1865315867059931	0.7119198658832289	0.3335751870798392	0.3292677752725989	0.9146093190916169	1.5066296924524183	0
0.8503218549319439	5.992365890775706	1.1982162672135563	1.4984840051084198	0.32274270213694156	0.7348647739118138	1.2703502585890647	1.5112516005242744	1
1.2444427368796493	6.452462906602094	2.0405447760498894	2.1399132106231056	0.4277091970543288	1.045563067578294	0.6328503175247324	1.905028628953922	0
1.2857555357412778	5.296230690954036	1.6723375914031458	0.9363286256106624	0.15598613720146187	0.331675034137409	1.873830886907928	1.5738314599647825	1
0.2507976280960256	4.631372877347582	0.3733550541899307	0.8931039848988195	0.2841031758345017	0.6014101095924005	0.20754248508555864	1.432175536376079	0
3.467075629964382	7.435818891226628	3.5246266694164166	2.6807954757689885	0.7726051018946608	1.5032548363439584	3.6734789731378634	3.134811374150106	1
0.024450632095940936	3.7635577992883222	0.4691032240025714	0.6949455625013247	0.5009631490533589	0.9580850535311329	0.04617150036504623	0.45349307711874587	0
0.18676998119985055	5.227248770806739	0.9456164972559816	0.8469406537393619	0.34084836168885335	0.6556322117971862	0.609580771937789	1.2627132993485362	1
0.4427159335881579	4.921149585744721	1.3523238415487373	0.9628689276347335	0.2481795195854187	0.7196430443639105	0.261510053579385	0.7424134218628634	0
3.449076019406464	8.916054972134148	4.075504871153982	2.7360997744156195	0.6086072923787591	0.9550113199857541	4.751341976108713	4.6884096248214515	1
0.41106937482799627	5.37968995876376	1.2460260405569354	0.844193045433725	0.2836891111818017	0.7935805778812158	0.6563898308340943	1.0918561841711019	0
0.28050638870268524	5.360771842571389	1.0766393078577021	1.059143544757743	0.32401641249665103	0.5773995720156321	0.6371692461504884	1.6586470364466472	1
0.1416037235153957	4.682853188669476	1.3714091236204446	1.1691639446190545	0.5477629627727992	1.7006853048286599	0.20075069226232187	0.7400307664587957	0
3.921311731330403	7.292844739649433	3.832763324442514	2.3809525520680586	0.4952997182441699	0.4323277222647343	4.091358441531566	4.209795992910083	1
0.13738520713279023	4.747421201960836	0.6170109991334892	0.6278403643592921	0.33030324747568385	1.0083592996905477	0.12500136516280252	0.6679421867247206	0
1.33663131610079	6.663183907961695	1.6256655295387512	2.3208178612551054	1.2552170975129473	2.050862009796521	0.7776261871378843	2.893921007407306	1
0.05047541001129067	4.392367978180548	0.5872754231292002	0.6860772473755808	0.43339151074900345	1.4228914432535773	0.16557375875198937	0.6325316212024463	0
1.8980695339214693	6.5949674786196	1.6544495182634482	2.2898138872116656	0.24924784993364107	0.7790496095606488	4.190869155842525	2.2495956240733395	1
3.6349748585082793	7.881341766375551	2.9406317408234863	2.7105736811132704	1.245364236685686	1.441800021025298	5.883249962467249	4.254886204842629	0
0.5286969755849539	6.6131654024948014	1.4972541714281487	2.4770172770342667	1.0567133255364036	2.4565071752663026	0.6245149583169507	2.014622981334946	1
0.021375898859117955	4.2318721261739505	0.48824867158700647	0.5066428883116592	0.2958436757724112	0.8536490772139745	0.054654838063390526	0.3086164120611111	0
2.6916633334511975	8.150332462335722	3.79157366834721	2.349878900084188	0.5509151901262143	0.392102896737932	2.9303453926610237	4.303851556893401	1
1.8543742661942377	6.2626722848478265	1.8568603322218022	1.4875188351377437	0.18087884992602984	0.4227023561277224	3.236747176687164	2.642729151646981	0
2.6225068369633364	7.568276215006101	3.7284702910706438	2.712440549403503	0.5606267053576053	0.9372691382593468	4.299791107862175	3.1268175518788164	1
0.04492173907109694	4.715950090196108	0.702701393364757	0.7897746741435375	0.3401511753055463	0.8821132800725685	0.1634105319021941	0.6732964521069236	0
0.8036146335859163	6.067052423662791	1.654545112332865	1.780749076708003	0.4368087243880946	1.024535085271794	1.4780755942372732	1.5514909524792508	1
1.0033487744415965	7.143711358182557	2.2247857005396336	2.612405298617832	1.0089792964280724	1.8984890472921192	1.239040675586429	2.469099031804703	0
1.299701078534795	6.195411007751698	2.2568657091489213	1.718686858338729	0.5110555973200457	1.1911306963126382	1.203062390024574	2.190882285231528	1
0.5440321339562895	5.630711298177379	1.9724547042774256	2.1911058963280423	1.0750706800850756	1.63329114845626	0.4046848037498877	1.861984914117552	0
4.252219726111129	7.5952944640892985	3.8591642758597495	2.2321411692397795	0.8221998084745596	0.5455110681175106	5.266100429594595	3.0483152359621193	1
0.67212781333587	6.225676615752964	1.0586926646668653	2.6565112625115046	1.5135215489375602	2.190658624121907	0.5613457193123433	2.585581203455112	0
2.37405888445247	7.155268659090316	3.5715503779023705	2.750732863505848	1.078273517672579	1.695945829375653	3.8268855079926825	3.5210523434704344	1
2.167738550224279	7.755047467924687	3.301741620798592	2.7088898484996538	1.2737973298927445	1.9927528398976888	3.293764349454454	3.795194763810829	0
0.835254197184775	5.21203535986684	1.6075761804861517	1.0127638715420721	0.24404361542195138	0.8404890184578732	2.4071162648413464	1.3027225166959127	1
0.9256864535145174	5.592718689192714	1.0846823831346117	1.279822116609374	0.22843353464729882	0.426678504507362	1.174554292243267	1.4013307459460038	0
0.4386484018983972	4.762841233471986	1.2990465925556105	0.8061633170286486	0.29353491112701613	0.891670116691908	1.5824777308513172	1.05347544299658	1
2.4411289024421046	6.913056104747873	3.7421713749164605	2.2787636008680434	0.5140743409650446	1.2939597499170947	3.1113796970799528	2.2934030669191596	0
0.22072462807689966	4.574489304450969	1.142629174084884	0.8188101985556024	0.2735856835660223	0.585456173637903	0.3499101139858446	1.153068907797408	1
2.1548040836744646	6.020356865162352	2.6605252362304994	1.2856725998092378	0.3169325747465959	0.533864186242546	2.001020435166825	1.6828556464282625	0
4.029576681450286	7.311018163976051	4.521043734505301	3.208247544259021	0.8002511754741463	0.6540892541561821	2.0805284507800748	2.304782676537533	1
0.5994901335782844	6.482454080017894	1.7277541392521427	1.8520546250118106	0.49430592176870036	0.9936220748104784	0.944683806375373	2.7328533766859597	0
2.4302568514452436	6.30225224183958	2.9008335091067607	1.8088951446747417	0.6905337685717928	2.534482219731268	3.428922789051641	2.4676163639175157	1
1.7231058259110068	5.2711994778516935	2.4280981747123396	1.3750817339057875	0.1446716093420489	0.22659359307005786	2.1539342612373535	1.3168906909810114	0
0.5976654860478139	4.736844730737135	1.832869422284271	0.9840241439082456	0.24542154373717903	0.6335563991463078	0.630244653786845	0.9659947640532706	1
1.8534188496147828	5.995841454458731	2.5114187443281106	1.733512227536027	0.29885195637740275	0.766769320430559	0.9646236486647929	1.0436984127906546	0
0.20749372917389472	5.675040005790547	1.2080644222291896	0.7290450715569298	0.2842537023011018	0.6197428069765324	0.6653699403938311	1.6492738209312996	1
0.21591750622247025	5.276423433996633	1.8268530878872573	1.3039719736163924	0.42253197046591895	1.4905868065937748	0.535551406537933	0.7025032754839701	0
0.2503306111581738	4.9258490759670135	1.5136756304469834	1.655977927868996	0.4934576702448408	0.5252017897104977	0.2660191158155213	1.6188534468437932	1
2.6103932698294163	7.1266728735060285	3.2241459135237123	1.8052020449245438	0.46439417563745194	0.48152450832035176	3.154896080918908	3.0922099533830383	0
1.5847352997937285	6.690982640238049	1.909586948341258	1.9302017005878715	0.8307764155479829	1.7046753623209416	1.1367426640293772	2.8375744090088975	1
2.677941447665225	7.0701456902217945	3.067992468189249	2.297532349357394	0.5788916658792606	1.0647452191565325	3.7869925203413626	2.7239432351041226	0
3.5367766759039783	7.443950066913667	4.29706905628622	3.1623012405666153	0.6849587466543781	0.10046957448082477	2.476008848164889	2.8651679035328743	1
0.021424840208792997	4.312884198431251	0.6383266200453479	0.4672122369327128	0.29750863326951654	1.2920386251941702	0.06632785682122343	0.4972904349810422	0
2.1890691901629356	6.684319935100617	3.687313228222256	1.8150852945315517	0.2468757028094567	0.6846310207916055	4.421285808625998	2.8387918727378	1
1.7384114337261307	6.9598921224820725	3.2018191838982077	2.151738947175088	0.7277418253244445	1.6974487897568136	2.217571718667089	2.84979857501232	0
1.5546226336607873	7.028000348012175	2.4627888445343813	2.1697848615774378	0.6934471355689432	0.6830463383805158	2.385822691564101	2.5760566729767116	1
0.5116672694828477	6.70286511629769	1.4868634160415861	1.0587620440681489	0.5601242300853749	1.3549584808100377	0.7119689348005332	2.6649339100285823	0
0.7811580578826587	5.501422686813682	1.5941415168081086	2.641981621132505	1.7198695481997297	2.0797539928618813	0.11189909249740881	2.051903321686363	1
0.10064139811784947	4.2456726909686235	0.2882569072026234	0.8851715128152852	0.41869059782130563	1.2292603618526854	0.05493032237554399	0.46703673235660736	0
0.8846349324701438	5.669749879911993	1.0556351958129693	2.567169967005217	1.783744098464923	3.1097080708674203	0.12561010187651286	2.398313367202905	1
3.1029979731957127	8.455535997931118	4.042303619994491	2.292494352283875	0.8412222986253086	0.3390617381092261	7.007597446526022	3.8846189201158587	0
0.12393297484268531	4.9410272334192324	2.8142943262621527	1.3819850895317922	0.571928248967661	1.8621713334684205	0.24050398319107225	0.8668483550602886	1
0.18453577027965323	4.383584171084059	0.515353358089368	0.8831888603690381	0.24732871810256474	0.7396012849318295	0.2773135041495228	0.8026740050871876	0
1.9294758425918885	5.90610081201066	0.7714036785257127	1.0005583481927216	0.16268841513427307	0.2783057518232177	4.399688491763646	1.5697819045538146	1
0.8156302647744937	6.208084465726945	1.7470410044286766	2.525552628818438	1.319833994419621	2.6774535271247424	0.45857608284673956	2.1129609370097486	0
0.7540541154634667	5.184098845454574	1.3172121999324469	0.8984118529868637	0.18820421995211006	0.2806121392674163	0.9166106806850751	1.1573527836907098	1
0.12758374035462053	4.272805900171308	0.7119689348005332	1.03382484766367	0.45680440143774725	0.5969060675717561	0.07947269909566336	0.3517759635060452	0
2.6758506484799267	7.26637703664866	3.750172088054699	2.8446942443995122	1.187233480321638	1.5868036799251657	2.182843891381497	2.4060347841890692	1
0.49591501103023644	5.525128982280959	1.0000434719355304	1.4864563880188717	0.4650036501573501	1.072336757255847	0.803793700647009	1.3945601055369232	0
2.67045909275479	7.873791908643008	2.8379140431442216	2.3211025811270396	0.9133664603569084	1.316569078628325	5.273768493626624	4.460814709470795	1
0.8702049076788009	5.826355206567158	1.9285895817552765	2.2435779124140134	0.8609048637934205	1.2152094362519237	0.3950645425812418	1.4264281188595362	0
1.163525739510754	7.011667896941805	3.3457058131574637	2.3142072928218336	1.1773618528996446	1.8206222364131315	1.7032014422462636	3.280753308584125	1
0.12037522857496863	3.8348071318249826	1.4026843090994925	0.8178396245172636	0.221606370456857	0.5695661187885908	0.1407788164877347	0.7284177946418646	0
3.109676840595469	8.351441701644227	4.035139349234832	2.650096176730475	0.4247447228401206	1.32183583678249	5.3214541352944815	3.6728288292452356	1
1.093532742924811	6.355353209502481	1.4831941858598499	2.6624320009317093	1.2484393493962038	1.3903610807946518	0.8248331213853203	2.1799088551265315	0
0.9334624503824743	6.15525971187097	1.0917555012048965	1.5944054896001383	0.3262992381223016	0.3202339637455039	0.467205969442498	1.5579972387657044	1
0.6938469356742188	5.500861805455998	1.6387054101146685	1.7795687973506449	0.8782565145562214	0.88153364191615	0.3952733481133262	1.7619873108943849	0
0.6241239514693494	7.056167697864739	3.8748443658226894	2.725215366423223	1.315308433386604	2.2927872505139346	0.45931546375952853	3.5785622298030666	1
0.1204904783346231	4.744680792433195	0.996579563102958	0.6639500629026452	0.2822423037014163	0.5786674330349364	0.4927614444930089	0.8495096981838037	0
1.7681154733136573	7.234034168081166	2.677769671811678	1.9573304032848644	0.4999143113178829	0.34986078016856	3.147457156370478	2.521294829462306	1
0.15670455875763922	5.01415841394804	0.6906440503418269	0.7626732432085556	0.315832115868127	0.7054709302487772	0.2321905039470893	1.061740813892205	0
3.151119331607741	6.987725768663402	3.99836215652457	2.668727082705691	0.6125117972889196	1.0104730031014106	3.516286421397628	3.1807668135453873	1
1.7853724489032037	6.452005578102164	2.6508870813688357	1.1939830726965674	0.3177916938383894	0.7477300583302371	2.478175714448708	2.8041055577387564	0
2.5033685093756826	7.221774610850968	3.049538408112518	2.2841155767103842	0.5396929248397803	0.9175699133725354	2.618293240262531	3.0785603293107453	1
0.4104791832638665	5.6434880899721485	1.9365089531142528	1.2138736290031984	0.36907079691506106	0.995508483980784	0.7877753096387278	1.7626224113731763	0
0.20601366905074253	4.516385965712786	1.1554965908688213	1.1540469955562103	0.29160187995858894	0.6389391160383912	0.22079679984574072	0.9965426484312175	1
0.03512387100561205	3.855668503658398	0.1456057038572955	0.6045563751114182	0.7536306159394559	1.9987194366014733	0.08180484650225513	0.6643309525419049	0
3.7952891691695276	6.654351984824907	4.401189351388598	2.4677011470423333	0.7474459539673242	0.27812403963967314	1.900045700802085	2.9699476899802573	1
0.3989170496236313	6.273099623274659	0.7605254158898935	1.9328249095066579	1.7996945695473787	3.5190130093800045	0.6212053222253099	2.600249673999109	0
0.723918839226699	5.894396222672746	2.187365020140776	1.4221681333560958	0.8032116154222543	1.377657167724227	0.6566699007496738	1.176652993670973	1
0.09474274611700345	3.936789761611277	0.4890829558073087	0.6780284665948816	0.2774271702214595	1.212298053071926	0.10646590449041898	0.4983116495856273	0
1.877493642050683	6.573178365101496	2.2608251587458144	1.3626162337653134	0.21656193994865539	0.2566324845412728	2.3262039585926795	2.6382927516857464	1
3.1934431384907693	7.133261397235911	3.556016409523672	2.718165534843303	1.0876524484317676	1.251562247918849	5.065929972259316	3.27662761817928	0
1.9583044499608302	5.874299632875184	2.473103937668849	1.3539002933088866	0.13951843446864529	0.21648140844065938	3.196405241740832	2.204740704794445	1
0.18706860504386558	5.338149431249411	1.6679143461929533	1.382436930792586	0.3655662984327274	1.2859490261710156	0.2085495754108356	0.49670641520510717	0
2.6833680884567137	6.304679854338034	3.5892497084031856	2.1146880218669057	0.34811844125561153	1.2823772477001176	2.54970295019764	1.8699389036240455	1
0.20729868175237215	4.887518810860226	0.7055203166230865	0.8564557981719693	0.3282024214816091	1.028189824371564	0.1848350619582532	1.1674229213283525	0
0.6879838736030652	5.607562647915189	1.3046232449753328	1.511758929229005	0.6471922433334096	1.5443445707454013	0.5752753909650475	1.7305398787862176	1
0.258734608305018	4.857699320658826	0.9851075878712889	0.8219360953928624	0.33265782814901734	1.4767747142482652	0.04984484589232035	0.9494933727018734	0
0.14280946786154036	5.483978341274039	1.3849434490489343	1.1969784004129764	0.25026053980214746	0.9030433717885257	0.4630167779461691	1.5147315502951917	1
0.11637760405546112	4.865622624079626	0.4308404144393925	0.8335610842751591	0.44171988876733553	1.1316923919363004	0.17456656442088758	1.2240695060250584	0
2.6115906944080303	6.903422204760653	2.916120722918899	2.0966304621005167	0.3777718313580399	0.8769260083518784	2.7938119086913065	2.479249008810455	1
0.5875032914223134	5.750667332818873	1.1235000041758887	2.131322163556825	1.6915523188110235	3.2808773806287848	0.2199384203652614	2.0215078273721354	0
1.1917078969058639	6.9772225712470854	3.409906017839056	2.8296894955296565	1.2554735771883392	2.2901379476922883	0.8730491458351325	3.288121997605015	1
0.5123864051128498	5.758201528762887	2.040271827226099	2.2989284154905016	0.8418257729313079	0.9445282732853947	0.5680883654969289	1.5761706423179545	0
0.7666299573197487	6.116413402398144	1.631923212653172	2.637727874853199	1.2745524162741428	2.121914173149058	0.1621783715144873	2.667061526024856	1
2.354171344465479	7.824769908778956	2.7429861065384413	2.143624530873415	0.8695764116490622	2.4357776782298264	2.3173948846475256	3.5104672458495134	0
3.0441366490308197	7.549594165042031	3.315258156984499	2.266076698177523	0.41144055285851844	0.5511226805305275	3.251211350965672	3.3242551403493095	1
0.3974463771807877	5.300270458022577	1.4991541865292681	0.9452668401106722	0.3707080181501593	1.5183747014770985	0.2774347475002313	0.8063419283262879	0
0.7182299609274083	6.486590117501101	0.7251302264129961	2.254895822618605	1.3817842056420044	2.664613680574482	0.19309662996191315	2.7156876282314215	1
0.32491282617927303	5.525912594430275	0.9524683579927433	0.8848826207144748	0.4312433100948692	1.142342051529435	0.3022208700728616	0.9632888150347378	0
0.8326047287858181	5.547634579499293	2.762696202215535	1.7058565685605738	0.7495747718585888	1.6844526162395461	0.6059048678157977	1.3983464421440321	1
0.9198045511739517	7.192201697346591	2.9491803526482254	2.8229847391943093	1.3507967087667334	1.723676897578173	1.256954173113836	3.8645036334601595	0
2.5777061046009297	6.4232446908036644	1.892660054163788	1.4433833281040176	0.3882646921214098	0.7605254158898935	5.4510088393933	2.0715353701087387	1
1.9178192688887876	5.174001098227791	2.8373518275314433	2.1495621104105007	0.3816231336225936	0.6593318320652147	2.3395821818801674	2.1957902157980396	0
2.5432463101259604	6.788843806880767	2.95427987203566	1.969026607274738	0.7416039558281396	1.340328953566262	2.751754437968499	2.7478797032648257	1
0.1802527516248432	4.630907131122132	0.7163753066791523	1.0720971830123547	0.2979467103409608	0.7657468729742888	0.23174644012147758	0.5077689569160878	0
1.2325602611778486	5.864018316558455	2.2224482142198836	1.7072177673514735	0.6327547192921646	1.475792227564182	0.7079865307565851	0.8833955701698858	1
0.11566523915204795	4.281341284490154	0.2640321036194464	1.0649176121440125	0.8197798314933114	1.6160758326142837	0.3872739816467396	1.1612740497928207	0
4.384328982236512	7.899599098327705	1.855516435030806	2.9625580435226824	1.043099578737851	1.4037658420318955	6.4806267543829215	4.4087050790724716	1
0.0980337402713654	5.0617757101318395	0.8323437457482343	0.8761768199375802	0.2979318634127899	0.6442877639926213	0.3418363951917714	1.6847308964695318	0
0.21915962601189995	4.844989913712832	0.9548573850229718	0.9338948658225121	0.2972783802501422	0.7606656322907681	0.2581167951892737	1.250760965824695	1
2.5392527795281135	7.877478639236138	1.6915707419726227	2.211773778103869	0.5684905759603897	0.5387539713248076	6.436230493364462	3.2981046629781963	0
2.1859164361868415	6.599587874244149	2.4151366907324125	2.1287672766913115	0.546935734778048	0.5839682730025745	2.432463571845584	2.3571869081856294	1
0.3174714306375328	4.620981525347798	0.9309428632064695	0.7695525117623508	0.3618057587677489	0.8516028662519182	0.22597952613341776	0.7560280785991463	0
0.9726710653102627	5.3116643973263775	2.1836664127373684	1.633759724579166	0.5056060253318263	0.7809290939434786	1.0870119306017887	1.9530418011207427	1
0.12498371509308419	4.401413734473997	0.5819753675306985	0.7781774297445209	0.40876631977454614	1.313696786203305	0.06444132891456002	0.4794154487910798	0
2.3215932871647187	7.586089233456705	2.3480268001905777	2.8519138648327558	1.186378935924888	1.8515209735677045	5.129460157232245	3.5402634297851527	1
0.408493850168174	6.1756838853084295	2.219540383819634	2.677013507316752	1.451965053609536	2.1908263746437253	0.5305458947298044	2.315580288488857	0
2.036494895852307	6.797869763157863	2.727584818630771	1.614286140758921	0.22703995048221928	0.2988667896514032	4.140354675151429	2.8963538295737123	1
0.22941186432696015	4.701868492807251	1.1445093830551138	0.8218921364505075	0.2841784419000789	0.7481560635907446	0.2841784419000789	0.7584198071761413	0
0.2978947451279474	5.253638464546632	2.4366875725173984	1.7309473298312976	0.44162344466144227	1.4687034973606083	0.590156077847148	0.8444939330544694	1
0.15802886422491008	4.307711140989056	0.9303514155224893	0.766397642299538	0.22572421852625793	0.7555584406813424	0.13647829623566168	0.9097493838307328	0
1.8325654636203088	6.8485711441659545	2.392690844132649	1.8238716431440414	0.8200441137482962	1.4144444045362368	2.667443461190797	2.4214253473754943	1
1.1283652468174574	5.646614766655415	1.8923586677841708	2.598741159525206	1.2931917428575663	2.317641179148029	1.176467991203746	2.3707576280970946	0
0.12983456778023292	4.479981042696079	1.1509200682914544	0.9192862408539536	0.280279742685019	1.0328285481221067	0.1659041930218768	0.753583549363776	1
1.601264601744939	7.536394497937564	3.5266251954700936	2.4436244799588827	0.9196052328419849	1.674551268322514	2.566717024985566	3.3477895725615086	0
0.07763396282168468	3.950420302744559	0.6232235188793146	0.7365418628791345	0.48412224093144085	1.0008524442171927	0.06474599961242382	0.4285955254970187	1
0.08164542263948277	4.685711846087238	1.1370634750423625	1.1582324846491345	0.44680536830555945	1.2505891789545156	0.10675354494184029	0.5750053305373859	0
0.5111035851311508	5.808265004997695	2.3638965377171495	2.2674241279004566	0.8437630488670719	1.8846120862426714	0.36371212479674536	1.394783228515797	1
0.8577289808758901	6.885684603608303	2.4953354140284465	2.1808128610641346	1.241702021135943	2.0064809879128656	1.2388958341151657	2.494526893164991	0
2.2916050321508825	8.161608310285965	4.269361729016415	3.0524433651380334	0.8109746596731481	0.8607357377518352	2.379222007532749	3.651707041759553	1
4.290052509047685	7.623778007636068	4.447305116348116	2.4865386506831246	0.5791886969716326	0.8811608398904168	3.9822615008034474	3.428442830552351	0
2.0468666957476573	6.295318398590877	2.188060492865896	1.3605662125471594	0.353631316801274	0.38645216892623374	3.115783845246763	1.9556199983784257	1
0.2556726950020568	4.943964011349766	0.987159176706596	1.0400293312358118	0.471870635304776	1.6744950490674044	0.11808521221866929	1.114977642754374	0
0.8857490467614565	6.2238504559490995	2.1833622713430705	2.106144327639208	0.7107906157325405	0.8384156731511891	0.8326917079978415	1.6973022588751683	1
0.3130720028351881	5.4788268658904355	1.492724304735737	1.2716968712206669	0.3200597135653675	0.5529824070592225	0.4844919153141357	1.9720790233513366	0
0.6173023162666151	5.462608175340131	1.4967618141458616	1.6059317731048126	0.49720528667088054	1.0478101017377235	3.03894500797681	2.1354437317951205	1
0.8998360938021944	6.802533420377644	3.258100384167932	2.6534743319740244	1.4391951128553435	2.1971467965335933	1.2716688352785874	2.991578659228999	0
2.5518563242576957	7.010431805962677	3.635773992426831	2.268148915672918	0.4840791033502816	0.6943963999603772	3.5223849855637326	2.895503014895006	1
0.9643568244431941	5.271129606163828	0.38736223541031073	1.0861010147310382	0.4181772980824792	0.7310208329880268	3.4385606015116306	1.2627981613770722	0
0.6217693243995833	5.003152030860958	1.723159377735798	1.2926977123823062	0.39682791471250073	0.8588734610042044	0.5105815939931476	1.378110968311871	1
2.8457404337505707	7.256141475972281	4.1249141802780045	2.326975220816122	0.7723279784343866	1.2219797026183938	5.503618280530218	2.69985000453687	0
0.625997252665871	5.629368506972673	1.224510455543484	1.2308678677885803	0.3894373470309672	0.4696348112407359	0.8225073858656525	1.7209435083516407	1
1.0460199052156036	6.210983939083157	2.909716764159941	2.6887178632026343	2.027687614901684	2.8749309374080845	1.153384524515089	2.264052143277262	0
2.72285342407189	6.7337177943158695	3.535052055359054	2.7499148518674756	0.48166042405280707	0.6645419235496108	2.227419638826335	2.3526506340007676	1
2.7214269981438486	7.228082817063717	3.577945100106664	1.8990730763604213	0.40846061708796283	0.40846061708796283	4.318490277868509	2.2861507865306208	0
0.6829301641493449	6.2442144723477195	2.1167734529385926	1.4794203391093743	0.417821782317536	0.7395058195379622	1.2923407607454627	1.8043465847335265	1
0.8912600621489088	5.8721949695955455	1.3822612390057252	2.2936956991481288	1.4999131829046637	2.63600266888603	0.45613921083611936	1.9920846504615846	0
0.10003536216227427	4.262050101309414	0.7124594915923183	1.0593169060604675	0.25413045954038743	0.9586986681237323	0.04230441519157637	0.9122425490275857	1
0.7346729273884436	6.5131974694300245	1.7145363937639306	1.66587495503726	0.5831090753510079	0.5776409260691663	0.2795238847503174	1.888523137660363	0
1.108892598075666	6.53359288850395	2.3357974072001433	1.3418982788170637	0.2204198453926131	0.4283805326789052	0.7833077602679024	2.343007007492961	1
0.2356727322909492	5.398921689431641	1.2053418667321738	0.8795437565070389	0.28683171099694205	0.19037239498366548	0.7790037243196284	1.0003377193997691	0
0.8748435419599817	6.248374154252059	2.4583059679908215	1.5215461480171633	0.4394284356534552	1.2914890538459787	0.6787236598942211	1.8343718600319308	1
1.5237928743055242	4.943633296646626	0.6726536146206269	1.1052899434213501	0.32919582765043676	0.8245701019203636	3.3687981492154777	1.7281272039831994	0
2.5805198139909464	7.136883923838115	1.7899077558645806	1.6779560045645014	0.519430495439313	1.0175829833560273	5.586776636903269	3.4979852570152232	1
0.19429953355336155	4.9775913056425845	0.6305800482911162	0.7073458999597583	0.26953083086733143	0.6663051345918487	0.548508616771886	1.2756700157869654	0
2.429490834388121	5.846280959137239	2.8188876907182787	1.7869981521263445	0.2194407042297871	0.4037903731888436	2.8988468537102805	1.5745565705759168	1
0.603534240619953	6.336695811202786	1.7790962952746576	2.5237186255733897	1.5651306848721245	1.545325966966856	0.47604782623004677	2.6169796878636102	0
1.926057234780479	7.337315292634115	3.0322281237918314	1.992043726396182	0.6036162685696558	1.7663561875055191	5.477534108388513	2.7149265050416425	1
2.354560654584388	6.889443130370541	3.35911765208021	2.3749429631837486	0.881699287104536	0.6940967295955335	1.8386907639124872	2.896729283711983	0
0.35504862219414834	5.338128770593713	1.238403216130443	1.0595942216473806	0.5899953351044754	1.4799440721996437	0.2741103924216863	1.0903448742496826	1
2.1595919358626645	6.2469827382944745	3.404681305744686	1.3356061467923674	0.14960895321170373	0.07152685822900251	2.7213809505108535	2.4641425604352727	0
2.353202158790572	6.373826998808619	1.957866952158982	1.369961706498993	0.3453187052601422	0.4694347174461023	4.611149275553837	2.101704375478807	1
1.0156653678471834	6.035505594912269	2.503720226042908	2.407737587016872	0.7509914702443832	1.3271545738907666	1.0547648888878334	1.811333312185159	0
1.4931063229199542	6.543026129693263	3.8447222728947787	2.6033339223236784	0.6372644233122716	1.282404985027628	2.882479585359134	3.192178604393342	1
0.23714901532642735	5.035441721347705	1.606192652269071	0.9393820630975527	0.32549795313600627	0.7712649598238974	0.23053218798722172	0.9458883683130985	0
1.5693864543077487	5.897697675790236	3.503832185941537	1.9979602998119528	0.6998745013093718	1.406880994728279	0.7672801524011724	1.1275236321625297	1
0.059533202906027226	3.9287562210137876	0.4685525769784208	0.3495153752836385	0.3191153303952781	1.4669522641373451	0.05507797344604592	0.3018216360055001	0
1.6365860443531124	5.563376074662834	0.6369788646465342	0.7992624113486467	0.13644339861654817	0.11999392317576416	4.008103797325596	2.7472068096367317	1
1.0896051795081352	6.072880234889743	1.7320448499003973	1.5550028457392133	0.26526773761460704	0.37646188483737136	2.1375689303564447	2.015795955090857	0
0.058271738308650074	4.553327266900343	1.6719431177854975	1.06208660731866	0.22438278314916058	0.6996758225226455	0.3731691633073432	1.1829227993776283	1
3.3416066002485176	7.152416065243717	2.755646001509469	2.1586800799419623	0.5927023409232118	0.46006692329974797	4.504744142439782	2.492825215032296	0
2.1461300935938796	6.6731251336165105	1.7485909738266763	1.6294169947494128	0.31858463164159645	0.42388115362895673	4.037881788721237	2.657009506387623	1
0.5341573107170207	5.755466226138791	1.2704064036679632	0.8660495154374083	0.23407557836376872	0.4715898704996074	1.1260653154494105	1.3544682404534387	0
3.1055010584994815	6.955463715437907	3.677290055723175	3.1577618333299338	1.0597675048445425	2.1139758098149026	1.4432652573795168	2.6790538406606186	1
4.087798181352067	8.329170276724936	4.388714222823698	2.2176588134044444	0.4744313125728873	0.182438216655595	4.144895080820002	3.3775943419382917	0
2.519686426821985	7.179326414455876	3.047209301061578	2.1216505738185116	0.5574019105449057	0.9322428180880821	3.1458792349004425	2.7464500646300865	1
2.77305736241082	5.891158734884887	2.4268713810348874	2.139666083474931	0.4848368214846004	0.5110915883942632	3.294165099009902	1.0295479860585879	0
1.0955743454546585	6.248139388226072	2.6214242043895157	2.44412805710365	0.8897824719933589	1.517783043832386	0.6303830841991627	1.9951491920554039	1
0.30605721078198334	6.765202861851226	1.3043790679186236	2.3559552292517467	1.374727724748425	2.24855120450156	0.2950101563373857	2.7906803277491603	0
2.2319158171261497	6.94531759852983	2.7554044141522134	2.256907579497393	0.9165307030787622	2.328340555193756	1.4614250244324065	2.021428350857404	1
2.8529236948920556	6.952791166570904	2.472808764589864	1.88937003142582	0.2740267616287796	0.7870927934024732	4.999645122796353	2.0684690636121457	0
3.6629999499463386	8.489786968312961	4.248133748146882	2.4580748758225335	0.6313728355650402	0.8286828133526379	4.935189504386632	3.9066164161288457	1
0.4301121912067998	5.183436116636097	1.0780353616792786	1.1421505906825933	0.31527778404258017	0.6806949726207056	0.7671408604682716	0.8296865446987723	0
2.4293498937855427	7.094122806453547	3.4964378620678365	2.2268481024022906	0.5245569165772876	0.5655694581872167	2.1370970541679983	2.890755017776047	1
0.7931282529232595	5.9131107665604175	1.9619662711589043	1.7885208973775368	1.0834986508580615	2.105011817791366	0.27617613226557897	1.514115732557775	0
2.0777025304759795	5.974888673238983	1.4729306677794374	1.4637413952534	0.25732079831577537	0.491862963598629	3.9068657295130382	1.543533125046382	1
0.6609132032262238	5.749672246274504	0.6368413443488504	2.457081427361604	1.4225057430824626	3.049888964505946	0.07396303307913311	1.4835344955449448	0
0.5881532643629911	5.622934609597101	2.0464921227887367	1.3697583924797911	0.5787963730639863	1.4063665599215442	0.4800900894467449	0.8180161626058146	1
0.0646278921438638	4.445988036184953	0.6971890013862769	1.2948641445140034	0.5233370287030535	0.8147008761125217	0.2779801607400227	0.6736483071258897	0
0.7002220942319071	5.922144211296155	2.70201871487045	1.7693434299437227	0.9168905519461227	1.7024545550006205	0.7941230978999475	2.0569147070982248	1
0.9880903274899296	5.983829222059895	2.0695300850710545	1.8478246931610038	0.8130612772252829	1.6603401303612195	0.34943781901123605	1.446471824152207	0
3.800051798330542	7.333331724900422	3.3799260763862713	2.7951143544769197	1.0544862306255545	1.7231058259110068	4.555417809040386	3.942204914469195	1
0.7556054143995555	5.725086262228974	2.2935544391083407	1.668480106401157	0.9199639772404511	1.3079002936918787	0.41815096791534695	1.309521302313977	0
1.5429347960758213	6.726081232508121	3.060770669733213	2.4889899683506362	1.068118716331768	2.6042070521795124	1.3500970728080028	3.249292511448908	1
0.048743496413842645	4.422733022511942	0.669402493546129	0.8598050328872928	0.2894330386154265	0.6038732459160565	0.4869775044907407	0.7404600636105627	0
1.0952064955332768	6.539322047964738	2.1721004827820036	2.586778587427466	1.2955487478131456	2.2794802192789487	0.9776115818557389	2.7509819684857226	1
1.1534160807087837	5.890242124388025	2.0272531099342497	0.9713847941837265	0.21683569857577473	0.20687594845013907	1.7055114371801645	1.0498071243861766	0
1.4825813364313873	8.119029215060738	2.6162711129825267	2.5020832831586173	1.5375121728625116	2.2081535270954555	3.120336436778522	4.166437290850241	1
0.052746138498259966	3.8205193715265353	0.43659549030472616	0.6436154915288963	0.3381494008232973	1.2508754740121555	0.10807383128544404	0.4913185927769175	0
0.8968224486787568	6.490075524893115	1.3536936870738085	2.6449115885241365	1.3821357259710316	2.877376573956909	0.45383613683355906	2.5659719113980914	1
0.8341257738195175	6.667919560371543	2.0949949577732374	2.687024025576091	1.5231826131820123	1.9572597833120944	1.367977629333993	2.333395538787357	0
2.6840306952579898	6.988442794107274	3.556113482765509	2.0636296906324985	0.4297543873380502	0.896169653877933	4.089718880232008	3.14588353779866	1
2.3402083770904873	7.049121846301288	3.967964679340199	2.276497758230727	0.6664900144974704	0.7587008112993842	3.0547414736319842	2.4866052064235817	0
1.5151931648552381	6.4689524429784075	2.065596134857783	1.0800069443425404	0.1750619360646944	0.25699603511941616	2.110019242143974	2.919979102648823	1
0.9743331992680241	5.560165728730056	2.2976429004547265	1.7843151623388185	1.0229184442989092	1.73252242594577	0.4093309594000126	1.848659516360867	0
0.41387630130103914	5.955521775628884	1.4686804747178384	2.0395175813061837	1.1080344272470144	2.021971314525286	0.21029333986870322	2.399648280836089	1
1.7640970344113107	5.284390841100088	2.3290030455972626	1.8048895577709794	0.5134641398190334	0.578252469674732	2.3138612771883613	2.0942685759230053	0
0.1728770979659549	4.485095275992983	0.7448378959653005	0.5741046020123428	0.19010783159438807	0.8526264951052677	0.26682353788167607	0.661697792286355	1
0.17440698570834903	4.6958487472969015	1.2925329813054163	1.1195254102483165	0.34943076814274543	0.8465118372662386	0.42513047108206725	1.1523742001782087	0
0.8759269656845939	5.6123292472390665	1.7038749839175347	1.1483543805629237	0.37485468644202685	1.0080309104368712	0.8033011890518376	1.3894394102639636	1
1.0168597867958507	5.477015282545368	1.6226699812028185	2.2042222585771416	1.0041184422396752	0.995508483980784	0.3428802329165432	1.620358069883091	0
3.659368250739548	7.5807728107802115	2.8964311404795584	2.061175732872943	0.549923252421609	0.3226920096412305	4.671208831376428	4.110436063434519	1
1.5457310453763862	6.344150520672523	2.81048644524279	2.439421019626869	0.9364462380777194	1.6093779106340282	0.7953878345064928	2.3238376490274972	0
1.1722034606369511	6.367154749625955	3.119537141528869	2.8204439256600726	1.4064645679092738	2.2520073320250744	1.9870658021910554	2.9554413879704122	1
0.22580400915568874	4.574859421093484	1.3460971713684775	1.1257085143298107	0.3494871736987075	0.7438402948754634	0.18608114733510356	1.4217821540494437	0
2.5397341083204727	7.064882951736844	1.7741723858010037	1.8825594935544938	0.2549289989535254	0.3601329581100231	5.08381326250195	3.4109826823969525	1
1.0423240843213204	5.4607363410504774	1.9314779323971372	1.828894675890315	0.9216762041504929	1.8478404509946171	0.44052976089720586	1.3057890464602404	0
1.5216116580675203	7.338086968287095	2.431022282169347	2.1285292806171237	0.1922718876471227	0.46860264833010745	5.148453900140598	3.0609721112116315	1
0.8835609072512363	6.022059947817972	2.13740379901768	1.8421515242880846	0.6072460960583381	1.8586857623677415	1.3573288828268755	1.3436999634874702	0
2.3614953048727654	6.966971568387395	2.9355203790539184	1.9599116686911269	0.9341306500024861	1.9249345483804714	1.508467745077567	3.713747661042817	1
0.01856362475532021	4.155624655444719	0.16646314085949665	0.6046820200662558	0.3091377444810706	1.2441834119873285	0.19513083326830338	0.40938408554140704	0
2.1515179873946835	6.946058840911554	2.921267314611144	2.678216227671213	0.8843458852915029	1.4422965512351753	2.217430173538455	2.7567070230486297	1
1.754144133433359	6.463112292803256	3.1072333970296	1.9217930850907654	0.6111667634060653	1.2232164518926405	1.5526135604363396	2.2225998836674474	0
0.07884352740574167	5.279668553352284	1.1741834755151837	1.1098159591754349	0.46671698413992757	0.9736157984934245	0.4731299870921646	1.2533627885673355	1
0.1691772138438813	4.508640562965019	1.2047724844965002	0.8525412327101953	0.2840128490773967	0.766815770485146	0.352268248703829	0.723870353202786	0
1.2325019504399097	5.112992103140683	1.9581068940095203	1.5246640303846626	0.4108505803845022	0.5527465342568517	1.044578400175624	1.9923574347727224	1
0.7213944434980478	5.476919933129416	0.8795437565070389	2.519235610111591	1.4616105316793153	2.433972939865013	0.18012748491096822	1.964661804105518	0
0.6761637755195319	4.586229946728431	2.043166485815124	0.6516687206134049	0.26882794518719244	0.41226195710843705	1.0930971079799996	0.9154503788764625	1
1.111232320024212	5.6559827198694395	1.6188930712048555	0.8516455383806236	0.10153621232284975	0.6341718229592891	1.2250980859408842	1.4912397906413852	0
1.1314988810023288	7.4686598931669455	3.3480180993906736	2.5504056470206957	1.2648326925826985	1.8161593560515903	2.2492054130908046	3.295592391678472	1
3.5802524983333393	6.243220239128833	2.250775876067663	2.187802551349901	0.7323678937132266	1.0725762741172682	5.450226965600103	1.5421435975827305	0
0.23568853294983694	5.064112235922736	0.6002914860405933	1.9707699950481594	0.7272587101887131	1.7239801468067655	0.23067511772955632	1.0509964347264464	1
0.3921231655702115	5.342596418553086	0.9369165496678113	1.0495270809776183	0.36609345022996787	0.9359757051905532	0.52991623293153	1.2467736396486302	0
2.8152829630127094	7.831052130582221	2.93782769905246	2.667818310214331	0.5161593739965907	1.316542272929432	5.23537117697739	2.5700670091454616	1
0.13886588886518114	4.54810553245839	1.1977333795359169	1.0780693874367804	0.4204128321552854	1.029440829806811	0.2912805900140683	1.0072277268662573	0
0.9922512726767	5.692402635876602	0.23007944231532215	0.8792947421874291	0.14829068641214227	0.8180602922587419	4.00539130099513	1.4727013888606295	1
2.322172010752086	6.702921820119284	2.5386922524601125	2.390733323520738	0.531298614553642	1.003018735383979	4.285161872131736	2.2837386084476665	0
1.3688429675061347	6.7070485050913895	2.4781169854285845	1.8918762605628276	0.5829304481009461	0.8250522514398839	2.017020776513266	1.892539510511772	1
0.1734742007736792	5.271362835247215	1.2447883988257111	0.955280649165351	0.2983920157164755	0.4845535144271281	0.7603384301002687	0.9798662895111645	0
1.6674048881886325	7.330109820907557	2.114579412131746	2.6151817046281822	1.1930736234569355	1.6910547651064227	3.2384352853468243	3.418087274330423	1
0.5073475823861567	4.850038437800369	1.2739372037267744	0.8334307260070012	0.23347400793022674	0.45506129655908123	0.6555231919632556	1.6731448378918128	0
5.223503299013788	8.210486791914049	4.008632340964091	2.7991332774618933	0.7030975114131134	0.6109007965743608	4.869308260938552	4.61095144227495	1
0.4670430009076004	5.462192750645158	1.512420275754587	1.3754861624032872	0.7929472656371224	2.207900717333454	0.17289392264439374	0.8565831894118707	0
0.29539723390660744	5.3069846964895895	1.989940704918633	1.2985554468118838	0.19430776763174185	0.828289774502239	0.8020015854720274	1.330490911254454	1
2.688921746500541	7.038362487845657	3.605291302107204	2.419923585411279	0.5701486930479333	0.9062807992448365	3.9200467290897256	2.249690517239521	0
1.96793719126152	7.18832700774682	2.7219465316276295	2.049304447259597	0.26349439486027376	0.6992783464901854	3.550728837855303	2.9992510753031096	1
0.35150862144732625	5.440885801817856	0.7499055143785542	1.4848492710891046	0.8337348688695921	1.5943039698493837	0.09141989517762143	1.8257743478153328	0
1.8022212204386512	7.353310978200281	3.371184809816088	2.214212790365074	1.1618687383031245	1.9439510884915296	0.9425431030182209	2.9996097464304423	1
0.06780443223936851	4.936775598811589	0.7567321221850559	0.7052239617853947	0.31742047021556946	0.5679807042670504	0.26094787724914414	1.225127458398333	0
0.13523868437219758	4.907065026838898	1.027510051174961	0.6933971493151525	0.32199653886643664	1.1603030086665422	0.24260886682520444	0.770247100940794	1
0.6423958445495772	5.940324135770065	0.39175826371800226	2.404347141929583	1.3091703066978186	1.7867804276808912	0.5711151306141469	1.6570082853415171	0
2.0369906170062695	6.98127958798051	2.4823784565991667	2.142322439719037	0.4506997525527936	0.49912544281775406	2.5858072347237333	2.6778658699248945	1
0.11072708980453126	4.619771072363588	0.5625429282485543	0.9457718611963236	0.4255944794033301	0.9522368586476242	0.21428038927880355	0.6634763220403307	0
0.5913248426070612	5.526737770752543	1.8872363018117007	1.1161574678838586	0.26198727033721	0.5101734111215562	1.7993307347243732	1.6707211408509988	1
1.3882923637825637	5.425120047078415	1.8363662922401653	1.2682144063874008	0.29757547099126624	0.43121732172466354	1.7360000763018137	1.8529329599962077	0
0.2569032262591971	5.632145037958625	1.4880609262675006	0.8569228200668016	0.3900807060644171	0.9074114272675599	0.8464689455035949	1.2325311062338968	1
1.143490047446195	4.6621354145022895	0.21127337874372232	1.4024137429997738	0.7522176541369335	1.714680421129379	3.219771423699814	1.4157560712695096	0
1.2119409739751128	6.449215290403991	2.463368016505021	1.766783483157878	1.0104001911019609	2.1046584070695937	2.6453801554987386	1.5129270120532565	1
0.48507695374321297	4.6507743277931075	1.232414477957239	1.1292061537527434	0.10451315675064916	0.39028378611250036	0.4110030785365864	0.6995267875239843	0
1.5040551743071346	7.757129710374012	2.9929885128829277	2.442329643913626	1.216069345273169	2.1057060888651056	1.5789580861801253	4.116855935850859	1
0.6603088565607914	6.614432795946676	2.7047246776736333	2.8071712919700174	1.4637876679848876	2.179049291867437	0.6849990747232236	2.752130880337385	0
1.4848039627659577	6.734469060305716	2.5952770947659585	1.7527760612490069	0.4004592664296783	0.7084790445569269	2.19642425716545	2.093874385302101	1
0.22684070839844447	4.709147245111085	0.897107912457381	0.6110419306411019	0.1443946729491064	0.35934437782762874	0.32753960202520627	1.22345184986342	0
1.3399362371417411	7.216383295482578	1.6815725101932995	2.4541467098025826	1.2876887573657685	1.3435695156598937	1.4946105046033493	2.7592691593935683	1
0.2044173045126413	4.983493601623177	0.9487966434304143	1.3351852602939802	0.45161050812884385	0.944839315278571	0.30698457470627827	1.2814614840141354	0
0.8534787194622848	5.876751544075179	1.8118561709271774	1.2424817257540426	0.3288576044702894	0.830035432622067	0.9453834060774275	1.7884540122193284	1
1.9386984931774192	6.910871219393727	0.8560310434614247	1.9403662385140106	0.3697619344858548	1.397382658105311	3.4865061990081916	3.390449833115391	0
0.3197329126169149	5.103766131160426	1.7543171737521848	1.2239224796335564	0.35619783013804224	0.6298452278896831	0.22980133897827631	1.6878978296939646	1
0.1449052147835224	5.182993492174402	0.7013137432263387	1.0834648093378973	0.40709045318560483	1.2636181232523764	1.5559316449109593	1.550430731854068	0
1.9588404766057248	6.982248369825278	3.625580164811316	2.191195326767988	0.8246577827621558	1.6063732210612554	2.098275562773547	2.559604328982722	1
