0.11514845708892203	4.732407940153177	0.8121738869815861	0.7338571688077321	0.32857686432224464	1.1113310610758844	0.2822196807172175	1.0916883735952856	0
1.2857555357412778	5.296230690954036	1.6723375914031458	0.9363286256106624	0.15598613720146187	0.331675034137409	1.873830886907928	1.5738314599647825	1
0.06194328141434443	3.4908979173988572	0.12263347545321529	0.9918062843503004	0.5054069693391313	1.1562520681145243	0.026277697143250858	0.3567509410508787	0
1.3636396705550844	5.028743021808991	1.3594882666993837	1.3426297886336267	0.37358908986078837	0.7577638236459174	2.3028850480030436	1.78256735085914	1
0.8405321674730036	5.608213861460844	2.6769172271689565	1.9275715923417096	1.2117028503878464	3.112225588989795	0.2917886289945728	2.3477305279620206	0
3.2295902201854028	7.634051024461045	3.9127907106670543	2.236755071562218	0.5325147058809769	0.6958435421076878	5.034852997186993	2.4054304482862037	1
1.7804119961594147	6.7565430111241485	2.8390433751737274	2.0220904622222355	1.007702413308267	1.9410268164000573	1.854123753424605	1.8632891203669764	0
0.4225516318316637	5.611504160764638	1.2987191888639376	0.7738512079749079	0.23425756126579048	0.45867090582810843	1.3200477153009642	1.6142065245092025	1
1.2977636487063258	6.066804831082071	2.939505778284186	2.029279186486772	0.43144469706711225	0.6674549435114826	1.2834861411382086	1.797874070227909	0
4.057867282411829	8.197979474081324	3.243221060056858	2.256069839252577	0.6862937493589301	1.0335758658202736	5.860395263860235	3.4636650099806308	1
0.28873651633038533	5.449948159840636	1.092963028269411	0.6262859640527287	0.16912655100506258	0.41471552411107265	1.698949494637571	2.163196580885125	0
0.9444504976680113	6.460293736969691	1.9570478934657694	2.825501329831731	1.6643994705080747	2.274226769888991	0.5251603883330089	2.755550645051063	1
3.1239671644441795	7.733386197317861	4.367866856515849	2.1932165559386805	0.8562859179371259	1.3559382411049914	5.7374706035588625	4.058254410410857	0
0.4209184215552442	6.575637328681844	0.9488740817701747	2.3302099876061653	1.1736888392173441	1.9639044195704491	0.46997237875744413	2.4124076389717612	1
2.5243597077420095	6.5897348164891945	3.096613271135018	1.6379670585480741	0.49798351575269284	0.6723218304610425	4.310112984004077	1.584345720022344	0
0.23379066905796975	5.401369319524419	1.337471696422322	1.2380263444507877	0.4515022799200105	0.8890839614359387	0.7406984824181677	1.8428802487357694	1
0.1602889449293802	4.234633901730823	0.3081242011057247	0.9397728560213585	0.468715299705512	1.1036329971249736	0.05134119324038207	0.6560733611801143	0
0.8503218549319439	5.992365890775706	1.1982162672135563	1.4984840051084198	0.32274270213694156	0.7348647739118138	1.2703502585890647	1.5112516005242744	1
1.1349442179154998	5.8351109843815285	1.6239914934416115	1.4731828138879812	0.29451864971076935	0.7327524351523047	4.0694232568168545	2.014743007740899	0
0.7084298040911023	4.826004673465117	0.30982754138525676	0.8997547632340556	0.39254871617493753	0.7538659155946511	1.9148321934844519	1.2322395100342451	1
0.9049870857027629	6.267595916293534	2.679300871149554	1.7573750423662242	0.8604819950455765	1.5183966080019577	1.8795108501250202	1.1618061561640467	0
2.471728531897241	7.7417771304312675	3.3672647950221357	2.173159545553588	0.4872355531527772	1.463463713890977	3.0615059690495428	3.675153178345054	1
0.5123864051128498	5.758201528762887	2.040271827226099	2.2989284154905016	0.8418257729313079	0.9445282732853947	0.5680883654969289	1.5761706423179545	0
3.142180508424139	7.344846565399612	3.3930307923290948	2.470165193132965	0.7314058926770358	1.1679517667467225	3.560142265193211	3.93538400010147	1
1.1993019126760376	6.380505175548666	1.9805047938198124	2.0997342449475984	0.6546038379394361	1.135843845273437	0.8350806764486117	2.8247778652351143	0
1.472517927868508	6.330033690824872	1.604767020784202	1.144668560426795	0.19073605539497296	0.3564779245316836	2.4111524611993382	2.060589961994474	1
2.2406139400112925	8.01575252418802	3.765157391617525	2.8039480869613733	1.1566610467746852	1.6206547676392655	4.534909725735564	4.1376754069441155	0
0.42873231504651044	5.624456759881813	2.373481484969126	2.4430424456893016	0.8536490772139745	1.3946096927236045	0.21343255181900722	1.1602716690548374	1
0.02916746354262121	3.912194990637842	0.45356932278231077	0.47380265380495656	0.12673837221692097	0.5743354910205176	0.11876921588743476	0.7303466215490516	0
0.1605955810484067	4.675634241419714	0.7806542679981797	0.6178577415182306	0.1705188446748033	0.4873768373030804	0.3980778896741467	1.2027019971924906	1
0.33231360147235395	5.096553017709432	0.8732579620567353	0.5047069427578135	0.0943151394612955	0.2817067557514186	0.4348297167380683	1.9654186154433564	0
0.5747295686026035	6.098695437523908	1.4210097482083432	1.579576464399938	0.48002202708922415	1.1845453066598377	4.78698911648661	2.162483592975715	1
0.5474390948618081	5.707289650651618	0.797507195884188	2.5310027119309466	1.5044106745663945	2.1129246724963844	0.37808020789508523	2.2588003806230237	0
1.2174022246375968	6.0318574095642425	1.8923888105099798	1.3804774757983258	0.21047970219812345	0.4577981950573487	1.691146923360642	1.4431471727126735	1
0.6583434979485577	5.719942856105595	1.7714377072047576	1.166302089304666	0.37334128567988983	1.2548750222530551	0.35960265401006736	1.4042079504047693	0
1.6277492322053533	6.200618498695336	2.77499831683358	1.631923212653172	0.5921106363821734	0.9127243799945468	3.0068452945575603	2.9940959354827945	1
2.8453104661658264	7.674379010963112	2.997959790794342	2.8537769274266096	1.1381214217628222	1.6787587301408116	5.22569452181568	4.138556006063629	0
1.108892598075666	6.53359288850395	2.3357974072001433	1.3418982788170637	0.2204198453926131	0.4283805326789052	0.7833077602679024	2.343007007492961	1
0.6716579317169606	5.335648796128511	1.3469296375976139	1.0571303542131687	0.4113610263065491	1.3042705256412999	0.33771432205647994	0.9947321581807176	0
0.13523868437219758	4.907065026838898	1.027510051174961	0.6933971493151525	0.32199653886643664	1.1603030086665422	0.24260886682520444	0.770247100940794	1
0.41989384476028535	5.690412831277864	0.8947810483862728	1.7644739145336326	1.2477504266718238	2.314088672377461	0.2626949790061782	0.9234649356221554	0
1.177854676170877	5.961808882675447	2.029371183411511	1.8569071797720744	0.35222606232439846	0.8077696713966428	2.1963019296054545	1.23587836533692	1
0.23714901532642735	5.035441721347705	1.606192652269071	0.9393820630975527	0.32549795313600627	0.7712649598238974	0.23053218798722172	0.9458883683130985	0
1.1302401463484213	4.933521681321667	1.4898657772932555	0.6473231131730716	0.09832381605569762	0.21477261256444743	1.5954809658048956	1.1116930282066402	1
2.2382172239612426	6.208852969391214	1.8024026293265347	2.405448493453257	1.3099801107694986	1.5815938392041025	1.8042478306804153	1.937301774518713	0
2.4472307428069993	6.431107063284399	3.4479028346479343	2.1313458993301966	0.6241721660564141	1.2239518866412484	2.32940227635307	2.0552641088615737	1
1.53643701954961	7.499246517912965	2.9610269506648943	1.9988278376855901	1.1293677855881015	1.8340204279425643	2.0309994419289557	2.060360653867044	0
1.692509873437177	6.115383828551614	1.5954201206658964	0.9882392311867392	0.1554983427500789	0.5538046502192618	3.102571195829998	1.7557522539220527	1
0.0868261098287292	4.568575701276031	1.097144545393075	0.8788380548235039	0.38287179045541975	0.9810667248130659	0.1758087276228981	0.9380522236556676	0
1.0598368097167028	5.375952254672353	1.8206222364131315	1.6347742202472675	0.32375601278161914	0.38898336058177985	1.2617510260452904	1.6284951639675576	1
2.102718518584329	6.879474933166802	3.512491260057789	2.6306506638407066	0.7507082910844769	0.6291738330150203	1.7914760957482494	2.6752790447716657	0
1.33663131610079	6.663183907961695	1.6256655295387512	2.3208178612551054	1.2552170975129473	2.050862009796521	0.7776261871378843	2.893921007407306	1
0.18637167730531323	4.415218392839072	0.6684394428551899	0.776982686472178	0.2947942210575619	1.0458793620159064	0.17239747559626137	0.9790777199729198	0
1.129432431007996	5.955093310338061	2.802311346013302	2.051684864634793	0.3092478503663415	0.6803000079092123	1.3131858892992523	2.4539834171344905	1
0.33300910403682304	4.7428517049127725	1.460520183471862	0.6994771042548149	0.239064143449021	0.7400784752443775	0.20243459342451153	0.723870353202786	0
3.1055010584994815	6.955463715437907	3.677290055723175	3.1577618333299338	1.0597675048445425	2.1139758098149026	1.4432652573795168	2.6790538406606186	1
0.9272702359171632	6.23116310496107	1.5216989981260935	1.943764992708925	1.0274384692135847	2.1714622261127796	0.49136141919837883	1.7294584430306756	0
1.734236282984389	6.124453605195712	1.692141691698514	1.8861904747931548	0.4287127748278548	0.913526916051424	4.021476334088601	2.8292939083875743	1
0.0692125806824517	4.401088791811255	0.891506115051524	0.6809430117210385	0.5323091904328319	0.8404890184578732	0.0692125806824517	0.3653442566185661	0
1.074319596099065	6.098033157725136	2.9972061868099913	1.487134676045962	0.29143751195319806	0.3790253033995255	1.4610771055635763	1.9171578786223886	1
1.362334604924659	7.090018417403106	2.496497548365136	2.528795935357721	1.3999013645261076	2.1188425270446443	1.2594548137849402	2.53407769379445	0
0.5584207884936337	4.2816412226387985	0.8897003196006243	1.402020061581373	0.3288144188079226	0.7376902433106169	0.16925320328982807	0.5391914817226583	1
2.256342181819308	6.81743607351878	3.105774313755186	1.757599263414621	0.17694043784147437	0.7591221694834782	2.896386963550952	2.531328933374545	0
0.4355156987870624	6.703552341380267	1.1820338968071822	2.410147183406712	1.1675784931328326	2.7745804873580506	0.49428152170525913	3.0268384217274376	1
2.688921746500541	7.038362487845657	3.605291302107204	2.419923585411279	0.5701486930479333	0.9062807992448365	3.9200467290897256	2.249690517239521	0
0.4519223945028924	6.146101822813975	1.948193255069882	1.6848421868819776	0.616660227026528	0.987345476239523	0.8029876462394774	2.2116533139883403	1
0.3261621267696277	5.342443815340515	1.212298053071926	0.736829081646068	0.1763202515981109	0.8889606442021989	0.2341705300967091	0.8792117236327343	0
0.10298068610854462	4.588854811152843	0.6853921881868782	0.7102992393775109	0.16286686895981925	0.8657129709051838	0.3065872383263774	1.0492819786461685	1
1.0257548163647188	5.674908264694545	2.584344661994057	1.3252962320583084	0.29693661674715743	0.295062271661164	1.4675747640709884	1.8904880420878334	0
2.5777061046009297	6.4232446908036644	1.892660054163788	1.4433833281040176	0.3882646921214098	0.7605254158898935	5.4510088393933	2.0715353701087387	1
0.10167172041063136	4.956036894738838	0.2936020149627712	0.39786966898633325	0.4403559480545744	0.8072791146048579	0.31739862923971385	0.8530526980695677	0
0.7002220942319071	5.922144211296155	2.70201871487045	1.7693434299437227	0.9168905519461227	1.7024545550006205	0.7941230978999475	2.0569147070982248	1
0.42005154030308484	6.491997078284712	2.605773813517224	2.2518600581690733	1.2695638963163975	1.867964051481788	1.0233857424256394	2.7709373594905506	0
2.7151913092535764	7.738168114870652	3.6951100038645723	2.6246975772503336	0.5603012672265161	1.305436738159736	2.8109015714862333	3.8791981153236383	1
0.258734608305018	4.857699320658826	0.9851075878712889	0.8219360953928624	0.33265782814901734	1.4767747142482652	0.04984484589232035	0.9494933727018734	0
0.5111035851311508	5.808265004997695	2.3638965377171495	2.2674241279004566	0.8437630488670719	1.8846120862426714	0.36371212479674536	1.394783228515797	1
1.3747530152733314	6.549213880013677	3.249257589354278	1.893834593894352	0.08991382746879936	0.38553447261928553	1.151773836782342	2.368447737093748	0
0.36433751134074355	4.78175615905718	1.8472099438884062	1.2651431595557403	0.3784843797763899	1.2054916502952058	0.28602820556759756	1.305653557956233	1
3.3400947289404845	7.881086655539503	4.172112376594597	2.818141508895865	1.1301755531242281	1.10489252662526	3.6221518720632266	3.9827815172543954	0
3.1752875076029756	7.790087533422439	3.337898980147173	2.5712448836009227	0.5990507638470853	1.0523938148664955	3.7560192764319495	4.144343519316423	1
0.7346729273884436	6.5131974694300245	1.7145363937639306	1.66587495503726	0.5831090753510079	0.5776409260691663	0.2795238847503174	1.888523137660363	0
2.012767408411843	7.079802821709831	3.5055844236482017	2.5897995561336313	0.7109870986882764	1.0493520140140578	1.9133869573497533	2.884560460524744	1
0.3153215582551985	5.14908855443355	1.2438663679876125	0.7036913944356167	0.26652482807602906	1.4325575255895286	0.17689854547970266	0.8149222374858663	0
2.632931461885269	6.319634018109029	0.20510177281344452	1.8274965574974786	0.6052881717046324	0.6474068608831439	4.479474301152326	2.8714097771576346	1
0.2581940427058043	4.522785905638464	1.200567011191103	1.1953456976254173	0.35124824601262905	1.1540469955562103	0.11006443486230895	0.8240877198205411	0
0.9834632809123693	7.32755955474241	3.110122894807372	2.546456333798516	1.326889307827351	2.8119176026197	3.588476075967086	3.921911948258494	1
0.08076859799755014	4.225415221390568	0.7398399085519277	0.7090205297162355	0.3217718564106544	0.8015530544037318	0.06358963358613921	0.26674695412964744	0
0.22587581527918618	5.314827324049849	1.9921392132770392	0.7494802539001061	0.16484472274262174	0.40721690614693556	3.0957993034045947	1.0167150847010353	1
0.3949702290155128	4.507369908462178	1.1139605656149092	0.890193132752282	0.27486275498952156	0.9374258044041134	0.10156331540944123	0.4781329962193859	0
2.5110453707310265	7.670981960433402	3.692373343368192	2.3794535372506225	0.5982429183599214	1.0341804285087208	3.0883934934143724	3.7995819260823964	1
0.37007969743736885	6.052653950581697	2.475563134784848	2.392124106151521	1.519250588368516	2.515936860885779	0.48845117216298417	2.027068717441136	0
2.625646374847394	6.583882139361437	4.045143813774478	3.1691308049691003	0.8928583248910329	1.1907963752093038	2.1563562854479614	2.8309637568076185	1
0.3174714306375328	4.620981525347798	0.9309428632064695	0.7695525117623508	0.3618057587677489	0.8516028662519182	0.22597952613341776	0.7560280785991463	0
2.8249142961434517	6.506621078938001	2.621147909071691	2.0042599164437833	0.2541382154164331	0.72880385776798	4.539807858948933	2.134556897675475	1
1.377606732722325	6.1768946008486365	3.538126329387578	2.0309732007197594	0.41285109774142714	0.4279699634482338	1.9393026532694462	1.0732261022776939	0
3.739598708772203	7.115917407095816	3.3385202381969146	2.208768796789761	0.3869820098504987	0.8557336077796978	4.195508785748517	2.400011214432299	1
0.2255965402752764	4.536444778729394	1.0531266585069783	0.5424173097547809	0.3050405387479273	0.94960944706698	0.765421329429965	0.7414133979694334	0
0.8623412814463992	6.3698521802675385	1.3137505496441784	2.317266787530028	1.581778904440126	2.9616841594144185	0.24467801145514823	2.189987340490564	1
0.0893140571189715	4.467821230018219	1.265509950841506	0.7466405529999453	0.2814954748602346	0.6568099062982705	0.20230390650118565	0.7641646677952255	0
1.1253840391655374	6.172165416296983	1.9536515356215363	2.149247415923799	0.45438224834277885	1.181512448395753	0.7405077519197829	1.9255179194063934	1
0.8912600621489088	5.8721949695955455	1.3822612390057252	2.2936956991481288	1.4999131829046637	2.63600266888603	0.45613921083611936	1.9920846504615846	0
3.3653214684236583	7.576159716945223	3.002355292862225	2.4430945819735603	0.5750053305373859	0.37897053963669364	4.02997847066214	3.2969806560714483	1
0.5482659067398356	5.628169164921971	1.7169101967380946	1.2903614874819958	0.5576424135408999	1.3290888873491113	0.4493224911719409	1.3001916620664788	0
2.9050249841775337	7.226521324961672	3.899170768114327	2.6966588992154406	0.5385147180273686	1.2248924545784394	4.416901379310303	2.749985176029928	1
1.16358821413046	6.667191497708195	2.380184819016442	2.0883641168502467	0.33435571264945274	0.7620200448463207	1.284150887451187	2.3051817188413115	0
3.3492231537375905	7.359807364119594	3.00350697210789	1.981346237013422	0.6161473386710775	1.360899627099946	4.341869783480084	2.024536469510503	1
0.8156302647744937	6.208084465726945	1.7470410044286766	2.525552628818438	1.319833994419621	2.6774535271247424	0.45857608284673956	2.1129609370097486	0
0.21915962601189995	4.844989913712832	0.9548573850229718	0.9338948658225121	0.2972783802501422	0.7606656322907681	0.2581167951892737	1.250760965824695	1
3.3416066002485176	7.152416065243717	2.755646001509469	2.1586800799419623	0.5927023409232118	0.46006692329974797	4.504744142439782	2.492825215032296	0
0.859931998204771	6.192835996984397	2.2611274798443954	2.0100110744618367	0.8809536675844696	2.303584593327129	0.6699194944406412	1.9495890877396467	1
0.06649254828243717	4.8853509437969365	1.3477094458043215	0.8332134244567861	0.32544740012213313	0.5820647704866433	0.23564113022417135	1.077116228323223	0
0.8534787194622848	5.876751544075179	1.8118561709271774	1.2424817257540426	0.3288576044702894	0.830035432622067	0.9453834060774275	1.7884540122193284	1
2.761679431731745	7.449650233469796	2.4787292757068466	2.0690123461892966	0.37043188184752657	0.0	4.278931606416022	3.4818645097293097	0
0.3329374251010812	5.619327826448261	1.1165504337991228	0.8539897056767758	0.1729948647709935	0.49926505717883546	0.8120851046314591	1.7582716250670656	1
2.40958127022784	6.258732920597317	2.169533585206374	2.718205131485513	0.974031198510727	2.303744420713892	0.7370683676178736	2.074152579746225	0
0.8058953402516986	5.3130636043749755	0.9913610979211336	0.9059575277343637	0.20855769298579135	0.3680677982109634	1.0602871743464417	1.4702218210551765	1
0.15268675166426388	5.051542404994009	0.899551407869857	1.3236739991382234	0.3967808421231972	1.093532742924811	0.28708689536903464	0.8626367585385216	0
0.8609471408348796	5.91505963130549	1.4443745721964154	1.247003557741323	0.42716788975139786	0.9278635082267707	0.7389328357090786	1.79319177631968	1
0.8550534224029654	6.708062594000674	1.279349257331826	2.7119758191046826	1.4785544395451882	2.717115652115821	0.4240774848534506	2.667679493625526	0
1.7104951823970915	7.588504015503697	2.3454338322788857	2.467082064875448	1.0120371801359194	1.5481793397132475	2.1177363455421467	3.226157250826392	1
0.837031050888523	6.1727445199750175	2.7039016075758764	1.3191658221132208	0.23949710011682246	0.7124104467407916	1.4470130961545964	1.682595433051827	0
0.8664279927017509	6.757580551238203	1.7164969847275082	2.5890188866699524	1.3469556410040615	2.3300348767021455	0.7333289701927771	2.714376812491367	1
0.33494964950208783	5.123167233514104	1.453415481974046	1.1185456263755598	0.19516374180724955	0.8821960581033264	0.4147023134606462	1.1902186480932728	0
0.6536420269573147	5.184173388980601	1.3581520551736102	1.984540028359987	0.23988266731848626	0.5494846407359643	0.7650491498490232	2.142639320674209	1
0.5493229984499904	5.598525657325221	1.2459397431472425	1.1335610695855622	0.271636528470813	0.6440619728694539	0.6619815380417455	1.9158043400900089	0
1.853183771215054	6.724534838313093	3.164846158448288	1.781961626747944	0.1429221610112164	0.21077942961043897	2.864461181666895	2.3856570539971225	1
0.8931039848988195	5.168841738181344	1.1340116070199708	1.4058518603354213	0.32141661018140966	0.5827071191588203	0.31347408048545344	1.174430701944948	0
1.1722034606369511	6.367154749625955	3.119537141528869	2.8204439256600726	1.4064645679092738	2.2520073320250744	1.9870658021910554	2.9554413879704122	1
0.44813499422459085	6.2799022714829205	1.733936128490853	1.3946592774515183	0.8119963143983263	1.674232650745248	0.7275486072772779	1.6143458487866833	0
1.1915864086748866	6.912237518720382	2.2335136469916264	2.128731580890919	0.9918804628237414	1.6231238315386636	1.0812965664584218	2.319373377799744	1
0.4899042909520718	6.4126991603981605	1.6310036903486609	1.689800568918557	0.8113301362376556	2.290897053198855	0.3147231447628209	1.654430398352929	0
1.5372327441848628	5.943894575700485	1.4371062896694937	0.8372475245337022	0.14802337474670788	0.4390932890881484	1.7234092483398218	1.7173771004566654	1
1.0067893546812579	6.114719694525022	2.1744107542705375	2.1544678420411048	0.6150721191335735	1.2311890591191759	0.8527117502312838	1.9718980895934752	0
2.3380294539272404	6.236640590661759	4.325950869852044	2.3137129481150964	0.7372119117220459	0.9461989876128198	0.8796267475025636	3.1504856288787395	1
3.5802524983333393	6.243220239128833	2.250775876067663	2.187802551349901	0.7323678937132266	1.0725762741172682	5.450226965600103	1.5421435975827305	0
0.17003808962710426	4.986356945686628	0.9680479186469931	0.7716348336086865	0.14896296113924787	0.5687737257201884	0.7845862408767268	1.151868654968541	1
0.12758374035462053	4.272805900171308	0.7119689348005332	1.03382484766367	0.45680440143774725	0.5969060675717561	0.07947269909566336	0.3517759635060452	0
3.315338068065303	7.816268403528962	3.776230773316664	2.4888156662847156	0.6944962701292408	0.7464035468603768	5.507125454353384	3.075928815548268	1
0.04493034368479518	4.2922824360173015	0.5040849564274988	0.6841064359077962	0.4423112092288273	1.3927236488847945	0.03563834258082298	0.27524252105819047	0
2.573726113425584	7.350937855552612	3.2475410240819653	2.7826689951451646	1.2322686734807833	2.5760262431554843	5.329328026954629	3.8897794414685105	1
0.10972398187736908	4.790824516251008	0.9776115818557389	1.0466521052928555	0.3397952806181446	1.0050705442597456	0.1487475376805235	1.246256130580672	0
1.5040551743071346	7.757129710374012	2.9929885128829277	2.442329643913626	1.216069345273169	2.1057060888651056	1.5789580861801253	4.116855935850859	1
2.928384476760786	7.420347261817028	1.8691062384306825	2.262804222982201	0.5399552076929398	0.16198278579842404	5.201168046561727	3.3112872619198157	0
0.023169502026642384	4.294136235093434	1.1284299570772918	0.8633961561196307	0.35529399086180075	0.9486417487584813	0.11082555508888461	0.7571074095188223	1
0.3787788428456587	5.086176191502999	1.439242535437986	1.24498997979715	0.34758172565961437	1.1454958745669601	0.22408710602642215	0.8525412327101953	0
0.2978947451279474	5.253638464546632	2.4366875725173984	1.7309473298312976	0.44162344466144227	1.4687034973606083	0.590156077847148	0.8444939330544694	1
2.6710611293172843	7.281816197167825	4.226652706983928	2.7403431262984723	0.46239979321900365	0.7307800953667962	3.6617240613685644	2.9640506697627163	0
0.6721533440557099	5.993674353685927	1.916039869738392	2.0519932607206073	0.7854528513439715	1.0093438209099275	1.2051920607306654	1.840438516113079	1
2.677941447665225	7.0701456902217945	3.067992468189249	2.297532349357394	0.5788916658792606	1.0647452191565325	3.7869925203413626	2.7239432351041226	0
0.9530468719992745	5.829280267491042	2.6134610945953707	1.7923259753997947	0.25888900196283327	0.2891784523167845	0.8042859697939126	1.6613280286880445	1
0.18570748473147575	4.598227138721373	0.8030324440891882	1.958798169157492	0.8872737828036625	2.0657735589144157	0.0971630077126326	1.385869270781794	0
0.20601366905074253	4.516385965712786	1.1554965908688213	1.1540469955562103	0.29160187995858894	0.6389391160383912	0.22079679984574072	0.9965426484312175	1
0.6360317069745214	5.383508796772102	0.9198444100734526	1.724301134023531	0.8890839614359387	1.8034574469738645	1.2469748208704787	1.5215461480171633	0
1.1699402095817282	4.86676877278385	1.4377951339822936	1.3003006479529144	0.18022769953737672	0.04409248064550751	1.8664494148594988	1.5949941010016888	1
1.413787925428813	5.682934320987756	0.8969040180739649	1.855250567009253	0.6802240352694557	3.0656360633621773	3.565725458138416	2.0445783208520147	0
0.9726710653102627	5.3116643973263775	2.1836664127373684	1.633759724579166	0.5056060253318263	0.7809290939434786	1.0870119306017887	1.9530418011207427	1
2.6854841590902745	7.238830405945013	3.6687838839141738	1.9334326275442006	0.2574290292807601	0.45872147440859584	3.193127154845423	2.444813556221556	0
1.8350903139500694	7.657918649379788	3.2262168137536493	2.4295524896559226	1.189031740456636	1.3360794324553882	2.933957928559086	3.759696660489575	1
0.44670301612440916	5.786027678131089	0.7258079627994936	1.502898924873179	0.4989675944126059	0.8002511754741463	0.5013872218548386	1.5213932745415053	0
2.8646436093234335	7.0117311664846795	2.4987684627254723	1.9818562758287823	0.5801576377376279	0.5508690753002896	4.285234857846536	2.4190428063542453	1
0.5789869496146792	6.0842948363421225	2.215282764591249	1.9491192799962618	0.822814868681982	1.0402413753417803	0.5504078100415289	2.281095844151061	0
0.1728770979659549	4.485095275992983	0.7448378959653005	0.5741046020123428	0.19010783159438807	0.8526264951052677	0.26682353788167607	0.661697792286355	1
0.20081613943011895	4.490333804678457	1.044578400175624	0.8055826098897335	0.3747584473290022	0.6374071720720539	0.3921974811072601	0.4145503784356975	0
0.6761637755195319	4.586229946728431	2.043166485815124	0.6516687206134049	0.26882794518719244	0.41226195710843705	1.0930971079799996	0.9154503788764625	1
1.1723892536640539	6.516674469030504	2.0638328574966818	2.788997115242455	1.4813999745473954	2.1528081676758175	0.7957940175200879	2.8530448060001103	0
3.0710252575894224	7.645226379158745	4.401986112413486	2.847122050345404	0.6873302952383804	1.060217900680798	2.4106140452061453	3.1636294642418297	1
0.3499101139858446	4.790254589270974	1.417187224562261	1.0605642210305797	0.27323572464458457	0.9893553027311601	0.08957558659236467	0.5562787978004278	0
0.18676998119985055	5.227248770806739	0.9456164972559816	0.8469406537393619	0.34084836168885335	0.6556322117971862	0.609580771937789	1.2627132993485362	1
0.3166266084005067	5.00366707233251	0.8548833037447915	1.3125939981899333	0.45252043498387984	0.5966803320722387	0.5351591475014319	1.37184040414974	0
1.4805585395099736	6.801826268428371	2.63357087795496	2.6447056335849286	1.5709465332521275	2.601970908667718	2.140195566887997	3.3055157995632025	1
2.1706410113531973	5.813160808063582	2.916164036634735	1.960052529633438	1.115174376967088	1.129594026276838	2.3749708687327686	1.4157317967735077	0
0.48487376866245596	6.676943652985751	1.7421314541595658	2.278835285822938	1.6859358834068254	2.4503755896686217	2.6846519171736505	2.601162594107788	1
0.4399373857776666	5.526893335525592	2.769765992082862	1.5257953998974483	0.5999347988377666	0.9942512733433669	0.7312133813664016	1.6120943808953097	0
0.36241841856579815	4.638962731722841	0.8581106198076925	1.0370205326614688	0.32492727788168374	0.662827138648991	0.42295132911543964	1.002174807031104	1
0.9077342291910343	6.307177434634917	1.6684612528835612	2.0637947668536434	0.5351123003169391	1.0070085647950289	1.4186647411503415	1.8583115867190922	0
0.13708880751419625	4.920566156007387	0.5952255939991173	1.0140705867915283	0.16816346906866403	0.6161419384469683	0.28842179878678065	1.7828196276585808	1
2.0145429557267085	6.319357947661229	2.393439907838086	1.6203185035303123	0.5123864051128498	1.2376493306853198	1.2806282432148985	1.7438114503547093	0
1.627159945421717	7.0143142262338625	3.2992089519044128	2.7277286376805057	0.8444939330544694	1.2313642109178486	1.0268298155724107	2.5364390822464298	1
1.128785788675657	7.102834937320945	3.0849969433049607	2.7063487544624527	1.598114038702657	2.614047166611091	2.1651604170823737	2.96518543336367	0
0.8759269656845939	5.6123292472390665	1.7038749839175347	1.1483543805629237	0.37485468644202685	1.0080309104368712	0.8033011890518376	1.3894394102639636	1
0.05226981743368125	3.8540484939652204	0.36960992519917657	0.7918153523566466	0.38797979376714486	1.269760544863939	0.015529786208290926	0.435379834056367	0
1.0810930524491718	5.5902837482263585	2.1945320668921724	1.8556884296212184	0.6906440503418269	1.4770030612453526	0.7765687886990179	1.7553547873342552	1
0.3249995332611283	5.443671469691742	1.4121813820717373	0.7582792754977274	0.30750675832819785	1.2781522025001875	0.3935409638997595	0.8032564032399754	0
2.623552027007242	6.341267533137838	1.733936128490853	2.2873699271875654	0.9617611059189125	1.7894568201653795	3.4535367953427287	2.132366004987723	1
3.6860128493256354	8.034669463811332	4.673360468820249	2.712712648316454	0.6326484883140493	0.8524133254853945	5.727080293836124	3.674562453219143	0
0.29539723390660744	5.3069846964895895	1.989940704918633	1.2985554468118838	0.19430776763174185	0.828289774502239	0.8020015854720274	1.330490911254454	1
0.06780443223936851	4.936775598811589	0.7567321221850559	0.7052239617853947	0.31742047021556946	0.5679807042670504	0.26094787724914414	1.225127458398333	0
0.7182299609274083	6.486590117501101	0.7251302264129961	2.254895822618605	1.3817842056420044	2.664613680574482	0.19309662996191315	2.7156876282314215	1
2.7212756908153515	7.256850227202443	2.7446970919943756	2.61400322312241	0.6342460726397844	0.8862438105218584	4.56699884205429	3.8820234860850853	0
1.137897102331012	5.127781682691455	1.8343558885250986	1.205461695377355	0.21477261256444743	0.6793879550685346	2.1745471551073408	1.7265807432030607	1
0.10106630873480293	3.9041420319772704	1.0964432713832697	0.9068866517988611	0.5816456250342428	1.2606461005153426	0.1253631229566722	0.3119233636998002	0
0.4142926967108435	4.392309830913299	1.1529426332131572	1.0551479172540255	0.26338681840404604	0.5561641235039723	0.8547556957563583	0.8626789624255059	1
0.4670430009076004	5.462192750645158	1.512420275754587	1.3754861624032872	0.7929472656371224	2.207900717333454	0.17289392264439374	0.8565831894118707	0
0.4710967815369939	6.40255430716206	1.9696266756726293	2.7194054851403444	1.2214197179296566	2.3274630542599484	0.9476343481540853	2.7525645704088535	1
2.2799610893560995	6.084454992954216	3.304565328568169	2.08986205900772	0.48686689181933185	0.9904701300484066	2.0737503776845454	1.9225830323224111	0
0.7626266003297486	6.116510697924557	2.807473124093283	2.2925347571405443	1.0669496081592682	2.1072998698082324	1.1199170551619388	1.6528996198446362	1
0.10050575033163935	5.357656456540045	0.9762186404540429	0.8247016203002467	0.2833351382080842	0.8803733566873551	0.5443687112010424	1.2067489472726878	0
1.0952064955332768	6.539322047964738	2.1721004827820036	2.586778587427466	1.2955487478131456	2.2794802192789487	0.9776115818557389	2.7509819684857226	1
0.3652887384606444	6.166896802065533	1.7288551675816584	1.8115784362600216	0.6178092215131533	0.884511065338129	0.40806838331160655	2.027608628039791	0
1.122979645116404	6.257756281267272	2.3421999592280254	1.6041841354855524	0.3778335142736052	1.3102768746959748	0.7114781372446687	1.6105173296536646	1
1.1638693016286021	6.939745298176492	1.5625768862807772	2.4732304137502825	1.5401950096919395	2.6937484163913505	0.4337480158362176	2.734724588516397	0
0.4891749298461682	4.693281790838349	1.3414277397797836	1.149146962042157	0.26450044275159856	0.5665857270919795	0.897107912457381	1.5656532000630785	1
0.36216783037832756	5.114487673087467	1.0913526679388494	1.2955761221989344	0.45923965497451746	1.121742706056964	0.09576462198437934	1.1038319757022699	0
2.4509619937350626	6.9728307809197085	2.2373423239321086	1.7812039552885384	0.3020582383962881	0.5475489903744223	4.532872574142818	2.8932675610081904	1
0.030444817381171472	3.9793844134687175	0.4908535021064529	0.5560895781588645	0.4729555181316193	1.234395311137183	0.056343470752906494	0.4632810834849088	0
3.5157515062877858	7.7708083431890405	4.7382682347327165	2.661964376906856	1.056157016631545	1.613131084271718	3.5543933201546314	4.1595172572289085	1
1.6054700508727149	5.507851934294069	2.0600293381583743	1.3838413549588238	0.36974811641458105	1.089975095272446	1.7361939037783463	2.4148864650811905	0
0.021926840145943562	3.8388822576697543	0.3448017355409289	0.7107906157325405	0.2630332714016699	0.5315043377743474	0.06735392915440211	0.5554126815318429	1
1.6292797546476396	5.458447845968466	2.280973230017585	1.649831014993346	0.22170251351780554	0.5937576916766131	1.1838415230289463	1.2039028018758215	0
1.1413205031564795	6.770471712893721	2.2587690374096105	2.8589269560527035	1.1311117467586964	2.3168528231250547	0.7253239122551665	2.3026450911941176	1
0.6407848939511217	5.677821040785782	0.5998634461275684	0.8782565145562214	0.43127579460788057	0.8581954086834431	3.8854777778058076	2.0265680520727676	0
1.0165703616644934	5.836967765727824	2.699157444153898	2.1454867397095185	0.46099441790064466	1.4535557344286938	0.5695151981145031	1.5776995366468878	1
0.9519281094652865	7.086983305742387	0.9180891138155345	1.5980938107334433	0.7913169043321887	2.243959721344496	2.972361287230751	3.1200008988993284	0
4.1571941579277105	7.621697388461766	3.496568165690613	3.052641767527071	0.917609861440053	1.0339670951745783	4.980128662806644	3.3650450229576765	1
3.274741848375866	8.278801145483472	3.4601453044864816	2.7022735483247557	0.44246540925226285	0.5699564245047364	5.997392442367715	3.970914361300756	0
0.8954347499947777	5.5056509970943335	1.6430660934140844	1.3183366679366635	0.28366652090540867	0.6201301515728077	1.3959971365812758	1.7704507082818035	1
1.1948008704432256	7.005158539491223	1.9890517369518312	2.5371986120074554	1.3407476811639112	2.051427795224637	1.7466749307391853	3.1151584030365287	0
1.5429347960758213	6.726081232508121	3.060770669733213	2.4889899683506362	1.068118716331768	2.6042070521795124	1.3500970728080028	3.249292511448908	1
1.0575472090495102	5.870695087774279	1.409766717305033	1.9267127671326232	0.4319772026482749	0.842170451952385	0.5299574378820164	1.7615751380507396	0
0.9922512726767	5.692402635876602	0.23007944231532215	0.8792947421874291	0.14829068641214227	0.8180602922587419	4.00539130099513	1.4727013888606295	1
0.04797935936556049	3.5610830137402707	0.2839827383451765	0.6606601452255292	0.43654379034542845	1.6486586255873816	0.03942549987535682	0.26359427692269105	0
0.3822988300763249	5.587046016146848	1.5095954774601794	1.3754103445178119	0.21739908340665068	1.0106914072956394	0.3004674895581796	1.4911722603371353	1
0.9045015112991786	6.389263847850887	0.26224887319478957	1.9070059572324416	0.6491064698593512	2.435663883209549	3.9019181226324418	3.2652783790593136	0
1.547839066215143	5.3915431026810445	0.407675995627545	1.3737662105426203	0.2678491946980608	0.6175342303407939	3.83878972754091	1.463093352089563	1
1.422481631881603	6.210666942259003	1.8385158205698282	1.6588564505638277	0.32173561257663263	1.377304069281758	4.4787051959988435	2.2676933961139354	0
0.2503306111581738	4.9258490759670135	1.5136756304469834	1.655977927868996	0.4934576702448408	0.5252017897104977	0.2660191158155213	1.6188534468437932	1
0.48520623184829914	5.533606856405802	1.0624322812133526	2.0854360387275044	1.0486163979024201	1.128688756250579	0.509320491622686	1.9525878038085538	0
1.7977912414597739	6.741396988561641	3.1512049363194765	2.0917035549707204	1.1661774748305336	2.1252391373413366	4.192062447237177	1.9250950093413932	1
0.10870192692019087	4.405707760273964	0.7078387293029352	0.671361588488023	0.2449050430957225	0.9598864759918011	0.09834194299867974	0.7521233856602426	0
2.4938168359177566	6.7679172987161715	3.3555233572820757	2.1970245573335525	0.3962023408289793	0.3775593388544556	2.409392561310783	2.8334662532484605	1
0.9851822648932042	5.919701592480918	2.7783036111098847	2.193930268164534	0.6467785820323323	1.368308582354414	0.752971482205611	1.579287935483217	0
1.877493642050683	6.573178365101496	2.2608251587458144	1.3626162337653134	0.21656193994865539	0.2566324845412728	2.3262039585926795	2.6382927516857464	1
1.377959724329833	6.062814039581099	2.052224495386283	2.611392447060775	0.9169705007789123	1.9559877702508521	1.239532979724487	2.2842174356358607	0
2.0468666957476573	6.295318398590877	2.188060492865896	1.3605662125471594	0.353631316801274	0.38645216892623374	3.115783845246763	1.9556199983784257	1
1.6490623902173178	6.144885818124157	2.3052016667771995	2.2158500414593845	1.1922847645307448	2.094170042834283	3.5800295241918416	1.9457672817074025	0
0.4204325352299507	5.487528469157533	1.2967251702570732	1.187660478833631	0.28978486004348314	0.785042445264201	0.6688544879909007	1.4806495396010362	1
0.053953004221441093	3.9412400016878655	0.8869443070789241	0.4614483873033378	0.13571899806993498	0.4145503784356975	0.10180721013845918	0.8680244304646635	0
2.9006355709617844	6.399343240175208	3.7263775305340205	2.014929686853382	0.5731410506596795	1.006533548799982	2.4629507057685434	2.6754168104875076	1
1.0515206811342592	6.171273992858194	1.5322976552397336	1.5593649257996598	0.49663338874515417	1.2255385822404965	1.2208594194823597	1.7895236382864788	0
0.3353144237573619	4.853419142730765	1.2188811210590544	0.9749746482099314	0.2967062319663974	0.8954347499947777	0.6012456845862753	1.1686357400362506	1
0.30605721078198334	6.765202861851226	1.3043790679186236	2.3559552292517467	1.374727724748425	2.24855120450156	0.2950101563373857	2.7906803277491603	0
0.3551187336714259	4.9606926660954205	1.3060599684092846	0.9360933591703348	0.22396721201258674	0.6198665583655306	1.178439588527664	1.255701503910885	1
1.6289659922416457	6.467970428320398	2.946715333672891	2.2083513336412994	1.147561170399973	2.2539199210127645	0.609221945622184	2.050257294283867	0
1.7641655686356161	6.490968572763461	2.4971316194105695	1.834307972474011	0.22563644147989914	0.6416433376928297	2.8446942443995122	2.6201729948451216	1
0.21951296871784481	4.559106352000812	0.5563361300177097	0.8965777005641351	0.2536106787675553	0.848996417022785	0.17105836451524395	1.0347846259219442	0
0.7540541154634667	5.184098845454574	1.3172121999324469	0.8984118529868637	0.18820421995211006	0.2806121392674163	0.9166106806850751	1.1573527836907098	1
2.8529236948920556	6.952791166570904	2.472808764589864	1.88937003142582	0.2740267616287796	0.7870927934024732	4.999645122796353	2.0684690636121457	0
0.6366667721165012	5.178347879848699	1.1912522399165557	1.0896724470986354	0.3183955476077251	1.3662191966888395	2.1145432062651848	1.6937606783459525	1
0.3691191920962932	5.6548369484187075	1.58095612999845	1.0236013448555952	0.4172487409341962	0.9037322026267592	0.7526888632682612	1.3845678715941896	0
0.5607009132596392	5.168388619453071	1.46355628291282	1.2090498940662187	0.34239040395643855	0.7169613586592002	3.161000919115096	1.9459387200757292	1
2.3790274811344405	6.430544782542957	3.2929512250628905	2.4443450380318774	1.263052704261852	1.1761595776804523	3.994553692435796	2.9336015180874844	0
1.087719847501686	5.736533587052533	1.5111633431657598	1.6666118817086182	0.3243490468189023	0.8158514205353968	0.8505354708086882	0.9149298062348136	1
0.3048488760736463	5.191165803477489	1.5409449159887998	1.0908488980502757	0.2147968140173423	1.1857986503470257	0.264293172159099	0.9460048618575465	0
0.4164512059997711	5.48620838505686	1.713743872243316	1.2443274896742664	0.4476941123258745	0.6342195555296173	0.49573229031833554	1.6461747741500736	1
0.17625318139234802	4.939736321437845	1.203122442871097	1.0568871086207956	0.3475040192696375	0.9772353025015099	0.5701147659911021	1.1522162447529012	0
2.6225068369633364	7.568276215006101	3.7284702910706438	2.712440549403503	0.5606267053576053	0.9372691382593468	4.299791107862175	3.1268175518788164	1
0.2577845628553761	5.184106692403204	1.1101784750394739	0.8613698129743983	0.24098346944254073	0.580051268159227	0.9982024610690712	1.4557271358352273	0
2.4302568514452436	6.30225224183958	2.9008335091067607	1.8088951446747417	0.6905337685717928	2.534482219731268	3.428922789051641	2.4676163639175157	1
0.5010722135226866	5.3974271369387985	0.9176498079117861	2.372903751902999	1.827512638933873	2.5040391179371704	0.2761306104720123	1.4776421555791661	0
1.065434612862096	5.995534503587504	0.8068775708869679	1.6439552744596608	0.45148317960835654	0.11131773613195298	1.5676154175802617	1.457917104792858	1
0.5986826430993245	6.355118282533801	1.4343461575248284	1.2852854744864073	0.7608992826107638	1.9361195197348908	1.1124494454561313	2.21483526159588	0
2.5432463101259604	6.788843806880767	2.95427987203566	1.969026607274738	0.7416039558281396	1.340328953566262	2.751754437968499	2.7478797032648257	1
2.0970112857898955	5.47372591681236	2.015942480116927	1.2325894152718142	0.3074111676327763	0.7634658394688982	4.306909692142235	1.0388268979320714	0
0.5488090333132313	5.01394647275528	1.4795797651758738	1.6575421271082469	0.3599097064486617	0.7848143690857692	0.5180613824105537	1.6309058190493413	1
0.5924148273058027	5.508973675769259	1.099811569243592	1.8182391020324338	1.2250393384376363	2.7320140929555565	0.14747990819318627	2.137179648576404	0
1.3656578862694482	7.195521997851309	4.3161004845577144	2.2110726924879383	0.4116260902216371	0.37297635107143234	2.9152052819672614	3.04664874695343	1
0.501605246431917	5.794091990136111	0.5715500053121405	1.5963121452151725	0.948525562007513	2.47881312189944	0.435036855249742	2.071799918708489	0
2.5518563242576957	7.010431805962677	3.635773992426831	2.268148915672918	0.4840791033502816	0.6943963999603772	3.5223849855637326	2.895503014895006	1
0.46292866057377213	5.426752357048919	1.4541866271628092	1.027510051174961	0.4072102511265545	0.838285946226184	1.6877313988040072	1.5465407102619877	0
1.9583044499608302	5.874299632875184	2.473103937668849	1.3539002933088866	0.13951843446864529	0.21648140844065938	3.196405241740832	2.204740704794445	1
0.8953939061611697	6.591193369739595	0.48555704533913707	2.4611090532179376	1.1991813435898053	2.450642963584008	0.8765514843051377	2.2211038511261623	0
2.1722371990844964	7.484097145759855	3.0367302525880633	2.4890978544064684	0.7517462228628812	1.169101817382454	2.540759118660319	3.3900825063235334	1
0.5748871561625175	6.396558252921518	1.7337065377794378	2.634683492606225	1.2076759392503171	2.432208860787551	0.29538234907796884	3.0391030172518043	0
0.14280946786154036	5.483978341274039	1.3849434490489343	1.1969784004129764	0.25026053980214746	0.9030433717885257	0.4630167779461691	1.5147315502951917	1
2.35447520924799	7.352451933518236	3.183323255840721	1.9728997730618067	0.5054793579210707	0.8486112831840174	4.195811507763915	2.4271097968950865	0
0.8748435419599817	6.248374154252059	2.4583059679908215	1.5215461480171633	0.4394284356534552	1.2914890538459787	0.6787236598942211	1.8343718600319308	1
0.8077696713966428	5.6674866797559575	1.481422706211468	1.2748039850865276	0.4329894798390837	0.5855786735266927	1.978805957045088	1.7449997423250292	0
2.502001365633136	6.554696787787944	3.8246115484171765	2.6684982330900957	0.9695281352565722	0.9742577076286874	1.4897079828089723	2.8238817041272832	1
0.1883616122112211	4.945985833471794	0.7770746404952313	0.6386698752166888	0.3468043899033093	0.7544774357115512	0.19283278641960216	1.0614986873280086	0
4.252219726111129	7.5952944640892985	3.8591642758597495	2.2321411692397795	0.8221998084745596	0.5455110681175106	5.266100429594595	3.0483152359621193	1
2.213393158497803	6.600329169517733	2.1457207344691036	2.12766011395031	0.7438402948754634	1.1901882321553192	1.4675286662514073	3.1354724765624167	0
0.021576543172723797	3.885184041071917	0.4087995426970367	0.7813869694093535	0.253540836881796	1.138057335631039	0.03300528348064388	0.38396904776327756	1
0.465198352373488	4.8299979182730075	0.9439058989071285	1.9087866637529294	0.9926960630765604	1.8666504680696812	0.08216783261050614	1.1075059558382294	0
0.709118950069644	5.24687300811931	1.101807179564629	1.4775508813914429	0.4358779145163597	1.2292311105400306	0.9504215905903007	2.049562063027107	1
1.621564092231941	6.3779313243868305	1.484033407021186	2.011751392709886	1.306736952336463	2.9386220938448755	2.5399313073067207	2.1599610587386313	0
2.7232015048695537	7.147044347136062	2.3566091554382558	2.117146683858485	0.6554920412561319	0.6899520816634045	4.628340665111106	2.44574126843722	1
0.03512387100561205	3.855668503658398	0.1456057038572955	0.6045563751114182	0.7536306159394559	1.9987194366014733	0.08180484650225513	0.6643309525419049	0
1.3682831283180388	6.134073519799972	1.452877665263043	0.9417245331309652	0.18763242911253122	0.5950766946134658	2.2444261788205138	2.293514075431608	1
0.07413204329258107	4.222010453041211	0.5314631965158304	1.0198576399792045	0.48700208342291007	1.830723739246196	0.020505321525221176	0.8667642967237535	0
0.4386484018983972	4.762841233471986	1.2990465925556105	0.8061633170286486	0.29353491112701613	0.891670116691908	1.5824777308513172	1.05347544299658	1
2.040505787921769	5.792575402629927	3.002668164555103	1.5110309425212165	0.39956775284208035	1.0504369354636782	1.1677029331529036	1.3234876728270781	0
0.34314279603077275	4.189606256002512	0.9582384924819115	1.1383777252275258	0.3398166378716026	0.39173798748816374	0.16165105300189414	0.918887357721421	1
0.6393665848752982	5.7467726769143015	1.3597963698136624	0.8538194059488439	0.29564280159708684	0.6851754909045733	1.4787595887919842	1.7703315218144344	0
0.9950649430383804	6.469118059988211	2.052866533494037	1.8803196462075353	0.9100311817030108	1.1224264667673645	1.922041839490977	1.6702883910958988	1
2.3887994858094768	7.188296113382544	4.049075192774565	2.7332825054311667	0.9332265085803574	1.041371518495795	3.112612679740713	3.051866830097561	0
1.6860840891908273	4.749993212486859	2.3743381516571445	1.5980938107334433	0.35726177172162343	0.4234949230706999	0.47976829930064774	0.9262410627273231	1
0.020484747540436332	4.052212682398775	0.48875791310426203	0.7493857270071347	0.3014592300699101	1.104229814118816	0.14672892086856654	0.7422706225194976	0
1.1314988810023288	7.4686598931669455	3.3480180993906736	2.5504056470206957	1.2648326925826985	1.8161593560515903	2.2492054130908046	3.295592391678472	1
2.167738550224279	7.755047467924687	3.301741620798592	2.7088898484996538	1.2737973298927445	1.9927528398976888	3.293764349454454	3.795194763810829	0
0.24885808059419878	4.056183953626036	0.5192163231845097	1.2280603558549963	0.38880035253908235	0.9674020096976959	0.10938341294471861	1.215950781085343	1
0.053054392743109045	5.111766679576449	1.0585885865387898	0.731068973558502	0.5045982740102346	1.1744616009515476	0.1889992115471952	0.8772588009003968	0
1.2908566731867497	5.365850773534604	2.228066267220764	1.713635752446476	0.5944477637751244	0.7840841755520473	2.4222862878063327	1.9390437722094644	1
1.3517287959325766	6.189094578979971	2.0413631757993853	2.1383941782723723	0.8408341584587107	1.7927922690400047	0.5614940229471951	1.0989122436771077	0
2.6840306952579898	6.988442794107274	3.556113482765509	2.0636296906324985	0.4297543873380502	0.896169653877933	4.089718880232008	3.14588353779866	1
0.009040412052093659	3.739776920171789	0.39598699907405405	0.8253589528684497	0.43200317127817145	1.0354239667123517	0.06589073148893458	0.5591642574394411	0
1.1100466662937727	6.421215030425086	2.3368125915432727	2.9404203891229037	1.2631658136387398	2.078416016008096	0.5202451206824444	2.065444032035982	1
0.20410751011581185	4.752278123825874	1.1662086299049188	0.6794690601249725	0.276631236264696	1.216543461499788	0.14966061455439347	0.9300752868447717	0
0.5035532439988827	5.549186973688465	1.3733610857079914	0.819515479374752	0.22369539901825217	0.1338750835560276	1.3483588217768536	1.7665613122049615	1
0.537200722621251	6.854571039990469	2.1644947527133005	2.718633994641855	1.7035837783243295	2.4057101117896837	1.268045592026525	2.8549748358377287	0
1.5151931648552381	6.4689524429784075	2.065596134857783	1.0800069443425404	0.1750619360646944	0.25699603511941616	2.110019242143974	2.919979102648823	1
0.21321442023632478	4.754927227908646	0.6975873085859664	0.6905889109770683	0.398299496323253	0.9512717007694006	0.2592054344592318	0.9248539625346429	0
1.972371231823287	6.096704580508113	2.4285831814017116	1.8775242361888484	0.3769764663738773	0.6980849695895691	2.2900063107871858	1.7491824633536808	1
1.1725440548222756	7.498599210123979	2.7817342738994837	2.4732388449203184	0.7436026240484385	0.6389127230842527	1.9841001113872196	2.477143259170166	0
2.184814557259538	6.622977651211053	2.5040145914015017	1.8360633947845795	0.8747601530339826	2.050887734261775	2.5713901096761376	2.8355459156123857	1
1.4214442999026906	6.817833744315637	2.361269009329822	2.5875610071000956	0.8222437538943552	0.7887300504536751	1.724639842122784	2.3365999715813235	0
1.1917078969058639	6.9772225712470854	3.409906017839056	2.8296894955296565	1.2554735771883392	2.2901379476922883	0.8730491458351325	3.288121997605015	1
2.8068331317996473	7.026664080726022	3.3469347709342325	2.046375847474501	0.40996165016005476	0.4609502709923401	3.012923651366568	3.0404905108957645	0
2.6768622057793774	7.03149432014909	2.8571711099553494	2.402041211957545	1.250732336728943	2.1516575466203562	1.4733890679708244	2.7302290878236515	1
2.1310135472238234	7.903445336219194	3.4717863121024437	2.7102211761629116	1.1641190908702292	2.0864419813245805	3.8080260042063103	3.4986930503328346	0
1.4182774069729414	6.877336689229218	0.6068646288217475	1.7063286606636148	0.26946972998211327	1.744807614332263	4.748000459694688	3.047465721059944	1
0.528915019613032	5.243828973263946	1.3994573476461716	1.1440954032705217	0.30847685445848433	0.8054485526470904	0.3613947879304453	0.7638851950652871	0
0.8857490467614565	6.2238504559490995	2.1833622713430705	2.106144327639208	0.7107906157325405	0.8384156731511891	0.8326917079978415	1.6973022588751683	1
0.9378956556265393	5.560427752637294	1.9966440012699835	1.1774542757651272	0.21776913497675487	0.34160902072636534	1.7709273121479123	1.015049503897419	0
1.3399362371417411	7.216383295482578	1.6815725101932995	2.4541467098025826	1.2876887573657685	1.3435695156598937	1.4946105046033493	2.7592691593935683	1
0.2450224530326516	5.099075871514451	0.9093063980997103	0.5158609253305301	0.22348749215977556	0.13238698804332566	0.5341104165746766	1.1870809366557178	0
2.004367718626882	6.956258830653559	2.137144251808125	2.691134602325765	1.569344818867656	2.193785336588707	2.434139532734347	3.1209630612788613	1
2.1548040836744646	6.020356865162352	2.6605252362304994	1.2856725998092378	0.3169325747465959	0.533864186242546	2.001020435166825	1.6828556464282625	0
0.8653342228733022	7.306467302925668	2.6536221740086	2.301374360352989	1.0789536510049254	2.0560321678862614	2.1546533686473115	3.18140238434465	1
0.244654522481263	4.871469773826068	1.017908251253147	0.5899066383917392	0.22140604272001058	0.5808235899759715	0.28591551300406065	0.5908098681921232	0
3.5858966649781805	7.977016199892682	4.454978492356166	3.580536718276904	1.1786857650990523	1.4270043493676774	4.094899408266562	2.594635112062512	1
0.12240345616596852	4.676557388774774	1.0288333940601933	1.0474242518986765	0.3933857792128031	0.9845846925131435	0.2670455976013385	0.9716875950944429	0
1.9364368472628317	7.180893754165569	3.602779479852453	2.428389206952829	0.43425986449569093	1.1948916955897435	2.094034543982736	2.627830255500738	1
0.599907356090197	6.014792326297807	1.9131803244323944	1.9584032133027798	0.7050757514252192	2.014769678319252	0.429415982263951	1.665988363724487	0
0.0986591113225667	4.912507080695778	0.49926505717883546	0.7350086346548628	0.24797664184197185	1.0764007623028897	0.6999241648389692	0.8261034078085707	1
0.040276885975584605	3.652337350281415	0.2600847452596766	0.9580466901144824	0.30100048731296014	1.0704528402075364	0.1028724229206292	0.3755761847159618	0
2.6833680884567137	6.304679854338034	3.5892497084031856	2.1146880218669057	0.34811844125561153	1.2823772477001176	2.54970295019764	1.8699389036240455	1
0.9401634962857113	7.372415030111486	2.638185521129224	2.7130642762579122	1.1352977394759622	2.167807209536797	1.179885008796846	3.813803597921686	0
0.436996074387512	4.692091642268308	1.3548810904141473	0.6870335302263062	0.1402400889144459	0.4215221674228308	0.4828519844895193	1.4108650150540953	1
0.18453577027965323	4.383584171084059	0.515353358089368	0.8831888603690381	0.24732871810256474	0.7396012849318295	0.2773135041495228	0.8026740050871876	0
3.109676840595469	8.351441701644227	4.035139349234832	2.650096176730475	0.4247447228401206	1.32183583678249	5.3214541352944815	3.6728288292452356	1
0.3901077857871223	6.5728837605277395	2.2755427218821622	2.6085465744102367	1.1669560606466598	1.7120125511377995	0.8271534604076791	2.8504290063581177	0
1.361694244251658	7.227901540598863	3.109168095978751	2.4158334179293837	1.0478451716144563	2.428362752976133	0.9557037342309902	3.210335459546299	1
1.7384114337261307	6.9598921224820725	3.2018191838982077	2.151738947175088	0.7277418253244445	1.6974487897568136	2.217571718667089	2.84979857501232	0
1.0930971079799996	8.034658446675667	3.6016998811619767	2.0139425594471403	0.5713071765250066	1.06398633674688	4.490267622784789	3.8704152856399565	1
0.36421941272826486	4.273817621451771	0.989987190796492	0.7762927616466142	0.1915950910151759	0.5679693708317161	0.6058448521571487	0.8086609767722854	0
3.7952891691695276	6.654351984824907	4.401189351388598	2.4677011470423333	0.7474459539673242	0.27812403963967314	1.900045700802085	2.9699476899802573	1
0.296579869387392	4.60760521888764	0.7896838806079748	1.3812566933525519	0.5216646685068506	1.0759575981033036	0.14465430306419624	1.393269974856316	0
0.8326047287858181	5.547634579499293	2.762696202215535	1.7058565685605738	0.7495747718585888	1.6844526162395461	0.6059048678157977	1.3983464421440321	1
2.929539050819192	6.877841180630404	3.9217376649486506	2.4699537435607852	0.7801960568464675	0.8390640554601001	2.3334731085274405	2.523694576995261	0
1.4848039627659577	6.734469060305716	2.5952770947659585	1.7527760612490069	0.4004592664296783	0.7084790445569269	2.19642425716545	2.093874385302101	1
0.44897787923985233	4.851863843822561	1.4103770316358477	1.0382605462833625	0.3645806116347029	0.8514321595256585	0.10783146035799666	0.2684533804232417	0
0.5913248426070612	5.526737770752543	1.8872363018117007	1.1161574678838586	0.26198727033721	0.5101734111215562	1.7993307347243732	1.6707211408509988	1
0.274186414346446	4.900302436811872	1.2010485328086893	0.6194468176299878	0.23997706928211712	0.504362784538243	0.4170181143867406	1.0407006500491165	0
0.8968224486787568	6.490075524893115	1.3536936870738085	2.6449115885241365	1.3821357259710316	2.877376573956909	0.45383613683355906	2.5659719113980914	1
1.6765917606204903	5.707842886681327	1.7852550278058525	2.0866653867691554	0.8198238833864486	1.7518051537210222	3.24627696121614	2.616219959283921	0
1.8402003660615451	6.130861205383723	2.0768882848921186	1.1257409560563623	0.11455115207564333	0.5199657254820632	3.272431757558007	1.736158665213257	1
0.8835609072512363	6.022059947817972	2.13740379901768	1.8421515242880846	0.6072460960583381	1.8586857623677415	1.3573288828268755	1.3436999634874702	0
1.7681154733136573	7.234034168081166	2.677769671811678	1.9573304032848644	0.4999143113178829	0.34986078016856	3.147457156370478	2.521294829462306	1
0.4108903647532291	5.184599245420747	0.6333918682844581	1.3625138324544872	0.8875619850412831	2.244701710545496	0.2348112185818823	1.2821275771252718	0
3.467075629964382	7.435818891226628	3.5246266694164166	2.6807954757689885	0.7726051018946608	1.5032548363439584	3.6734789731378634	3.134811374150106	1
0.603534240619953	6.336695811202786	1.7790962952746576	2.5237186255733897	1.5651306848721245	1.545325966966856	0.47604782623004677	2.6169796878636102	0
0.49068209837065624	6.582508678478411	2.888709265610257	2.862132307149769	1.179823544092933	2.481559387283517	2.630081452399319	2.841718251055361	1
0.4668737362368079	5.658153807683779	1.5138296882189524	1.7143383222594701	0.42378951919790964	1.340198065226917	0.5974454240994876	1.6763673231160412	0
1.3688429675061347	6.7070485050913895	2.4781169854285845	1.8918762605628276	0.5829304481009461	0.8250522514398839	2.017020776513266	1.892539510511772	1
0.722803065467456	6.80897948085393	2.766664961362126	2.50483181859527	1.1626506847639986	2.463214738919013	1.808026441691927	2.422570146872214	0
0.34003018532265755	5.111481033471949	0.7165218518763958	0.8877677929409168	0.23254719810940988	0.7906368018372024	3.39962614792067	0.8587463612095112	1
1.1534160807087837	5.890242124388025	2.0272531099342497	0.9713847941837265	0.21683569857577473	0.20687594845013907	1.7055114371801645	1.0498071243861766	0
3.5367766759039783	7.443950066913667	4.29706905628622	3.1623012405666153	0.6849587466543781	0.10046957448082477	2.476008848164889	2.8651679035328743	1
0.2602235131551759	5.460554831438365	1.1672362032099288	0.9055532913314138	0.2419260506135768	0.6816817024506671	0.7706173513268443	1.2366626221485935	0
1.1515841734342154	5.046453430172352	2.6884187591529827	1.7836096830876016	0.5798496947662322	0.5447805740159427	0.9259241808423931	1.692049625079043	1
0.2507976280960256	4.631372877347582	0.3733550541899307	0.8931039848988195	0.2841031758345017	0.6014101095924005	0.20754248508555864	1.432175536376079	0
0.829817391934811	5.883488391422121	1.6755252335615218	1.4821725613882242	0.1998012266745998	0.7251302264129961	1.8530583734689143	2.2519442173140662	1
0.16124261535528384	4.816620841063581	0.6563846436143662	0.886820725690124	0.38031822568620843	0.9304302954278743	0.24033099729685414	0.674137638688364	0
1.2119409739751128	6.449215290403991	2.463368016505021	1.766783483157878	1.0104001911019609	2.1046584070695937	2.6453801554987386	1.5129270120532565	1
1.0356014888587055	6.158766158826107	3.0771233026028204	2.419247500981726	0.8848826207144748	2.11461561668749	0.8607780219438964	1.966062855122791	0
0.723918839226699	5.894396222672746	2.187365020140776	1.4221681333560958	0.8032116154222543	1.377657167724227	0.6566699007496738	1.176652993670973	1
0.08235572289786777	4.4691660243028775	0.5317335223776712	0.8253151441373626	0.42869323422737154	0.8547131561413354	0.13666148875842976	0.6674754638034871	0
0.1904302588960261	4.974256884435334	1.0144332604255037	1.056365668739688	0.2295231582782488	0.4672247717952996	0.2944516073586005	1.9149795491866475	1
0.048743496413842645	4.422733022511942	0.669402493546129	0.8598050328872928	0.2894330386154265	0.6038732459160565	0.4869775044907407	0.7404600636105627	0
2.1372386404060526	6.7808202538382965	2.6019560830906325	2.3970312632859914	0.8452672286207785	0.7034934726140896	3.0546519133024366	2.015929160547149	1
1.5237928743055242	4.943633296646626	0.6726536146206269	1.1052899434213501	0.32919582765043676	0.8245701019203636	3.3687981492154777	1.7281272039831994	0
3.0897142990244224	8.239038020249984	3.9053145540006926	2.2322591905588585	0.9397728560213585	0.7816615940906841	5.497031740569749	4.339732202482475	1
1.5745358604248354	5.899377492450709	1.439408496769377	1.1370634750423625	0.2542390363314295	0.5881421572627771	3.860226426519448	2.3877806557236876	0
1.2966157939752108	7.441242028876226	3.100227414883439	2.837925752608982	1.42980872795085	1.7861604908275734	1.6390549654062225	2.8738696777966584	1
0.1734742007736792	5.271362835247215	1.2447883988257111	0.955280649165351	0.2983920157164755	0.4845535144271281	0.7603384301002687	0.9798662895111645	0
1.9081489417336153	7.7752179279679545	4.550551368171964	2.6768690836186355	1.175665918110401	1.7774238704606888	3.7955543555881435	4.346174043025866	1
1.2838739635204206	7.506743526798482	3.264487610004792	2.5302464237570788	1.3683849405763227	2.103524212195793	2.0496522128690837	2.526440390956506	0
1.6365860443531124	5.563376074662834	0.6369788646465342	0.7992624113486467	0.13644339861654817	0.11999392317576416	4.008103797325596	2.7472068096367317	1
0.4561772336498121	5.271547222382652	1.7651074382306284	1.2562995645037034	0.1888750357637968	0.6720767499406536	0.40000355427103135	1.0927618749899342	0
2.6228190567395493	7.359662017834998	2.7970678974198626	2.6386000822364646	0.5730057410541824	0.3392612009848596	4.2624812657701066	2.951513892838402	1
1.0651933791226647	6.877850247810273	2.146574350989888	2.5102657069215324	1.522986378702985	2.4883507121905555	0.9875317410713987	2.604598972706005	0
2.503908302795131	7.346137492135147	4.0320861064255284	2.31984527532809	0.23597290212613484	0.6013169387416559	4.897707701674079	3.2364524470405334	1
0.3974463771807877	5.300270458022577	1.4991541865292681	0.9452668401106722	0.3707080181501593	1.5183747014770985	0.2774347475002313	0.8063419283262879	0
0.9943622672943107	6.033040897030642	1.107076367080239	1.0049607325866543	0.29254274024304827	0.8057613249290797	4.709524795892319	2.126110409872001	1
1.111232320024212	5.6559827198694395	1.6188930712048555	0.8516455383806236	0.10153621232284975	0.6341718229592891	1.2250980859408842	1.4912397906413852	0
0.6879838736030652	5.607562647915189	1.3046232449753328	1.511758929229005	0.6471922433334096	1.5443445707454013	0.5752753909650475	1.7305398787862176	1
0.13506396763126846	4.97608180581815	0.46972859142630174	0.6316174617667899	0.2552931692497773	0.583839998159605	0.27276384701957157	0.9057150055019704	0
0.12393297484268531	4.9410272334192324	2.8142943262621527	1.3819850895317922	0.571928248967661	1.8621713334684205	0.24050398319107225	0.8668483550602886	1
0.7756944415275108	5.74938789035387	1.5009391442757707	2.236124726293776	1.5978712760626348	2.8674556219918372	0.2773817053430701	2.1388065469829654	0
4.467969211533419	8.896907700463666	4.394296056533764	3.0730682443951927	0.9809917398100314	1.2994556964873503	4.239850843809158	4.662779442627595	1
