0.42005154030308484	6.491997078284712	2.605773813517224	2.2518600581690733	1.2695638963163975	1.867964051481788	1.0233857424256394	2.7709373594905506	0
0.04583437154378591	4.078704559171824	0.244027946229933	0.6948457371955268	0.3014074470702573	0.5617677565035055	0.060132265334754596	0.28516390452661167	1
0.41989384476028535	5.690412831277864	0.8947810483862728	1.7644739145336326	1.2477504266718238	2.314088672377461	0.2626949790061782	0.9234649356221554	0
1.1564408482805821	6.244649502639269	2.8133527150779716	2.4389325168780496	0.6761993743813892	1.2578073669543415	0.6631826960404722	2.62224536867214	1
2.7212756908153515	7.256850227202443	2.7446970919943756	2.61400322312241	0.6342460726397844	0.8862438105218584	4.56699884205429	3.8820234860850853	0
2.2927670533900044	7.063197210499278	3.574999416840368	2.1616319414108314	0.7588412837553077	0.9919175499971467	2.533252270718282	2.759250157800601	1
0.20002230348331487	4.779368841162495	1.039286822583295	1.0253962263368506	0.3325144147668689	0.9411784473819341	0.21213113664965313	1.0924936076599325	0
0.023169502026642384	4.294136235093434	1.1284299570772918	0.8633961561196307	0.35529399086180075	0.9486417487584813	0.11082555508888461	0.7571074095188223	1
0.24138417500395987	4.645411531964604	1.1589545176742715	1.0626050733621075	0.30319610509311923	0.7346249600062542	0.15465055486890947	1.0350333070252382	0
0.0701135765956515	4.552033087574963	0.606581158930348	0.817795485125056	0.3415805952827488	0.8578138021151792	0.20431948507094935	0.7882300618066373	1
1.7104409480504665	6.359687011060464	2.3807583620478905	1.4669061376122787	0.34970571518192306	0.4549280617769926	2.099721995974981	2.269131716734826	0
0.7711262218765339	4.986445055295038	0.8789626266081558	0.927982120463739	0.3546278500711059	0.6447759286345256	2.7741624832280727	0.5039037225870202	1
1.3713583725039091	5.4127258258321	2.6025044831103052	1.3037276374629283	0.12439225766298283	0.37348584558129017	1.258233691052373	0.9969486348916096	0
0.9834632809123693	7.32755955474241	3.110122894807372	2.546456333798516	1.326889307827351	2.8119176026197	3.588476075967086	3.921911948258494	1
0.6423958445495772	5.940324135770065	0.39175826371800226	2.404347141929583	1.3091703066978186	1.7867804276808912	0.5711151306141469	1.6570082853415171	0
0.9887602195879249	6.382355296672784	2.1685392823649807	1.4523863624819793	0.8403595602403319	2.8128005306343415	0.7173518692567629	1.6938893489035494	1
0.28581032181898497	6.048383723999721	1.0540332452701424	1.8882356356723493	2.2233037620663265	3.7711435388553616	0.5751853789258766	2.5957322048768847	0
0.34003018532265755	5.111481033471949	0.7165218518763958	0.8877677929409168	0.23254719810940988	0.7906368018372024	3.39962614792067	0.8587463612095112	1
0.7289485930233284	5.532723258940595	1.4958435918491704	2.2899860574175306	0.8022706075782995	1.4129849763729352	0.5318627828317903	2.1430968604089577	0
0.9187277599075723	7.142379712030989	3.230824158384042	2.249827569250974	0.7742201265864244	0.7426513754630342	1.710115480187545	3.2806517836418037	1
0.1080379281879004	4.816584416985318	0.8046885552928527	0.7176446521603327	0.3014148448058104	0.7176446521603327	0.34679025093135374	1.1796391273104831	0
1.2640984781591136	5.885785925304204	2.1104555952090056	1.2311014717141886	0.26145615995768207	0.6169948123597017	1.739061680227606	1.8861904747931548	1
0.8051356825079926	5.581317998135195	2.176885806340689	1.1827389533175443	0.2766388195768594	0.35538511246364135	1.243722223843219	1.8330613485851608	0
2.6768622057793774	7.03149432014909	2.8571711099553494	2.402041211957545	1.250732336728943	2.1516575466203562	1.4733890679708244	2.7302290878236515	1
0.8248331213853203	6.076866713345568	0.9359757051905532	2.614896361391259	1.2494718443971542	1.4978133742432085	0.8506209043841353	2.4466767789216637	0
3.5858966649781805	7.977016199892682	4.454978492356166	3.580536718276904	1.1786857650990523	1.4270043493676774	4.094899408266562	2.594635112062512	1
2.6625506170308437	6.759183342322852	2.8317888004638667	2.3832706709052993	1.0356724888942357	1.2188811210590544	3.0246258060089666	2.276959545355073	0
1.1314988810023288	7.4686598931669455	3.3480180993906736	2.5504056470206957	1.2648326925826985	1.8161593560515903	2.2492054130908046	3.295592391678472	1
0.33220600633124664	5.047759580512604	1.1953456976254173	1.177176981538773	0.3158029481684355	0.8383291904044432	0.3875794422667561	1.2979821383972128	0
1.1253840391655374	6.172165416296983	1.9536515356215363	2.149247415923799	0.45438224834277885	1.181512448395753	0.7405077519197829	1.9255179194063934	1
0.3921231655702115	5.342596418553086	0.9369165496678113	1.0495270809776183	0.36609345022996787	0.9359757051905532	0.52991623293153	1.2467736396486302	0
0.835254197184775	5.21203535986684	1.6075761804861517	1.0127638715420721	0.24404361542195138	0.8404890184578732	2.4071162648413464	1.3027225166959127	1
1.826659966236111	6.2021945683832245	1.9281534274660543	1.3282414296712735	0.15732848240279004	0.4637151481296104	2.672968643148055	1.7168922345485031	0
0.42873231504651044	5.624456759881813	2.373481484969126	2.4430424456893016	0.8536490772139745	1.3946096927236045	0.21343255181900722	1.1602716690548374	1
0.3525635035390144	5.644637736438329	0.9993442870094407	1.8349307021256869	0.801867047274188	1.3727530905532233	0.31120570937332565	1.7259401281907614	0
2.813280708309304	5.92915686912177	1.98876436293257	2.737214103374552	1.742271561692326	2.428680154518195	2.012045608693285	2.629252273923429	1
0.10539551504534067	4.587980282554427	0.5847821558818203	0.8505354708086882	0.3463164798105087	0.8124401867479285	0.16126814759612232	0.7062608197053283	0
2.2277430052895837	6.752707430152433	1.9036436593731272	1.45180116332201	0.26010787457956	0.6607376187618992	4.566085223620255	2.606748105571885	1
2.9658141567667062	7.922130484201547	2.5931854032448705	2.5484524908817296	0.5575393479109059	0.7591221694834782	4.683376747437956	4.48770559962135	0
1.6860840891908273	4.749993212486859	2.3743381516571445	1.5980938107334433	0.35726177172162343	0.4234949230706999	0.47976829930064774	0.9262410627273231	1
0.5823441032184342	6.550712838953559	2.695464667817709	2.113722188156669	1.0106550099089677	0.8338651874988247	1.1917382666575935	2.4525556195703406	0
1.5151931648552381	6.4689524429784075	2.065596134857783	1.0800069443425404	0.1750619360646944	0.25699603511941616	2.110019242143974	2.919979102648823	1
0.049611731352577106	4.8641826857165436	0.3738712365169857	0.5732425208500795	0.4941534116036024	0.9213180735881804	0.09888559855191993	0.7592625827668056	0
2.8034452257919544	7.813224711219907	3.393598583786825	2.189371601052032	0.6144880985681025	1.4898432367484495	4.737904010639819	3.173815695461603	1
0.33262197673162763	6.1544340125991726	1.8335889560574499	2.669503394156456	1.7328053263843846	2.5585829811792027	0.2980729003312927	2.5250324019878123	0
0.6162877342628865	5.668416402818335	1.133013715385442	2.3423729529814605	1.5387579042463597	2.533260210723602	0.1254425156905146	2.0794540416017115	1
2.887601256933497	6.258930774400841	2.2768466837489325	1.6091378674250982	0.2707291807991187	0.2290699554383716	4.317970663756889	1.9803391806366244	0
0.0986591113225667	4.912507080695778	0.49926505717883546	0.7350086346548628	0.24797664184197185	1.0764007623028897	0.6999241648389692	0.8261034078085707	1
0.11325725418443273	5.0223016434962116	0.707296603664365	0.9028812249642212	0.3792717032255544	0.8015979165647495	0.3390118661732226	0.999896315728952	0
1.472517927868508	6.330033690824872	1.604767020784202	1.144668560426795	0.19073605539497296	0.3564779245316836	2.4111524611993382	2.060589961994474	1
0.08436596430230534	4.880816619843054	1.0748658949381091	0.6663770363945607	0.2658734845612639	0.7209082513453358	0.22173455915078968	0.7620200448463207	0
3.369235327255449	7.642531664180571	4.028259957624322	2.219323042125035	0.5856343503339763	0.42993005250767724	4.614792740356139	3.7991319843321882	1
4.0867054584248175	8.956823292496377	2.8880356980986166	3.1755465230116626	0.886614722764154	0.863733481135479	6.906571178211441	5.540344299251929	0
0.8651237452989107	5.607855471322018	1.3742217798856213	1.2526772505359745	0.3061750189609524	0.6912503827758858	0.36957537441124244	1.0505068899932624	1
0.06649254828243717	4.8853509437969365	1.3477094458043215	0.8332134244567861	0.32544740012213313	0.5820647704866433	0.23564113022417135	1.077116228323223	0
1.5786900034853197	6.9488587378875755	3.684148279738035	2.878389141125993	1.0577555713228022	1.3146909422601978	3.8347034200227026	3.745788948087016	1
0.5956831829543991	5.398190755422881	2.1989453182342857	2.1980020528016055	0.9950649430383804	1.4857323733259475	0.32330738759319766	1.2773161985501456	0
0.3822988300763249	5.587046016146848	1.5095954774601794	1.3754103445178119	0.21739908340665068	1.0106914072956394	0.3004674895581796	1.4911722603371353	1
0.8953939061611697	6.591193369739595	0.48555704533913707	2.4611090532179376	1.1991813435898053	2.450642963584008	0.8765514843051377	2.2211038511261623	0
1.1917078969058639	6.9772225712470854	3.409906017839056	2.8296894955296565	1.2554735771883392	2.2901379476922883	0.8730491458351325	3.288121997605015	1
1.0067893546812579	6.114719694525022	2.1744107542705375	2.1544678420411048	0.6150721191335735	1.2311890591191759	0.8527117502312838	1.9718980895934752	0
1.2325602611778486	5.864018316558455	2.2224482142198836	1.7072177673514735	0.6327547192921646	1.475792227564182	0.7079865307565851	0.8833955701698858	1
0.3242767444213233	4.72667340428708	1.6059518431492685	1.1414163176596748	0.23326812441205882	0.814080803455574	0.09814252855134878	0.47250674383885405	0
1.258773440792051	6.801439084586603	1.9695569187753879	2.5079230615904575	0.9164507190755202	1.29765438595662	1.1788703577650945	2.130003944030864	1
0.11360543272318975	4.255074976613153	1.000962707931354	0.884923896124655	0.28352343730292184	0.8117743043181569	0.37025925792901826	1.1550871355960888	0
0.829817391934811	5.883488391422121	1.6755252335615218	1.4821725613882242	0.1998012266745998	0.7251302264129961	1.8530583734689143	2.2519442173140662	1
0.17997714413826751	5.427253090244429	1.2559293786946777	0.8249207791693874	0.29255020384864155	0.3049963121603699	0.6517156252952823	1.4258515561183445	0
2.703935078922733	6.666333188359389	3.2521210278608694	2.0410774615117275	0.7503305940873992	1.6585518337123526	2.649672220363366	2.738068444709971	1
0.3480619584404931	4.621454867858315	1.5047216336555689	1.305572256041528	0.41037967846599466	1.056643803845608	0.33418390610320076	0.7478247418506411	0
0.36241841856579815	4.638962731722841	0.8581106198076925	1.0370205326614688	0.32492727788168374	0.662827138648991	0.42295132911543964	1.002174807031104	1
0.030444817381171472	3.9793844134687175	0.4908535021064529	0.5560895781588645	0.4729555181316193	1.234395311137183	0.056343470752906494	0.4632810834849088	0
0.9950649430383804	6.469118059988211	2.052866533494037	1.8803196462075353	0.9100311817030108	1.1224264667673645	1.922041839490977	1.6702883910958988	1
0.01571290321466238	4.05297728017073	0.18852726151545865	0.3790253033995255	0.3833558225200634	1.2337840018975652	0.13047547807034415	0.2520419413568586	0
0.18417816556211308	4.526309862356294	0.918887357721421	1.4708422896437532	0.26605743630510864	0.63710050145504	0.8999987350971775	0.9442560321558571	1
0.8835609072512363	6.022059947817972	2.13740379901768	1.8421515242880846	0.6072460960583381	1.8586857623677415	1.3573288828268755	1.3436999634874702	0
0.4164512059997711	5.48620838505686	1.713743872243316	1.2443274896742664	0.4476941123258745	0.6342195555296173	0.49573229031833554	1.6461747741500736	1
0.8931039848988195	5.168841738181344	1.1340116070199708	1.4058518603354213	0.32141661018140966	0.5827071191588203	0.31347408048545344	1.174430701944948	0
1.843149425610351	6.749088567215728	2.7981833669012617	1.9277752731454982	0.6899219852042506	1.2589438275704492	2.2107767745098577	2.8672452793884418	1
0.7586071520317311	5.687083147140352	1.4053123669556526	1.6340329592894807	0.3461820859443255	0.4780586006830838	0.6699450816020286	1.7724747078161878	0
4.421329075256616	8.243822540284883	1.7361762846510214	2.1528197833593135	0.49189353743904213	1.3627698160729336	6.918922987342404	3.935800077087574	1
0.3153215582551985	5.14908855443355	1.2438663679876125	0.7036913944356167	0.26652482807602906	1.4325575255895286	0.17689854547970266	0.8149222374858663	0
4.057867282411829	8.197979474081324	3.243221060056858	2.256069839252577	0.6862937493589301	1.0335758658202736	5.860395263860235	3.4636650099806308	1
0.7030975114131134	6.746682362327214	1.9996675478994872	2.4530203075923334	1.2909391803030354	2.59147893096135	0.5433818709252133	3.204679532665442	0
0.10298068610854462	4.588854811152843	0.6853921881868782	0.7102992393775109	0.16286686895981925	0.8657129709051838	0.3065872383263774	1.0492819786461685	1
2.8457404337505707	7.256141475972281	4.1249141802780045	2.326975220816122	0.7723279784343866	1.2219797026183938	5.503618280530218	2.69985000453687	0
2.201935684844116	7.205321912797588	2.981967978778135	1.7920261003454858	0.3468962883485231	0.8375072310667812	2.620085642706759	2.5082161925569575	1
0.770247100940794	6.159714013171875	1.8826203717220797	1.9515087334080983	0.8840154433223665	1.7168024187606237	0.37410515142806383	1.7675863050343352	0
0.45530234295533595	5.1487587935072305	1.0634340603184973	1.0184140133389974	0.23387773329164188	0.5776409260691663	0.8120851046314591	1.6846752466183805	1
0.3364793794528457	5.344329389540149	1.1866842141883938	1.4796253108126098	0.5917288841347429	1.0819746475150864	0.9209200002578173	2.072139949818314	0
1.7059473728139072	5.982912583084025	2.8546236748440763	1.640161085076941	0.5743861668388727	1.0764348437234066	2.899204853212905	1.7756978356807047	1
1.465913902348058	5.962396639358018	2.299680879846656	1.5805856605270714	0.6693871329956066	1.7752912765207476	0.4653302258881397	1.9158632277030165	0
1.853183771215054	6.724534838313093	3.164846158448288	1.781961626747944	0.1429221610112164	0.21077942961043897	2.864461181666895	2.3856570539971225	1
0.09805187247324976	4.271391119526263	0.4374804375401755	0.6676396109823195	0.3290087396033781	1.0154842707605407	0.11154137473290751	0.48471981308141615	0
2.4302568514452436	6.30225224183958	2.9008335091067607	1.8088951446747417	0.6905337685717928	2.534482219731268	3.428922789051641	2.4676163639175157	1
0.5232955500482597	5.596686750691129	2.073850943366591	1.915524576561986	0.5596672151844476	1.3648408719007186	0.7349606833733556	1.6230843744679513	0
0.06077519871445876	4.157261456733651	0.7756944415275108	1.5694280880144038	0.5437418902075535	1.0780013347639854	0.08476569065588858	0.9074517832069507	1
1.8598385900386494	7.030166609759866	2.8791928393047304	2.6380067779790797	0.9937331386167493	1.975038900447122	3.615006838876987	3.160462506317541	0
1.7097537249471926	5.6338412965257465	3.1197491715849233	1.933230095897939	0.3571008532264938	0.7860453629266759	2.2268265285928943	1.918582997684704	1
0.0804078717622451	4.7137034631109795	0.7865464448184951	0.8673105496524365	0.4366148771003804	1.3240997575267728	0.07245181576923695	0.5894186657972433	0
0.8036146335859163	6.067052423662791	1.654545112332865	1.780749076708003	0.4368087243880946	1.024535085271794	1.4780755942372732	1.5514909524792508	1
0.3848745704921554	5.383194217056041	1.1846370680191936	1.2353261119839316	0.5011085657026096	1.2332014549860657	0.1538620667539404	1.4825813364313873	0
0.5098551530115448	5.577517569429427	1.8575159982927179	1.766304899755587	0.38092648366101006	0.47973735248275184	0.5346554252174704	1.5024093396755769	1
0.11896455960420385	5.136075457500083	0.688667160238237	0.7092173607374398	0.28435153235532495	0.7875478559814296	0.4487289189668805	0.7685329074658349	0
0.859931998204771	6.192835996984397	2.2611274798443954	2.0100110744618367	0.8809536675844696	2.303584593327129	0.6699194944406412	1.9495890877396467	1
0.3249995332611283	5.443671469691742	1.4121813820717373	0.7582792754977274	0.30750675832819785	1.2781522025001875	0.3935409638997595	0.8032564032399754	0
0.18676998119985055	5.227248770806739	0.9456164972559816	0.8469406537393619	0.34084836168885335	0.6556322117971862	0.609580771937789	1.2627132993485362	1
0.3526970425695087	5.2889188384237364	0.9624106674877083	0.9772353025015099	0.309790862039759	1.1765604967155985	0.4699223759447756	1.2646915393606417	0
0.35504862219414834	5.338128770593713	1.238403216130443	1.0595942216473806	0.5899953351044754	1.4799440721996437	0.2741103924216863	1.0903448742496826	1
0.05114548346405416	4.531693706708459	1.0040085259591316	1.0230622515973775	0.307367045768179	1.0058388885157548	0.12216453396940248	0.765235256954199	0
1.96793719126152	7.18832700774682	2.7219465316276295	2.049304447259597	0.26349439486027376	0.6992783464901854	3.550728837855303	2.9992510753031096	1
1.5386935079083426	5.48549917648687	2.3821907821119592	1.446024465327657	0.27276384701957157	0.6234058147352697	1.6246417461763731	1.3744494867519672	0
0.7811580578826587	5.501422686813682	1.5941415168081086	2.641981621132505	1.7198695481997297	2.0797539928618813	0.11189909249740881	2.051903321686363	1
0.9280611874730706	6.039399583855394	1.55546735315857	1.1135009011618604	0.3698379304650133	0.33747173695429644	1.9759542704036899	2.1815241909987764	0
2.5110453707310265	7.670981960433402	3.692373343368192	2.3794535372506225	0.5982429183599214	1.0341804285087208	3.0883934934143724	3.7995819260823964	1
0.11566523915204795	4.281341284490154	0.2640321036194464	1.0649176121440125	0.8197798314933114	1.6160758326142837	0.3872739816467396	1.1612740497928207	0
0.6877828180607947	6.129481271824168	1.8475410096868157	1.8844601867390907	0.5571556213485969	1.3757135815757036	0.4616059673779786	1.7487823763729144	1
0.6603088565607914	6.614432795946676	2.7047246776736333	2.8071712919700174	1.4637876679848876	2.179049291867437	0.6849990747232236	2.752130880337385	0
1.5372327441848628	5.943894575700485	1.4371062896694937	0.8372475245337022	0.14802337474670788	0.4390932890881484	1.7234092483398218	1.7173771004566654	1
0.24896723132366794	5.553548558729309	1.2878818741330422	2.22631941004037	1.3420812064435652	2.777420779026881	0.2799699100299573	1.9636377959361928	0
0.8879735584923744	5.629782086458707	1.7819784573729496	1.3089542481451106	0.46665427642058693	0.5718492248031594	0.7086267514083316	1.6125929301274005	1
0.048743496413842645	4.422733022511942	0.669402493546129	0.8598050328872928	0.2894330386154265	0.6038732459160565	0.4869775044907407	0.7404600636105627	0
3.467075629964382	7.435818891226628	3.5246266694164166	2.6807954757689885	0.7726051018946608	1.5032548363439584	3.6734789731378634	3.134811374150106	1
0.9272702359171632	6.23116310496107	1.5216989981260935	1.943764992708925	1.0274384692135847	2.1714622261127796	0.49136141919837883	1.7294584430306756	0
2.7232015048695537	7.147044347136062	2.3566091554382558	2.117146683858485	0.6554920412561319	0.6899520816634045	4.628340665111106	2.44574126843722	1
0.05046114824997232	4.886642266290427	0.6265959686518313	0.5598786105373937	0.34492923235368134	1.1118904096139524	0.17195130445276485	0.8339954891473249	0
0.6761637755195319	4.586229946728431	2.043166485815124	0.6516687206134049	0.26882794518719244	0.41226195710843705	1.0930971079799996	0.9154503788764625	1
4.445192730090965	6.636706634207836	1.9308110144033281	2.678085716582737	0.5461367814801037	0.0	3.735350263992791	2.7523923924529456	0
2.2623879032426326	6.70666904163886	3.415497972372302	2.4282481109897027	1.1699712476499213	1.9415291378532868	2.0634264824831523	2.783021609911004	1
2.8900272541171073	7.338314219994046	4.158933082109713	2.709189551795636	1.2991011494175133	2.3070550876654976	2.6748380668960965	3.20214870335199	0
0.1287713314878611	5.078820906503923	1.6726943620691153	1.955252091200086	0.6763671805199281	1.0631578076837076	0.19330270930318846	0.770571077524749	1
2.2837080372243563	6.650800904634899	2.470892238402422	1.8983542229006847	0.42582313669604416	0.49973838688000816	4.678651104441871	2.29985135974799	0
2.3380294539272404	6.236640590661759	4.325950869852044	2.3137129481150964	0.7372119117220459	0.9461989876128198	0.8796267475025636	3.1504856288787395	1
0.04212035129020582	4.163954576570549	0.5039399719828676	0.6861980914717384	0.39304833809307604	0.6322872185531802	0.12431278149916718	0.4610448691237821	0
3.6629999499463386	8.489786968312961	4.248133748146882	2.4580748758225335	0.6313728355650402	0.8286828133526379	4.935189504386632	3.9066164161288457	1
0.403736949034435	5.934283691839756	2.145229282217839	2.5129189493671524	1.5470091641597865	2.6612310931246137	0.24831214816707242	2.0995749965994635	0
1.8325654636203088	6.8485711441659545	2.392690844132649	1.8238716431440414	0.8200441137482962	1.4144444045362368	2.667443461190797	2.4214253473754943	1
0.2450224530326516	5.099075871514451	0.9093063980997103	0.5158609253305301	0.22348749215977556	0.13238698804332566	0.5341104165746766	1.1870809366557178	0
1.0829231892034692	5.871154226806426	1.6009419235128362	1.4627923320926155	0.3351570864759687	0.5857345607759882	1.5451980133711856	1.556016038438026	1
1.0404887033176016	6.3606212438588745	2.5243356745762395	1.4177203511197434	0.3233435745058427	1.1696918703490617	2.3203464225726878	1.4837839823971477	0
2.485348218948654	6.948318936136168	3.3968445886556538	2.2831168097986474	0.7742201265864244	0.6517781614490167	1.9959376426549615	2.238665047227814	1
0.48507695374321297	4.6507743277931075	1.232414477957239	1.1292061537527434	0.10451315675064916	0.39028378611250036	0.4110030785365864	0.6995267875239843	0
4.033796291657501	7.7251904696790445	3.770940892010547	2.346391429931255	0.44233691088401533	0.6387543507293998	5.10221062925527	3.3938571748030677	1
0.5116672694828477	6.70286511629769	1.4868634160415861	1.0587620440681489	0.5601242300853749	1.3549584808100377	0.7119689348005332	2.6649339100285823	0
1.8350903139500694	7.657918649379788	3.2262168137536493	2.4295524896559226	1.189031740456636	1.3360794324553882	2.933957928559086	3.759696660489575	1
0.02165287531544327	4.4957592562447894	0.7306837840886713	0.8766763412400621	0.33502833755763933	1.1195580531835723	0.09665473003686288	0.9156505269867319	0
3.151119331607741	6.987725768663402	3.99836215652457	2.668727082705691	0.6125117972889196	1.0104730031014106	3.516286421397628	3.1807668135453873	1
0.017040974303271658	3.8030225398497244	0.4987429210230092	0.7681618843653911	0.41863796381841184	0.7326563136546578	0.24461537296534186	0.34077013028744013	0
0.13708880751419625	4.920566156007387	0.5952255939991173	1.0140705867915283	0.16816346906866403	0.6161419384469683	0.28842179878678065	1.7828196276585808	1
1.1889708354075885	5.901682334897514	2.019611916269999	1.8996567645378513	0.8359913245894258	1.44933958033694	3.8300469300030557	3.0783393826454506	0
3.5164587219972443	7.905403447740655	3.5616282994465642	2.7760390131345742	0.8507490410634351	1.61710841873832	3.988726606021894	4.539953034633115	1
0.21545003194519158	4.465881681523516	0.7027509167026402	1.128559365036062	0.35117786263433864	0.7535364805727294	0.29124322401786773	1.2953023446141327	0
1.1722034606369511	6.367154749625955	3.119537141528869	2.8204439256600726	1.4064645679092738	2.2520073320250744	1.9870658021910554	2.9554413879704122	1
0.07745813978434228	5.269284975727685	1.1597073880279205	0.48052310503588586	0.27925919944069727	0.41464286337393064	0.20466996045771643	0.6075783988927795	0
2.353202158790572	6.373826998808619	1.957866952158982	1.369961706498993	0.3453187052601422	0.4694347174461023	4.611149275553837	2.101704375478807	1
1.4214442999026906	6.817833744315637	2.361269009329822	2.5875610071000956	0.8222437538943552	0.7887300504536751	1.724639842122784	2.3365999715813235	0
2.6913176562763432	6.346875066999442	2.3438421928422475	1.8729707246528782	0.7617399720255572	1.2069882532863934	1.6415952772331566	2.3764023085964636	1
1.0733628544146592	4.858785520707932	1.7053115698187475	1.8632580875963682	0.5191449222384169	1.2101834781026486	0.992065884937714	1.1617748636257499	0
2.632931461885269	6.319634018109029	0.20510177281344452	1.8274965574974786	0.6052881717046324	0.6474068608831439	4.479474301152326	2.8714097771576346	1
0.20878495833529723	4.583533798380725	0.8965369033872942	0.5899620747591191	0.1342336459868994	0.8260158536343697	0.31589774008202726	0.7096109065906103	0
1.2325019504399097	5.112992103140683	1.9581068940095203	1.5246640303846626	0.4108505803845022	0.5527465342568517	1.044578400175624	1.9923574347727224	1
1.7446853318420896	6.924585847023572	2.9048990571767024	2.7339843191284436	1.404968901384699	2.380721369196755	3.6939490818080514	3.362210507832995	0
0.8058953402516986	5.3130636043749755	0.9913610979211336	0.9059575277343637	0.20855769298579135	0.3680677982109634	1.0602871743464417	1.4702218210551765	1
0.8702049076788009	5.826355206567158	1.9285895817552765	2.2435779124140134	0.8609048637934205	1.2152094362519237	0.3950645425812418	1.4264281188595362	0
0.8846349324701438	5.669749879911993	1.0556351958129693	2.567169967005217	1.783744098464923	3.1097080708674203	0.12561010187651286	2.398313367202905	1
2.148162709592047	6.99197307421996	3.976077034218252	2.539907645481525	1.1166813881289874	1.1616496836794137	2.4051777817505418	2.943090702228394	0
0.22072462807689966	4.574489304450969	1.142629174084884	0.8188101985556024	0.2735856835660223	0.585456173637903	0.3499101139858446	1.153068907797408	1
1.1516157864904102	5.870781968085703	2.3358747908586874	1.5999732636183148	0.5517045766640867	0.89134208651019	1.356479276040705	1.3491634627816833	0
0.8748435419599817	6.248374154252059	2.4583059679908215	1.5215461480171633	0.4394284356534552	1.2914890538459787	0.6787236598942211	1.8343718600319308	1
1.2614961515695893	6.862180863745283	2.3019949188755557	1.9050435106813932	0.907895591085773	1.9774226587652752	1.6629407639514069	1.9973362917609923	0
0.9543569326806114	6.03423927380514	3.1774744958994794	2.168230504493895	0.8134160129508902	1.0927618749899342	0.7530185775973357	2.4304592636716333	1
0.7077894572968154	5.377553133347726	1.7521173339556115	1.140201988427273	0.27788927918891504	0.7211999950019804	1.0816017598347034	1.5912332077792541	0
1.3291682996977734	5.080134615093779	2.547537101718764	1.5831144707645846	0.32604664999476574	0.7950718002818707	0.33265065796836457	1.4270763548401244	1
2.8086976275835096	7.6137672520940844	3.5710048517654513	2.5723221117909496	1.0947715892821719	1.4307178624218133	2.9492117817285086	3.3282359314880297	0
1.3682831283180388	6.134073519799972	1.452877665263043	0.9417245331309652	0.18763242911253122	0.5950766946134658	2.2444261788205138	2.293514075431608	1
0.23515907492072347	3.657507459031332	0.8147008761125217	0.847712060308857	0.6044689606136682	1.4614945936828259	0.1976123872377942	0.2845772574983021	0
1.0598368097167028	5.375952254672353	1.8206222364131315	1.6347742202472675	0.32375601278161914	0.38898336058177985	1.2617510260452904	1.6284951639675576	1
1.1948008704432256	7.005158539491223	1.9890517369518312	2.5371986120074554	1.3407476811639112	2.051427795224637	1.7466749307391853	3.1151584030365287	0
2.184814557259538	6.622977651211053	2.5040145914015017	1.8360633947845795	0.8747601530339826	2.050887734261775	2.5713901096761376	2.8355459156123857	1
2.36398118185912	7.428375261042169	2.8643585514832677	2.289601165435751	0.766815770485146	0.8819063050123243	2.549796671641956	3.0437459458554366	0
1.7860599243027326	6.458148139876817	2.18570290145573	1.8326614605484808	0.3977756196237842	1.1059188638505477	3.7854910594238684	3.1342064305676693	1
0.0903743824090814	4.903465735699483	0.5540575121579913	0.6591301049702543	0.3798122012494749	0.6030091023488275	0.3822920071417124	1.1588603690134667	0
1.6207931964722349	5.448634278297346	1.4403089494261287	2.35982517016612	0.5908375617353753	1.1187743284920513	0.8965369033872942	1.7604923753535442	1
0.4962499123136029	4.885534549195451	1.5921493222965584	1.324897566254567	0.6240971645831357	1.0941356166410312	0.172809796421359	1.6594083322087403	0
1.547839066215143	5.3915431026810445	0.407675995627545	1.3737662105426203	0.2678491946980608	0.6175342303407939	3.83878972754091	1.463093352089563	1
0.46292866057377213	5.426752357048919	1.4541866271628092	1.027510051174961	0.4072102511265545	0.838285946226184	1.6877313988040072	1.5465407102619877	0
0.5607009132596392	5.168388619453071	1.46355628291282	1.2090498940662187	0.34239040395643855	0.7169613586592002	3.161000919115096	1.9459387200757292	1
0.053054392743109045	5.111766679576449	1.0585885865387898	0.731068973558502	0.5045982740102346	1.1744616009515476	0.1889992115471952	0.8772588009003968	0
3.3273355330637	6.910598632817637	3.4701511412731363	1.8536538727656446	0.33612932068940765	0.158890855991215	4.094072858647361	3.1259049068562974	1
0.401878684572744	5.374035042433264	1.5838944379634032	0.668511191366439	0.20745309743155932	1.024570980958931	1.1108372582906787	0.8878501042423049	0
1.645075290025232	6.457961880225622	3.2526316325904148	2.36477084854802	0.9862644555016655	1.5337009218423452	1.5909480231202557	2.5888311348472692	1
0.5440321339562895	5.630711298177379	1.9724547042774256	2.1911058963280423	1.0750706800850756	1.63329114845626	0.4046848037498877	1.861984914117552	0
3.341089917763176	7.381967975164403	3.5034681288979015	2.1574899543761337	0.6425431222788208	1.2424239907001886	4.684008168271323	2.458468556398626	1
0.20229573800137157	4.934749434744982	1.2761167060984213	0.8191629011428052	0.4238876986241624	1.2855896569982583	0.10498144381917446	0.7275486072772779	0
0.9334624503824743	6.15525971187097	1.0917555012048965	1.5944054896001383	0.3262992381223016	0.3202339637455039	0.467205969442498	1.5579972387657044	1
0.537200722621251	6.854571039990469	2.1644947527133005	2.718633994641855	1.7035837783243295	2.4057101117896837	1.268045592026525	2.8549748358377287	0
0.1612511261746629	5.170448198942934	1.0425003858679418	0.7232398208671145	0.22633844221072896	0.6010757503394561	0.4618580438593174	0.8378534015592038	1
0.29620068581711056	4.9199407790368515	1.7623821505173782	1.363358329836833	0.3964243634560153	1.0172576096252777	0.2086145141654955	1.007884925035152	0
1.7681154733136573	7.234034168081166	2.677769671811678	1.9573304032848644	0.4999143113178829	0.34986078016856	3.147457156370478	2.521294829462306	1
2.2128463637946494	5.808434039067469	1.3647131530862864	0.918528226814347	0.1845440851470518	0.5634085861741189	4.075791853452201	2.5717721828095823	0
0.8534787194622848	5.876751544075179	1.8118561709271774	1.2424817257540426	0.3288576044702894	0.830035432622067	0.9453834060774275	1.7884540122193284	1
0.32491282617927303	5.525912594430275	0.9524683579927433	0.8848826207144748	0.4312433100948692	1.142342051529435	0.3022208700728616	0.9632888150347378	0
0.12775976880127196	4.641216635724414	0.650542347727508	1.20143959846758	0.36528179847417735	1.1271997455200222	0.1647005480365522	0.6874962440510958	1
0.607093526625328	6.002565206178886	1.7638228505350322	1.428946679574868	0.7957037688850375	1.4668369438350781	0.676479035637162	1.362437024589324	0
2.1600417862085033	7.579263363969848	3.142858338444285	2.3779708198999354	0.4810610203488369	1.2147643654041347	2.367764034019017	3.0402275134405423	1
0.08164542263948277	4.685711846087238	1.1370634750423625	1.1582324846491345	0.44680536830555945	1.2505891789545156	0.10675354494184029	0.5750053305373859	0
2.7326517526360803	7.253987163496914	3.5438565722329125	1.9827241221780296	0.5300633856733984	0.5958540359798777	5.044558667756058	2.9511950527862547	1
0.9941772705312262	6.703334360214964	2.857383582069184	2.6865950090728052	1.0017709372185541	1.5913757696156918	0.44287007122052374	2.283565359156791	0
3.5942885155935764	8.879258986570491	4.785215821503572	2.637270019041163	0.6716579317169606	0.806386576166456	6.357580533818879	5.140521969467552	1
1.1317568872604118	6.506688882342206	1.7341833210904591	1.5764807422759919	0.6375181847989838	1.23602364449107	1.7578061920767032	1.8515052736250088	0
2.573726113425584	7.350937855552612	3.2475410240819653	2.7826689951451646	1.2322686734807833	2.5760262431554843	5.329328026954629	3.8897794414685105	1
0.02827837118898548	3.692702138337602	0.08873954950558131	0.567754011151883	0.398299496323253	1.4617960045196678	0.0299179610372727	0.5867027443390814	0
2.9819882557617317	7.45085700008839	3.590643498398406	2.577303499053968	0.8674785674627196	0.6399468056919643	3.102548728817189	2.632794904356604	1
0.16124261535528384	4.816620841063581	0.6563846436143662	0.886820725690124	0.38031822568620843	0.9304302954278743	0.24033099729685414	0.674137638688364	0
1.1915864086748866	6.912237518720382	2.2335136469916264	2.128731580890919	0.9918804628237414	1.6231238315386636	1.0812965664584218	2.319373377799744	1
0.040276885975584605	3.652337350281415	0.2600847452596766	0.9580466901144824	0.30100048731296014	1.0704528402075364	0.1028724229206292	0.3755761847159618	0
0.3420068921196877	4.360014894082747	1.1458138901524038	0.4395701946247801	0.06686768153631813	0.18654595478039077	1.05455590247119	1.602292444273229	1
2.3790274811344405	6.430544782542957	3.2929512250628905	2.4443450380318774	1.263052704261852	1.1761595776804523	3.994553692435796	2.9336015180874844	0
1.33663131610079	6.663183907961695	1.6256655295387512	2.3208178612551054	1.2552170975129473	2.050862009796521	0.7776261871378843	2.893921007407306	1
0.11570086945205887	4.895634384734966	0.7863642622710791	0.9797161337242537	0.4615618474600345	1.1431394107181871	0.9491450687451022	0.9963211317796435	0
0.16239092130507582	4.256300416556139	1.3994326742601182	1.1983972899927504	0.23266606789562375	0.7659793392096153	0.10510748364792717	0.875677048988858	1
0.07222391271355906	4.456048174521011	0.834733544621816	1.019460850362672	0.4449614243050786	0.9629071065027346	0.28948544539687604	0.518335355015007	0
2.6833680884567137	6.304679854338034	3.5892497084031856	2.1146880218669057	0.34811844125561153	1.2823772477001176	2.54970295019764	1.8699389036240455	1
0.36848295417718196	5.218327824127869	1.0232419816433331	1.2028521766572329	0.34813256146091964	1.2647480030403948	0.5866193171501123	1.3603353219497945	0
1.5448780577356371	6.18259386808291	1.5691157929554964	1.4040851621284396	0.28016640041011814	0.6111613362185696	1.7079248591487544	2.3943982562664976	1
2.314750789892917	6.37020179374447	3.3225220720070148	1.8056459377070666	0.19087652514256495	0.3094680257736381	3.414547866030293	2.3780450080039066	0
1.5140937320517625	6.228346295747512	2.7288066217588667	1.748747578634764	0.5000234902319038	0.1486613553013194	1.15417313077333	2.2932516718129694	1
0.277578704889093	4.92358682550965	1.311058830433984	1.1907963752093038	0.32069848250517213	0.7202758479481978	0.15633685982196097	1.4640652594183479	0
0.6829301641493449	6.2442144723477195	2.1167734529385926	1.4794203391093743	0.417821782317536	0.7395058195379622	1.2923407607454627	1.8043465847335265	1
2.7936589281715474	7.028716902017414	3.5120975252092568	2.274288493838932	0.7521233856602426	0.5729437180323447	2.0416747710396925	2.651931246836924	0
1.4163384824682672	6.817246921951657	3.2802794373102846	2.6761260035175662	1.1576670514494245	1.2487549470978292	1.2362560472460886	2.20124979858584	1
0.6401155340081397	5.814797175240601	2.4335607224364124	2.16171253411263	1.354906887878258	2.309739439515504	0.5569321903062209	2.1907816439226586	0
2.6758506484799267	7.26637703664866	3.750172088054699	2.8446942443995122	1.187233480321638	1.5868036799251657	2.182843891381497	2.4060347841890692	1
1.1283652468174574	5.646614766655415	1.8923586677841708	2.598741159525206	1.2931917428575663	2.317641179148029	1.176467991203746	2.3707576280970946	0
4.384328982236512	7.899599098327705	1.855516435030806	2.9625580435226824	1.043099578737851	1.4037658420318955	6.4806267543829215	4.4087050790724716	1
2.7688504937621286	7.126981166262242	2.1431672325603808	2.931444387671447	1.3800750613059738	2.315955311932217	4.961079436858691	3.335139484635174	0
3.1752875076029756	7.790087533422439	3.337898980147173	2.5712448836009227	0.5990507638470853	1.0523938148664955	3.7560192764319495	4.144343519316423	1
0.7291415407833212	4.922217109835333	0.4423690370240944	1.3278174313609148	0.3673477859950363	0.9540488374767571	1.3804020354150528	1.5598063944257687	0
0.021576543172723797	3.885184041071917	0.4087995426970367	0.7813869694093535	0.253540836881796	1.138057335631039	0.03300528348064388	0.38396904776327756	1
1.7012145840175303	5.491992559530528	2.094428671488084	1.0413362208483796	0.18226322175916618	0.3679016875531987	2.2536154127125605	1.4036184291280858	0
3.0710252575894224	7.645226379158745	4.401986112413486	2.847122050345404	0.6873302952383804	1.060217900680798	2.4106140452061453	3.1636294642418297	1
0.2349456319664951	5.50378725471279	1.1398821828663266	1.1184475951688804	0.5247936155741973	0.7695061886586945	0.7024042018226222	1.1640254272163417	0
1.321062266182275	5.947801802725868	1.9016298003637095	1.2009281741397109	0.2865914779697514	0.4259276483328568	1.774036677573484	1.5995693782354947	1
0.17783651400928072	4.7238532609320165	0.8879735584923744	1.0026152063335834	0.3113009380504149	1.4370112394115984	0.16864512597771084	0.9465095104581516	0
1.7907422854052861	6.343133406488754	3.2224334888700694	2.516259957445996	0.7534423363437008	1.2150907700597826	1.0616716408558269	2.838914707411258	1
0.10064139811784947	4.2456726909686235	0.2882569072026234	0.8851715128152852	0.41869059782130563	1.2292603618526854	0.05493032237554399	0.46703673235660736	0
2.2695038943919217	7.317521125641994	3.5544161988688483	2.4560355277069106	0.5850997249766594	0.6749017402185951	2.978504727887365	3.1918334537563173	1
0.501605246431917	5.794091990136111	0.5715500053121405	1.5963121452151725	0.948525562007513	2.47881312189944	0.435036855249742	2.071799918708489	0
0.6366667721165012	5.178347879848699	1.1912522399165557	1.0896724470986354	0.3183955476077251	1.3662191966888395	2.1145432062651848	1.6937606783459525	1
0.05348958078391822	3.9213573049888364	0.1948099182463148	0.5785104401217225	0.31516834012700534	0.9122023859655485	0.07847286072373871	0.5334947270269336	0
1.1957692469752477	6.896779060085733	2.884850990912355	1.712860551621638	0.6762400572432308	1.2427414922542839	1.8145315395702524	2.259249525427545	1
0.020484747540436332	4.052212682398775	0.48875791310426203	0.7493857270071347	0.3014592300699101	1.104229814118816	0.14672892086856654	0.7422706225194976	0
1.2582905205355241	6.236064259837794	1.5967781142873099	0.9162107286739843	0.27255828230593404	0.6026533833411994	1.7350127353421665	2.108041146174195	1
0.1799520851452201	4.98103619770958	0.7529243845958059	1.1236625608678927	0.3366722166238792	1.4567295253357921	0.2613791640307284	0.803659403357374	0
0.3066461129381899	5.11179379363717	1.3068722941424	0.8654184015003984	0.2047433002286847	0.3267609486235963	0.3628567968515228	1.855625889556469	1
0.13738520713279023	4.747421201960836	0.6170109991334892	0.6278403643592921	0.33030324747568385	1.0083592996905477	0.12500136516280252	0.6679421867247206	0
0.7002220942319071	5.922144211296155	2.70201871487045	1.7693434299437227	0.9168905519461227	1.7024545550006205	0.7941230978999475	2.0569147070982248	1
1.2831258856300238	5.148597937544108	1.8090589663061163	0.8922029363450652	0.202189541431421	0.17926689606472587	2.0155294909353705	0.9704000575211871	0
1.1506353167352616	5.699508018839115	2.2311964969063927	1.875610301397999	0.4472146723026271	0.44108318570991023	1.7657747722560613	1.938756047962396	1
0.7831249866781772	5.5333871171832065	0.8148336988165445	0.9735780262975334	0.2955981574112406	0.8462973600536201	2.0931965069121716	1.631199404215613	0
1.453579107925487	5.462442705079639	1.671492100169373	1.3818595418297779	0.23299882814493694	0.5360254247877329	1.8309481305856317	2.3942522815198695	1
1.4322710473599147	6.571070199711534	2.1910947169606825	1.0551827307407737	0.23605187921492243	0.5286557186633627	2.1070445491058076	1.4863885339051899	0
1.9588404766057248	6.982248369825278	3.625580164811316	2.191195326767988	0.8246577827621558	1.6063732210612554	2.098275562773547	2.559604328982722	1
1.362334604924659	7.090018417403106	2.496497548365136	2.528795935357721	1.3999013645261076	2.1188425270446443	1.2594548137849402	2.53407769379445	0
2.8152829630127094	7.831052130582221	2.93782769905246	2.667818310214331	0.5161593739965907	1.316542272929432	5.23537117697739	2.5700670091454616	1
2.632622383977206	6.471027960656479	2.981481207784131	2.2059089807285845	0.34752521252029456	0.7192047148792349	2.501730990178303	2.1422872245248508	0
3.2177632061374726	7.923948032002122	4.797667295795551	3.0185548460258413	0.702552808634041	0.9783261227936078	4.3859190493892255	3.6063778926021346	1
0.04102485394289112	4.733335582371617	0.6183535888074277	0.6295735271211229	0.5128475782376253	1.893172202637784	0.08525066117220628	0.5736482986810163	0
3.106007193720053	7.797381819982121	3.322756446022139	2.305052047557833	0.5198468102268795	0.7502361475440723	5.07916521399321	3.2750065997569564	1
1.143490047446195	4.6621354145022895	0.21127337874372232	1.4024137429997738	0.7522176541369335	1.714680421129379	3.219771423699814	1.4157560712695096	0
1.9294758425918885	5.90610081201066	0.7714036785257127	1.0005583481927216	0.16268841513427307	0.2783057518232177	4.399688491763646	1.5697819045538146	1
3.586392583358518	7.665591469355665	4.166381462615097	2.653910755001562	0.5993034250297853	0.5122845590022348	5.491925819339767	3.7556054247883477	0
0.4209184215552442	6.575637328681844	0.9488740817701747	2.3302099876061653	1.1736888392173441	1.9639044195704491	0.46997237875744413	2.4124076389717612	1
2.213393158497803	6.600329169517733	2.1457207344691036	2.12766011395031	0.7438402948754634	1.1901882321553192	1.4675286662514073	3.1354724765624167	0
0.5107856229659693	5.55047394012503	1.6017484239497204	1.0133811443054492	0.22312755118620847	0.5908264844101062	0.7069021457922812	1.71834612755758	1
0.06162835320362198	4.10136817215856	0.3566739439382325	0.5575565262535971	0.49580538260956775	1.4130823378762738	0.0788315129347733	0.43796456619875107	0
2.0777025304759795	5.974888673238983	1.4729306677794374	1.4637413952534	0.25732079831577537	0.491862963598629	3.9068657295130382	1.543533125046382	1
1.6644751893639989	7.452671092630504	3.42266855080837	2.2771544581322227	0.9359757051905532	1.4714623734897687	2.530150851918841	3.507357577490546	0
0.3329374251010812	5.619327826448261	1.1165504337991228	0.8539897056767758	0.1729948647709935	0.49926505717883546	0.8120851046314591	1.7582716250670656	1
0.18706860504386558	5.338149431249411	1.6679143461929533	1.382436930792586	0.3655662984327274	1.2859490261710156	0.2085495754108356	0.49670641520510717	0
1.2966157939752108	7.441242028876226	3.100227414883439	2.837925752608982	1.42980872795085	1.7861604908275734	1.6390549654062225	2.8738696777966584	1
0.1691772138438813	4.508640562965019	1.2047724844965002	0.8525412327101953	0.2840128490773967	0.766815770485146	0.352268248703829	0.723870353202786	0
0.5913248426070612	5.526737770752543	1.8872363018117007	1.1161574678838586	0.26198727033721	0.5101734111215562	1.7993307347243732	1.6707211408509988	1
0.12391530590555985	4.805655773409716	0.8577713923948649	1.0233857424256394	0.5427660536988895	1.2086319337066591	0.1324132677558271	1.0850541240692588	0
0.3211337729595964	5.045365813194592	0.4703473201772405	0.7625333080449529	0.2958436757724112	0.19251938177040057	1.259766954648132	1.275390732983385	1
0.3949702290155128	4.507369908462178	1.1139605656149092	0.890193132752282	0.27486275498952156	0.9374258044041134	0.10156331540944123	0.4781329962193859	0
1.0238887424721732	5.879694646264972	1.7627768343035723	1.5531849708833019	0.2633560801479785	0.5447399753597527	2.3011841120784178	2.230734570881539	1
0.3707425298271886	5.0902477553809335	1.0623977192004577	0.5532009712086701	0.10229482121508582	0.2924531726306369	0.387755888105128	1.4612858714102421	0
0.6879838736030652	5.607562647915189	1.3046232449753328	1.511758929229005	0.6471922433334096	1.5443445707454013	0.5752753909650475	1.7305398787862176	1
0.1802527516248432	4.630907131122132	0.7163753066791523	1.0720971830123547	0.2979467103409608	0.7657468729742888	0.23174644012147758	0.5077689569160878	0
0.021926840145943562	3.8388822576697543	0.3448017355409289	0.7107906157325405	0.2630332714016699	0.5315043377743474	0.06735392915440211	0.5554126815318429	1
0.3711013806802049	4.052909532612005	2.032336831334777	0.9097091205086006	0.2095637619376879	0.8007451911579634	0.251637709353282	0.7499999921527281	0
0.5787683440371244	5.082620395505896	1.1803458736947798	1.184331164070647	0.35644991862243486	0.7868651844336971	0.4921869987562216	1.4044043802922082	1
0.4104791832638665	5.6434880899721485	1.9365089531142528	1.2138736290031984	0.36907079691506106	0.995508483980784	0.7877753096387278	1.7626224113731763	0
1.0952064955332768	6.539322047964738	2.1721004827820036	2.586778587427466	1.2955487478131456	2.2794802192789487	0.9776115818557389	2.7509819684857226	1
0.045577389684430966	4.421693161898839	0.471870635304776	0.7012145516377041	0.24543719110802997	0.8649132234143833	0.08030267387939395	0.401222788850032	0
3.921311731330403	7.292844739649433	3.832763324442514	2.3809525520680586	0.4952997182441699	0.4323277222647343	4.091358441531566	4.209795992910083	1
3.6860128493256354	8.034669463811332	4.673360468820249	2.712712648316454	0.6326484883140493	0.8524133254853945	5.727080293836124	3.674562453219143	0
0.2358307276462144	4.945748979152096	0.8948627844605347	0.7571074095188223	0.3231336721820324	1.212060014508555	0.8970263596926973	0.8028084347694637	1
0.9077342291910343	6.307177434634917	1.6684612528835612	2.0637947668536434	0.5351123003169391	1.0070085647950289	1.4186647411503415	1.8583115867190922	0
1.5991653296633601	6.255855218563743	0.8930630457548512	1.2092289664716396	0.1775518665516047	0.5667786447451105	4.871168608128634	1.7705698805454515	1
1.6965509509226915	7.676385974488601	2.414403710150397	2.0731719286662407	1.1989703127031446	1.7399397204982585	4.694192456442204	4.051186507904298	0
0.10316109871265844	4.583907733665671	1.027975209068669	1.0363822121319755	0.33930393785396307	1.0612218994495506	0.0662651546476369	0.5777082702935827	1
0.6051953614932588	5.306434830607804	2.34985028546116	0.9504602476442514	0.2569805675741927	0.5315689849038904	1.4488700196023714	1.4454826577974125	0
2.173512317376468	6.716767760979092	2.4727834599856897	1.6505414673125176	0.2271754124275803	0.4993560995226925	3.8658324593217306	2.3806843749770974	1
0.03270723876786032	4.094906071213083	0.734049171880371	0.7415563197676327	0.3174059096180022	1.1131067348185624	0.03459850874466914	0.4329181348894651	0
0.24885808059419878	4.056183953626036	0.5192163231845097	1.2280603558549963	0.38880035253908235	0.9674020096976959	0.10938341294471861	1.215950781085343	1
1.3725756889789527	5.662219580737758	1.8751044108282007	1.1827389533175443	0.20134773894375235	0.4045113200635916	2.1357391684822336	1.8139122738691884	0
3.514290920276723	8.036476154007884	3.3083435159800927	2.271795934174165	0.6752173983939626	1.4892570041777156	4.181834852292329	3.1318615387834305	1
0.20729868175237215	4.887518810860226	0.7055203166230865	0.8564557981719693	0.3282024214816091	1.028189824371564	0.1848350619582532	1.1674229213283525	0
0.19385479260762756	4.414528916160824	0.7731129621978271	0.8305149548527513	0.314321569120653	0.44082581691831596	0.4170115242752029	0.7790037243196284	1
0.2696224751957571	5.041472243560812	1.3681049319196803	1.1425972756494995	0.41540223755406225	0.8519868498733352	0.5537931549754188	1.2154467263995636	0
5.223503299013788	8.210486791914049	4.008632340964091	2.7991332774618933	0.7030975114131134	0.6109007965743608	4.869308260938552	4.61095144227495	1
0.06780443223936851	4.936775598811589	0.7567321221850559	0.7052239617853947	0.31742047021556946	0.5679807042670504	0.26094787724914414	1.225127458398333	0
1.0811269743270904	6.2763684515222105	2.4124793158524143	2.0830475322738202	0.7519348220430337	1.6528996198446362	0.9578548509518475	1.7431117949064623	1
2.757208551451045	8.021407498744022	3.422688125770689	2.848032409072194	1.1537315878891892	2.24218732044537	4.431875761753641	4.37783159779807	0
0.058271738308650074	4.553327266900343	1.6719431177854975	1.06208660731866	0.22438278314916058	0.6996758225226455	0.3731691633073432	1.1829227993776283	1
0.33875534263578155	4.347625389206533	1.1893057672825322	1.2235695280724936	0.28032507599821194	0.9066039662846113	0.06969209364082168	0.7561219797213337	0
0.4386484018983972	4.762841233471986	1.2990465925556105	0.8061633170286486	0.29353491112701613	0.891670116691908	1.5824777308513172	1.05347544299658	1
0.05524831298046546	4.559272833601054	0.8931449223668426	0.9441393346938943	0.5464263310588051	1.6655535605605878	0.09734447286274876	0.736110879992061	0
0.44468582126144574	5.034047738026784	2.2367871124036136	1.4177688030796347	0.3323279466165228	0.9437113274501471	0.7124594915923183	1.4372250897884336	1
2.73830132027138	6.806088156564935	2.6618387092975166	2.283769178736405	0.7835818580311535	0.8131056260733289	3.9213216388241343	2.4027833068711466	0
0.07763396282168468	3.950420302744559	0.6232235188793146	0.7365418628791345	0.48412224093144085	1.0008524442171927	0.06474599961242382	0.4285955254970187	1
0.18698566292083144	5.32643532544793	1.137255912260314	1.2511903039350467	0.3278278383810119	1.1196886142700258	0.3769147305688057	1.2988829041089212	0
3.3653214684236583	7.576159716945223	3.002355292862225	2.4430945819735603	0.5750053305373859	0.37897053963669364	4.02997847066214	3.2969806560714483	1
0.12758374035462053	4.272805900171308	0.7119689348005332	1.03382484766367	0.45680440143774725	0.5969060675717561	0.07947269909566336	0.3517759635060452	0
1.0810930524491718	5.5902837482263585	2.1945320668921724	1.8556884296212184	0.6906440503418269	1.4770030612453526	0.7765687886990179	1.7553547873342552	1
0.15670455875763922	5.01415841394804	0.6906440503418269	0.7626732432085556	0.315832115868127	0.7054709302487772	0.2321905039470893	1.061740813892205	0
1.8402003660615451	6.130861205383723	2.0768882848921186	1.1257409560563623	0.11455115207564333	0.5199657254820632	3.272431757558007	1.736158665213257	1
0.06171673113025817	4.614034779126474	0.822902703552482	0.9462766273644118	0.31086867352710595	0.8446658281988548	0.158447151047718	0.6051134629763952	0
1.5429347960758213	6.726081232508121	3.060770669733213	2.4889899683506362	1.068118716331768	2.6042070521795124	1.3500970728080028	3.249292511448908	1
0.247906405340033	5.3395730270216175	1.0932646823415144	0.7459293659989148	0.23457397440906805	1.122882047640848	0.25545584078145617	1.6854355266605654	0
0.2569032262591971	5.632145037958625	1.4880609262675006	0.8569228200668016	0.3900807060644171	0.9074114272675599	0.8464689455035949	1.2325311062338968	1
1.457893832471792	7.2119658746963005	3.096364629058525	2.692171465264745	1.2422796384805226	1.8493992486744695	1.4260197545929405	2.539071234739332	0
0.28050638870268524	5.360771842571389	1.0766393078577021	1.059143544757743	0.32401641249665103	0.5773995720156321	0.6371692461504884	1.6586470364466472	1
1.7622276666220171	6.414872056632506	3.4026296887537804	2.916921723129503	1.013961759047601	1.4205750075967234	0.9954715297485963	1.8308519690341514	0
0.4204325352299507	5.487528469157533	1.2967251702570732	1.187660478833631	0.28978486004348314	0.785042445264201	0.6688544879909007	1.4806495396010362	1
1.2444427368796493	6.452462906602094	2.0405447760498894	2.1399132106231056	0.4277091970543288	1.045563067578294	0.6328503175247324	1.905028628953922	0
0.5666538199252353	4.48068461343141	1.691626009421031	1.1419910119700547	0.2576222697304521	0.5953854982774489	0.9998595232934726	1.2352098092477788	1
1.3936919315003269	6.146521958586964	2.130847329739736	1.0889995674850497	0.2516610348725674	0.6319045553187267	2.9548269422279874	2.1905132175705266	0
0.9922512726767	5.692402635876602	0.23007944231532215	0.8792947421874291	0.14829068641214227	0.8180602922587419	4.00539130099513	1.4727013888606295	1
0.6961426895397439	5.822594906228686	2.979674027305287	1.8501698767744776	0.30607193756337187	0.3430434559327701	0.8385021484193164	1.0727473224730553	0
2.1461300935938796	6.6731251336165105	1.7485909738266763	1.6294169947494128	0.31858463164159645	0.42388115362895673	4.037881788721237	2.657009506387623	1
0.6360317069745214	5.383508796772102	0.9198444100734526	1.724301134023531	0.8890839614359387	1.8034574469738645	1.2469748208704787	1.5215461480171633	0
1.1413205031564795	6.770471712893721	2.2587690374096105	2.8589269560527035	1.1311117467586964	2.3168528231250547	0.7253239122551665	2.3026450911941176	1
0.36421941272826486	4.273817621451771	0.989987190796492	0.7762927616466142	0.1915950910151759	0.5679693708317161	0.6058448521571487	0.8086609767722854	0
1.6539522817407437	7.089451723767619	3.7354648085232958	3.0193609056837	0.7467827297258547	1.0275458402342494	1.4785316425863015	2.2213316526794524	1
0.9635940769900216	5.986097671158731	2.121255044493246	1.8226765718627764	0.6683215591242895	0.899551407869857	0.41045264961920336	1.3615148697556676	0
2.2317977552723343	5.4919278792888155	2.992652536027068	1.8662483212187941	0.4244700317024148	0.6777390831572714	0.6753802797657839	1.3877183467709078	1
3.783271030312949	7.824661901156918	3.74359251941363	2.8054732986380264	0.9139279426849666	1.5063414984293413	3.402090316210747	3.3437695197596318	0
0.9801665334616281	6.30040296910131	2.3540003799402016	1.8875392357289837	0.209669178312192	0.3608372694307821	0.7877298230458931	2.448061113667178	1
0.5748871561625175	6.396558252921518	1.7337065377794378	2.634683492606225	1.2076759392503171	2.432208860787551	0.29538234907796884	3.0391030172518043	0
2.8249142961434517	6.506621078938001	2.621147909071691	2.0042599164437833	0.2541382154164331	0.72880385776798	4.539807858948933	2.134556897675475	1
0.49591501103023644	5.525128982280959	1.0000434719355304	1.4864563880188717	0.4650036501573501	1.072336757255847	0.803793700647009	1.3945601055369232	0
0.52020945755633	5.123562112951467	0.7569197834570117	1.1339472569555984	0.43210703905458553	1.3144760733294183	1.6438973084856712	0.9765576426608039	1
2.0817014860806804	7.39415002440236	3.052509503641532	2.5083790059731426	0.488291629681392	1.2401118509418092	3.80314520024228	3.4687282961216304	0
2.083346407757048	6.418315505677036	2.2546125944449495	1.7575302776773947	0.19702952899950343	0.5336824059089182	2.907179709545532	2.4514963567353845	1
0.10972398187736908	4.790824516251008	0.9776115818557389	1.0466521052928555	0.3397952806181446	1.0050705442597456	0.1487475376805235	1.246256130580672	0
1.5546226336607873	7.028000348012175	2.4627888445343813	2.1697848615774378	0.6934471355689432	0.6830463383805158	2.385822691564101	2.5760566729767116	1
0.44670301612440916	5.786027678131089	0.7258079627994936	1.502898924873179	0.4989675944126059	0.8002511754741463	0.5013872218548386	1.5213932745415053	0
0.6136168416031371	5.997433944748952	1.5057204906024284	0.9179693222527102	0.14366734981241305	0.44544194558379785	1.6272581840040166	2.1779398159243524	1
0.2255965402752764	4.536444778729394	1.0531266585069783	0.5424173097547809	0.3050405387479273	0.94960944706698	0.765421329429965	0.7414133979694334	0
2.328408773003504	6.452086808610337	4.355398994875341	2.514918423855972	0.4746304091727261	0.6460555730260947	2.6541500029198386	2.3899364121967737	1
2.4093476253669635	6.323916212052098	3.8730160294314513	2.292575160364727	0.3215616238854588	1.1165831739893461	1.7197083546507048	3.046952815295132	0
0.43059339813506065	4.72169643221539	1.7254415881904066	1.2080046654393066	0.29750120658022317	0.6808620261263069	0.7018095536385981	1.272005214717763	1
0.0541936343324396	4.401954254158213	0.44135978330398806	0.6787743850097584	0.3584224162192939	1.1659593621277198	0.0792750284678589	0.7076416267103978	0
2.9006355709617844	6.399343240175208	3.7263775305340205	2.014929686853382	0.5731410506596795	1.006533548799982	2.4629507057685434	2.6754168104875076	1
0.10804690408313387	3.6132422363368684	0.20706294868240163	0.4853354932427172	0.4199267000491685	1.969194104448615	0.8417826796990935	0.5159444999358379	0
1.488535015066438	6.208316749323313	2.7931753558481693	2.036690604612203	0.7247427421496959	1.6896898289911628	1.0589354715152113	1.3641765558662717	1
0.08076859799755014	4.225415221390568	0.7398399085519277	0.7090205297162355	0.3217718564106544	0.8015530544037318	0.06358963358613921	0.26674695412964744	0
0.7914075497274649	6.0196471601169215	1.7500169122312639	1.274943718196515	0.27071392422162643	0.810619056700116	1.6040634960966456	1.867284294314301	1
1.1725440548222756	7.498599210123979	2.7817342738994837	2.4732388449203184	0.7436026240484385	0.6389127230842527	1.9841001113872196	2.477143259170166	0
0.21915962601189995	4.844989913712832	0.9548573850229718	0.9338948658225121	0.2972783802501422	0.7606656322907681	0.2581167951892737	1.250760965824695	1
0.35150862144732625	5.440885801817856	0.7499055143785542	1.4848492710891046	0.8337348688695921	1.5943039698493837	0.09141989517762143	1.8257743478153328	0
0.7556523859113424	5.924169697451352	1.7239623111622295	1.262034143739206	0.37150838249663637	0.8175306078499772	2.48788554181352	1.8827725509286066	1
1.128785788675657	7.102834937320945	3.0849969433049607	2.7063487544624527	1.598114038702657	2.614047166611091	2.1651604170823737	2.96518543336367	0
2.1372386404060526	6.7808202538382965	2.6019560830906325	2.3970312632859914	0.8452672286207785	0.7034934726140896	3.0546519133024366	2.015929160547149	1
0.08861692074751962	4.056575195356091	0.6155477356875094	0.6875817220870638	0.176404083029917	0.8336914255522537	0.0416533288660797	0.7877753096387278	0
1.9081489417336153	7.7752179279679545	4.550551368171964	2.6768690836186355	1.175665918110401	1.7774238704606888	3.7955543555881435	4.346174043025866	1
0.04797935936556049	3.5610830137402707	0.2839827383451765	0.6606601452255292	0.43654379034542845	1.6486586255873816	0.03942549987535682	0.26359427692269105	0
2.5518563242576957	7.010431805962677	3.635773992426831	2.268148915672918	0.4840791033502816	0.6943963999603772	3.5223849855637326	2.895503014895006	1
2.3887994858094768	7.188296113382544	4.049075192774565	2.7332825054311667	0.9332265085803574	1.041371518495795	3.112612679740713	3.051866830097561	0
2.9050249841775337	7.226521324961672	3.899170768114327	2.6966588992154406	0.5385147180273686	1.2248924545784394	4.416901379310303	2.749985176029928	1
0.3166120362391634	5.374366417873776	0.8963736980337964	1.517607670615811	0.833083020857462	1.7861102088293561	0.1513123699196096	1.6388802030340581	0
1.7641655686356161	6.490968572763461	2.4971316194105695	1.834307972474011	0.22563644147989914	0.6416433376928297	2.8446942443995122	2.6201729948451216	1
0.4108903647532291	5.184599245420747	0.6333918682844581	1.3625138324544872	0.8875619850412831	2.244701710545496	0.2348112185818823	1.2821275771252718	0
1.074319596099065	6.098033157725136	2.9972061868099913	1.487134676045962	0.29143751195319806	0.3790253033995255	1.4610771055635763	1.9171578786223886	1
0.10870192692019087	4.405707760273964	0.7078387293029352	0.671361588488023	0.2449050430957225	0.9598864759918011	0.09834194299867974	0.7521233856602426	0
3.800051798330542	7.333331724900422	3.3799260763862713	2.7951143544769197	1.0544862306255545	1.7231058259110068	4.555417809040386	3.942204914469195	1
1.601264601744939	7.536394497937564	3.5266251954700936	2.4436244799588827	0.9196052328419849	1.674551268322514	2.566717024985566	3.3477895725615086	0
2.3614953048727654	6.966971568387395	2.9355203790539184	1.9599116686911269	0.9341306500024861	1.9249345483804714	1.508467745077567	3.713747661042817	1
0.506992285905575	5.553667473844007	1.178716532909771	0.9536250515208451	0.3913932286638241	0.5964490379807716	0.8158071932958328	1.255359594342634	0
2.6146475341712048	7.018409140134466	3.877404645182437	2.2819741390899213	0.7848599884831448	1.228616635238696	2.873598537310334	3.3830605661308186	1
1.203122442871097	6.674007955868718	2.719998534618051	1.7976918378811633	0.8365113228678155	1.9817460192063823	0.862763364856346	1.7067460949010984	0
2.4303008575885086	6.913830388081072	2.8979595642110882	2.0327167431736	0.5109116200682027	1.1839333489882093	2.273691669339064	2.5375939720670067	1
0.5492075236753265	6.199903513994238	1.9109341287192523	1.7064738749456947	0.7542422799197561	1.7679106671960654	0.43208756466827153	1.3300414195690922	0
3.3492231537375905	7.359807364119594	3.00350697210789	1.981346237013422	0.6161473386710775	1.360899627099946	4.341869783480084	2.024536469510503	1
3.175375246142185	7.976059345330278	3.0553116434025167	2.5867560085424857	0.9056745794109659	0.9208403665727265	6.447491740668924	3.0209076964019985	0
3.315338068065303	7.816268403528962	3.776230773316664	2.4888156662847156	0.6944962701292408	0.7464035468603768	5.507125454353384	3.075928815548268	1
1.0558091663428002	6.603836366252505	3.144122105803275	2.4866634390629927	1.3511592903515612	1.83117247158489	0.6583072577172377	1.7506943896094558	0
2.4293498937855427	7.094122806453547	3.4964378620678365	2.2268481024022906	0.5245569165772876	0.5655694581872167	2.1370970541679983	2.890755017776047	1
