2.7212756908153515	7.256850227202443	2.7446970919943756	2.61400322312241	0.6342460726397844	0.8862438105218584	4.56699884205429	3.8820234860850853	0
2.503908302795131	7.346137492135147	4.0320861064255284	2.31984527532809	0.23597290212613484	0.6013169387416559	4.897707701674079	3.2364524470405334	1
0.21321442023632478	4.754927227908646	0.6975873085859664	0.6905889109770683	0.398299496323253	0.9512717007694006	0.2592054344592318	0.9248539625346429	0
2.6916633334511975	8.150332462335722	3.79157366834721	2.349878900084188	0.5509151901262143	0.392102896737932	2.9303453926610237	4.303851556893401	1
1.0168597867958507	5.477015282545368	1.6226699812028185	2.2042222585771416	1.0041184422396752	0.995508483980784	0.3428802329165432	1.620358069883091	0
0.35504862219414834	5.338128770593713	1.238403216130443	1.0595942216473806	0.5899953351044754	1.4799440721996437	0.2741103924216863	1.0903448742496826	1
0.3787651488114644	5.3016672494199195	1.9593903106120059	1.1302724413959786	0.2858554051103734	0.8450954368320035	1.8936840889499804	1.569011672925832	0
2.573726113425584	7.350937855552612	3.2475410240819653	2.7826689951451646	1.2322686734807833	2.5760262431554843	5.329328026954629	3.8897794414685105	1
1.9386984931774192	6.910871219393727	0.8560310434614247	1.9403662385140106	0.3697619344858548	1.397382658105311	3.4865061990081916	3.390449833115391	0
4.033796291657501	7.7251904696790445	3.770940892010547	2.346391429931255	0.44233691088401533	0.6387543507293998	5.10221062925527	3.3938571748030677	1
0.506992285905575	5.553667473844007	1.178716532909771	0.9536250515208451	0.3913932286638241	0.5964490379807716	0.8158071932958328	1.255359594342634	0
1.8555789819410091	6.122513642630708	3.074048876981745	2.1815467646169897	0.2527955530960372	0.20547640226044267	3.8099814204660536	1.93956146732737	1
2.9658141567667062	7.922130484201547	2.5931854032448705	2.5484524908817296	0.5575393479109059	0.7591221694834782	4.683376747437956	4.48770559962135	0
0.4519223945028924	6.146101822813975	1.948193255069882	1.6848421868819776	0.616660227026528	0.987345476239523	0.8029876462394774	2.2116533139883403	1
0.030444817381171472	3.9793844134687175	0.4908535021064529	0.5560895781588645	0.4729555181316193	1.234395311137183	0.056343470752906494	0.4632810834849088	0
1.5040551743071346	7.757129710374012	2.9929885128829277	2.442329643913626	1.216069345273169	2.1057060888651056	1.5789580861801253	4.116855935850859	1
0.8010594377543409	6.230531249487952	1.167111705092802	1.1901273975038829	0.3920083034215551	0.8218481755756791	1.2685238253853828	1.2382582822924864	0
2.036494895852307	6.797869763157863	2.727584818630771	1.614286140758921	0.22703995048221928	0.2988667896514032	4.140354675151429	2.8963538295737123	1
0.06145063351599729	4.964530620766233	0.763092931246612	0.7092665624398284	0.3178280808947898	0.8196036045125046	0.29525581908833176	0.9589670061545914	0
0.3551187336714259	4.9606926660954205	1.3060599684092846	0.9360933591703348	0.22396721201258674	0.6198665583655306	1.178439588527664	1.255701503910885	1
1.0561222370471575	5.50976073691401	1.5810795893290457	1.3334208715128224	0.271636528470813	0.7979575449122904	0.7196430443639105	1.3340795896711515	0
1.0630541932673956	6.157196970299737	2.1814226034104345	1.008103895146607	0.18647956694261839	0.6226764318359228	2.7077968356745674	2.430529658321669	1
2.6710611293172843	7.281816197167825	4.226652706983928	2.7403431262984723	0.46239979321900365	0.7307800953667962	3.6617240613685644	2.9640506697627163	0
0.22587581527918618	5.314827324049849	1.9921392132770392	0.7494802539001061	0.16484472274262174	0.40721690614693556	3.0957993034045947	1.0167150847010353	1
0.13033503972693475	4.321203868228096	0.14969505396686053	0.6942965198164668	0.29242331497699836	0.6565091294620421	0.08363961565245633	0.5732312468929204	0
0.07763396282168468	3.950420302744559	0.6232235188793146	0.7365418628791345	0.48412224093144085	1.0008524442171927	0.06474599961242382	0.4285955254970187	1
0.31934061045204226	6.409215046471424	1.8195205400134453	2.354826437839709	1.7250497037556722	3.0227198117625784	0.6838238530990612	2.3055108089102494	0
3.5367766759039783	7.443950066913667	4.29706905628622	3.1623012405666153	0.6849587466543781	0.10046957448082477	2.476008848164889	2.8651679035328743	1
0.24945826222561257	6.084259293132512	2.5283811233732796	2.6002051199847847	1.5755294641829134	2.215566443250697	0.7884573603642703	2.1990673228817053	0
0.4386484018983972	4.762841233471986	1.2990465925556105	0.8061633170286486	0.29353491112701613	0.891670116691908	1.5824777308513172	1.05347544299658	1
0.21545003194519158	4.465881681523516	0.7027509167026402	1.128559365036062	0.35117786263433864	0.7535364805727294	0.29124322401786773	1.2953023446141327	0
0.8759269656845939	5.6123292472390665	1.7038749839175347	1.1483543805629237	0.37485468644202685	1.0080309104368712	0.8033011890518376	1.3894394102639636	1
0.1883616122112211	4.945985833471794	0.7770746404952313	0.6386698752166888	0.3468043899033093	0.7544774357115512	0.19283278641960216	1.0614986873280086	0
3.449076019406464	8.916054972134148	4.075504871153982	2.7360997744156195	0.6086072923787591	0.9550113199857541	4.751341976108713	4.6884096248214515	1
0.7077894572968154	5.377553133347726	1.7521173339556115	1.140201988427273	0.27788927918891504	0.7211999950019804	1.0816017598347034	1.5912332077792541	0
2.3614953048727654	6.966971568387395	2.9355203790539184	1.9599116686911269	0.9341306500024861	1.9249345483804714	1.508467745077567	3.713747661042817	1
0.5789869496146792	6.0842948363421225	2.215282764591249	1.9491192799962618	0.822814868681982	1.0402413753417803	0.5504078100415289	2.281095844151061	0
1.6505414673125176	7.386876342814274	2.915172765695574	1.5168400509665338	0.19471938512965056	0.30621919345019216	2.7648022360851585	3.4046381221863213	1
0.17620287578577742	5.556967820272622	1.157132737480118	1.1782241343031583	0.22632249312022557	0.4533977618634672	0.5335768408719603	1.526425800440036	0
1.6277492322053533	6.200618498695336	2.77499831683358	1.631923212653172	0.5921106363821734	0.9127243799945468	3.0068452945575603	2.9940959354827945	1
0.01571290321466238	4.05297728017073	0.18852726151545865	0.3790253033995255	0.3833558225200634	1.2337840018975652	0.13047547807034415	0.2520419413568586	0
0.1595986696866868	4.557387564077448	0.8518588717147663	1.1899752946820823	0.4895611284612664	0.9479831786066447	0.5807284810902122	1.3182831505033468	1
0.07413204329258107	4.222010453041211	0.5314631965158304	1.0198576399792045	0.48700208342291007	1.830723739246196	0.020505321525221176	0.8667642967237535	0
1.6365860443531124	5.563376074662834	0.6369788646465342	0.7992624113486467	0.13644339861654817	0.11999392317576416	4.008103797325596	2.7472068096367317	1
0.11570086945205887	4.895634384734966	0.7863642622710791	0.9797161337242537	0.4615618474600345	1.1431394107181871	0.9491450687451022	0.9963211317796435	0
0.5286969755849539	6.6131654024948014	1.4972541714281487	2.4770172770342667	1.0567133255364036	2.4565071752663026	0.6245149583169507	2.014622981334946	1
1.3635885235842526	7.081482342026918	2.0102924079845814	2.6437676472022305	1.0350333070252382	2.03804646631345	0.672985288735993	3.315537817833985	0
1.308305792257915	6.175198023341072	3.9973397807243733	1.9765779062205968	0.5306164862870834	0.38091281900532503	0.5412539507739023	2.6403279506058293	1
0.163096262808822	4.582736420281094	0.5326145124324794	0.6269219043171543	0.20073432980108	0.5919889340989991	0.13009800528998886	0.5537989026138579	0
2.2317977552723343	5.4919278792888155	2.992652536027068	1.8662483212187941	0.4244700317024148	0.6777390831572714	0.6753802797657839	1.3877183467709078	1
0.7364939850633112	6.352552912558521	2.3366579633271813	2.690035574379888	1.517607670615811	2.2051155835145453	0.5752585143248488	2.499934825612944	0
0.04583437154378591	4.078704559171824	0.244027946229933	0.6948457371955268	0.3014074470702573	0.5617677565035055	0.060132265334754596	0.28516390452661167	1
2.36398118185912	7.428375261042169	2.8643585514832677	2.289601165435751	0.766815770485146	0.8819063050123243	2.549796671641956	3.0437459458554366	0
2.482637410343957	6.719474159217312	3.2753053064348934	2.0976006622957457	0.4420541563387799	0.6813680785236494	2.6917378756099053	1.913150801958409	1
0.08861692074751962	4.056575195356091	0.6155477356875094	0.6875817220870638	0.176404083029917	0.8336914255522537	0.0416533288660797	0.7877753096387278	0
2.0369906170062695	6.98127958798051	2.4823784565991667	2.142322439719037	0.4506997525527936	0.49912544281775406	2.5858072347237333	2.6778658699248945	1
0.3949702290155128	4.507369908462178	1.1139605656149092	0.890193132752282	0.27486275498952156	0.9374258044041134	0.10156331540944123	0.4781329962193859	0
2.6758506484799267	7.26637703664866	3.750172088054699	2.8446942443995122	1.187233480321638	1.5868036799251657	2.182843891381497	2.4060347841890692	1
1.0460199052156036	6.210983939083157	2.909716764159941	2.6887178632026343	2.027687614901684	2.8749309374080845	1.153384524515089	2.264052143277262	0
0.36241841856579815	4.638962731722841	0.8581106198076925	1.0370205326614688	0.32492727788168374	0.662827138648991	0.42295132911543964	1.002174807031104	1
0.478535875884681	4.960867852546809	1.211613539421889	1.206389880841541	0.4749227604566443	0.8517735438423648	0.27095800153432664	1.5875398913328842	0
0.26171020446302645	4.690977171322511	0.5650751442082363	0.9342092323765	0.44755350040814373	0.8010145514289524	0.22500581622201635	0.7809748909254656	1
0.20410751011581185	4.752278123825874	1.1662086299049188	0.6794690601249725	0.276631236264696	1.216543461499788	0.14966061455439347	0.9300752868447717	0
2.8034452257919544	7.813224711219907	3.393598583786825	2.189371601052032	0.6144880985681025	1.4898432367484495	4.737904010639819	3.173815695461603	1
0.1602889449293802	4.234633901730823	0.3081242011057247	0.9397728560213585	0.468715299705512	1.1036329971249736	0.05134119324038207	0.6560733611801143	0
0.4607862796961259	4.862812550581756	0.9249729322569888	0.9601544955205426	0.2991782375902073	1.0243196840862545	0.42156808968956194	1.2956856122491356	1
0.06865348056703477	4.0614063394995	0.36946480386712277	0.5838567305940352	0.3498889712193128	1.5026096535012392	0.06164527724102081	0.3655801744092494	0
1.8150690119970119	6.034172202651483	1.4254429562881172	0.9697556665431054	0.30473091155133963	0.6060794383454624	3.406874569226443	1.691754954923314	1
0.7213944434980478	5.476919933129416	0.8795437565070389	2.519235610111591	1.4616105316793153	2.433972939865013	0.18012748491096822	1.964661804105518	0
2.5584668528960286	7.66592726867248	4.093577601516249	2.740549659192797	0.7116744851738289	0.803659403357374	2.695518675162721	3.256310328313713	1
0.16124261535528384	4.816620841063581	0.6563846436143662	0.886820725690124	0.38031822568620843	0.9304302954278743	0.24033099729685414	0.674137638688364	0
3.5942885155935764	8.879258986570491	4.785215821503572	2.637270019041163	0.6716579317169606	0.806386576166456	6.357580533818879	5.140521969467552	1
0.160442274742107	4.60711329692468	1.1124494454561313	0.8316474578050503	0.2666320675034733	0.8351674405803743	0.19265960125536497	0.3862754928816866	0
1.0930971079799996	8.034658446675667	3.6016998811619767	2.0139425594471403	0.5713071765250066	1.06398633674688	4.490267622784789	3.8704152856399565	1
0.257830927482265	5.344348489967331	0.8544578804421957	1.2329683411671886	0.37416706092328056	0.5471382664243101	0.5946133102443963	1.1406815050836805	0
0.17003808962710426	4.986356945686628	0.9680479186469931	0.7716348336086865	0.14896296113924787	0.5687737257201884	0.7845862408767268	1.151868654968541	1
0.7831249866781772	5.5333871171832065	0.8148336988165445	0.9735780262975334	0.2955981574112406	0.8462973600536201	2.0931965069121716	1.631199404215613	0
0.8651237452989107	5.607855471322018	1.3742217798856213	1.2526772505359745	0.3061750189609524	0.6912503827758858	0.36957537441124244	1.0505068899932624	1
0.42005154030308484	6.491997078284712	2.605773813517224	2.2518600581690733	1.2695638963163975	1.867964051481788	1.0233857424256394	2.7709373594905506	0
0.2687973737302308	4.976121831103094	1.5419296526513395	1.1013751351570378	0.32561349328633693	0.8123958083779389	0.6460084021022435	1.4088627679623635	1
0.570923047814571	5.5075210072085605	1.2997283394902932	1.4878576765293319	0.37880623035148014	0.7926757232748454	0.6870637137420843	1.8084526921697155	0
1.5786900034853197	6.9488587378875755	3.684148279738035	2.878389141125993	1.0577555713228022	1.3146909422601978	3.8347034200227026	3.745788948087016	1
0.49293249222185104	5.847121778751809	2.029279186486772	1.7218197210233732	0.4896285446736652	1.6642290821167915	0.41404816803863825	1.6672916400429498	0
1.4182774069729414	6.877336689229218	0.6068646288217475	1.7063286606636148	0.26946972998211327	1.744807614332263	4.748000459694688	3.047465721059944	1
0.12226187953295534	4.599225551609759	0.9061191765526586	1.050786659185505	0.325873409825712	1.2380263444507877	0.297122372271132	0.45373450177954167	0
2.186197333487018	6.3093057270189625	3.779718288700443	2.2513128510164706	0.6426640841891147	1.3864943411225568	1.302613794453953	1.8051362662696937	1
1.8543742661942377	6.2626722848478265	1.8568603322218022	1.4875188351377437	0.18087884992602984	0.4227023561277224	3.236747176687164	2.642729151646981	0
2.9819882557617317	7.45085700008839	3.590643498398406	2.577303499053968	0.8674785674627196	0.6399468056919643	3.102548728817189	2.632794904356604	1
2.6103932698294163	7.1266728735060285	3.2241459135237123	1.8052020449245438	0.46439417563745194	0.48152450832035176	3.154896080918908	3.0922099533830383	0
1.1515841734342154	5.046453430172352	2.6884187591529827	1.7836096830876016	0.5798496947662322	0.5447805740159427	0.9259241808423931	1.692049625079043	1
0.7022555729239363	4.920485907792319	2.0993789638123523	1.7841136476191657	0.3829127036376529	0.4791244081950548	0.6855886869820659	1.3220757887932395	0
0.1612511261746629	5.170448198942934	1.0425003858679418	0.7232398208671145	0.22633844221072896	0.6010757503394561	0.4618580438593174	0.8378534015592038	1
0.9491450687451022	5.811057456553499	1.1323049296345793	2.3429685913889258	1.2368948764681162	1.8235487917174624	0.36698065718065254	2.1340007471691838	0
1.321062266182275	5.947801802725868	1.9016298003637095	1.2009281741397109	0.2865914779697514	0.4259276483328568	1.774036677573484	1.5995693782354947	1
0.4067509477286213	5.907763050053661	1.1865315867059931	0.7119198658832289	0.3335751870798392	0.3292677752725989	0.9146093190916169	1.5066296924524183	0
0.8664279927017509	6.757580551238203	1.7164969847275082	2.5890188866699524	1.3469556410040615	2.3300348767021455	0.7333289701927771	2.714376812491367	1
0.05226981743368125	3.8540484939652204	0.36960992519917657	0.7918153523566466	0.38797979376714486	1.269760544863939	0.015529786208290926	0.435379834056367	0
2.6913176562763432	6.346875066999442	2.3438421928422475	1.8729707246528782	0.7617399720255572	1.2069882532863934	1.6415952772331566	2.3764023085964636	1
1.0002641656503337	5.666385164759	2.7436232439467663	1.863614906328483	0.46879039357288155	1.1146168628098254	0.7227059828014898	1.8388656766553264	0
1.137897102331012	5.127781682691455	1.8343558885250986	1.205461695377355	0.21477261256444743	0.6793879550685346	2.1745471551073408	1.7265807432030607	1
3.6860128493256354	8.034669463811332	4.673360468820249	2.712712648316454	0.6326484883140493	0.8524133254853945	5.727080293836124	3.674562453219143	0
3.151119331607741	6.987725768663402	3.99836215652457	2.668727082705691	0.6125117972889196	1.0104730031014106	3.516286421397628	3.1807668135453873	1
0.8550534224029654	6.708062594000674	1.279349257331826	2.7119758191046826	1.4785544395451882	2.717115652115821	0.4240774848534506	2.667679493625526	0
0.17720013132085785	5.838934969251268	2.0441251965522684	1.0809573534293888	0.19169416304061948	0.43052188202602654	3.4836924644196365	1.2635050650272701	1
0.42925324674461196	4.9052207029023	0.702701393364757	1.6035807929497026	0.6609958205428604	1.400591665820715	0.13739392343881987	1.235180731450129	0
2.4180365236820274	6.9601610892942904	3.025198838532101	2.32868159771532	0.42832189025109196	0.8390640554601001	4.146895898276618	2.717432714011601	1
1.826659966236111	6.2021945683832245	1.9281534274660543	1.3282414296712735	0.15732848240279004	0.4637151481296104	2.672968643148055	1.7168922345485031	0
0.058271738308650074	4.553327266900343	1.6719431177854975	1.06208660731866	0.22438278314916058	0.6996758225226455	0.3731691633073432	1.1829227993776283	1
0.5474390948618081	5.707289650651618	0.797507195884188	2.5310027119309466	1.5044106745663945	2.1129246724963844	0.37808020789508523	2.2588003806230237	0
1.3656578862694482	7.195521997851309	4.3161004845577144	2.2110726924879383	0.4116260902216371	0.37297635107143234	2.9152052819672614	3.04664874695343	1
0.09765288806461998	4.725022190961721	0.931061110777605	0.7157400292125798	0.3039490449156529	0.6853417976602866	0.46627167415605747	0.577079547758431	0
1.8223694986718932	6.403588270683476	2.9078241309538853	1.2342789000896432	0.2921097557789327	0.6633784562863128	3.0332688770827168	2.516211499616413	1
1.0257548163647188	5.674908264694545	2.584344661994057	1.3252962320583084	0.29693661674715743	0.295062271661164	1.4675747640709884	1.8904880420878334	0
1.177854676170877	5.961808882675447	2.029371183411511	1.8569071797720744	0.35222606232439846	0.8077696713966428	2.1963019296054545	1.23587836533692	1
0.22941186432696015	4.701868492807251	1.1445093830551138	0.8218921364505075	0.2841784419000789	0.7481560635907446	0.2841784419000789	0.7584198071761413	0
2.4938168359177566	6.7679172987161715	3.3555233572820757	2.1970245573335525	0.3962023408289793	0.3775593388544556	2.409392561310783	2.8334662532484605	1
1.9138295984488285	7.4284153060898825	4.010948460424405	2.0246949230047337	0.37248037740297735	0.7367333512228667	2.5217286550069735	4.00273901179661	0
2.8152829630127094	7.831052130582221	2.93782769905246	2.667818310214331	0.5161593739965907	1.316542272929432	5.23537117697739	2.5700670091454616	1
0.26350207845004703	5.271125495912501	1.25647037328369	0.7166195367450876	0.20306328548001776	0.31771891575329425	0.4670743430731586	1.0779332774597088	0
1.258773440792051	6.801439084586603	1.9695569187753879	2.5079230615904575	0.9164507190755202	1.29765438595662	1.1788703577650945	2.130003944030864	1
0.2577845628553761	5.184106692403204	1.1101784750394739	0.8613698129743983	0.24098346944254073	0.580051268159227	0.9982024610690712	1.4557271358352273	0
2.485348218948654	6.948318936136168	3.3968445886556538	2.2831168097986474	0.7742201265864244	0.6517781614490167	1.9959376426549615	2.238665047227814	1
1.3317589747218659	6.483237923971992	2.9285823456599167	1.945109828884544	0.9617228832719896	2.2174192846217387	0.6225530277060201	1.5960689446951462	0
3.5164587219972443	7.905403447740655	3.5616282994465642	2.7760390131345742	0.8507490410634351	1.61710841873832	3.988726606021894	4.539953034633115	1
0.3711013806802049	4.052909532612005	2.032336831334777	0.9097091205086006	0.2095637619376879	0.8007451911579634	0.251637709353282	0.7499999921527281	0
1.7860599243027326	6.458148139876817	2.18570290145573	1.8326614605484808	0.3977756196237842	1.1059188638505477	3.7854910594238684	3.1342064305676693	1
0.06302644102041302	4.502883829147183	0.6149423662585544	0.7582792754977274	0.17988525809360467	0.7255175605903962	0.26854512354257215	1.1500339081549757	0
1.5775137148494562	7.730530795139632	3.1383770131950475	2.5072224562714154	1.2484680442124871	2.163265552744634	2.7268981244475543	3.812012596834529	1
0.13614671967334138	4.295827200696566	0.42722659988967704	0.5337820959901308	0.10798407112453356	0.2942206492913633	0.1802861534318841	0.5438347773729362	0
0.7626266003297486	6.116510697924557	2.807473124093283	2.2925347571405443	1.0669496081592682	2.1072998698082324	1.1199170551619388	1.6528996198446362	1
0.562292203138831	4.914466479103553	0.8222437538943552	0.660241684380383	0.19308014177981717	1.1260653154494105	0.15812278057965853	0.7614131212300341	0
0.44468582126144574	5.034047738026784	2.2367871124036136	1.4177688030796347	0.3323279466165228	0.9437113274501471	0.7124594915923183	1.4372250897884336	1
0.0867729318971914	4.074167364783283	0.6127719175960274	0.658296903124199	0.3001712568948813	0.7420801916691244	0.08390355270270325	0.4913675371088677	0
0.7182299609274083	6.486590117501101	0.7251302264129961	2.254895822618605	1.3817842056420044	2.664613680574482	0.19309662996191315	2.7156876282314215	1
2.1706410113531973	5.813160808063582	2.916164036634735	1.960052529633438	1.115174376967088	1.129594026276838	2.3749708687327686	1.4157317967735077	0
1.8402956328881204	6.947681320256124	3.5641293924967528	2.4990560728924196	0.45890476407947195	1.1017739520056884	1.9955842761558646	2.5573048277429997	1
0.5484103840932619	6.22063867786954	0.9193261204176765	2.533276090545113	1.4501842344309386	1.9391444561411133	0.4443844938156085	2.1643684560192358	0
0.8653342228733022	7.306467302925668	2.6536221740086	2.301374360352989	1.0789536510049254	2.0560321678862614	2.1546533686473115	3.18140238434465	1
2.6625506170308437	6.759183342322852	2.8317888004638667	2.3832706709052993	1.0356724888942357	1.2188811210590544	3.0246258060089666	2.276959545355073	0
0.7670944255120283	7.213537574579761	2.457621095093578	2.3935586103286948	1.2397645684239935	2.5869291003003636	1.3100070929477714	3.0257278735893713	1
2.7936589281715474	7.028716902017414	3.5120975252092568	2.274288493838932	0.7521233856602426	0.5729437180323447	2.0416747710396925	2.651931246836924	0
3.3492231537375905	7.359807364119594	3.00350697210789	1.981346237013422	0.6161473386710775	1.360899627099946	4.341869783480084	2.024536469510503	1
1.0067893546812579	6.114719694525022	2.1744107542705375	2.1544678420411048	0.6150721191335735	1.2311890591191759	0.8527117502312838	1.9718980895934752	0
1.5693864543077487	5.897697675790236	3.503832185941537	1.9979602998119528	0.6998745013093718	1.406880994728279	0.7672801524011724	1.1275236321625297	1
0.8473692864077332	5.795114753091302	2.593095661476748	1.5360066343482175	0.33547173628762944	0.5697810886087873	1.3017980006413734	1.1431394107181871	0
2.8840462383582635	7.124402897334702	2.6162711129825267	2.4091049363717185	1.165024054187361	1.6490239434660636	2.484131349320249	3.064875800358527	1
1.571092016516613	6.734368567313174	2.8783666507687324	2.5403965427912882	0.837377386231177	1.339097926288916	0.432730019256177	2.307890991784227	0
0.3329374251010812	5.619327826448261	1.1165504337991228	0.8539897056767758	0.1729948647709935	0.49926505717883546	0.8120851046314591	1.7582716250670656	1
0.18637167730531323	4.415218392839072	0.6684394428551899	0.776982686472178	0.2947942210575619	1.0458793620159064	0.17239747559626137	0.9790777199729198	0
1.3682831283180388	6.134073519799972	1.452877665263043	0.9417245331309652	0.18763242911253122	0.5950766946134658	2.2444261788205138	2.293514075431608	1
0.4846459059826057	6.394185894545083	2.3868435174180247	2.4121656915627785	1.6200612840712314	2.2718681203319853	0.7338571688077321	2.423855374467902	0
1.547839066215143	5.3915431026810445	0.407675995627545	1.3737662105426203	0.2678491946980608	0.6175342303407939	3.83878972754091	1.463093352089563	1
0.8309506847071397	5.220461765412395	1.4026105256048265	1.4994444590525466	0.39879625398286483	0.37171526906147123	1.793524577174722	1.7755284561176379	0
1.472517927868508	6.330033690824872	1.604767020784202	1.144668560426795	0.19073605539497296	0.3564779245316836	2.4111524611993382	2.060589961994474	1
2.0145429557267085	6.319357947661229	2.393439907838086	1.6203185035303123	0.5123864051128498	1.2376493306853198	1.2806282432148985	1.7438114503547093	0
1.0811269743270904	6.2763684515222105	2.4124793158524143	2.0830475322738202	0.7519348220430337	1.6528996198446362	0.9578548509518475	1.7431117949064623	1
0.08436596430230534	4.880816619843054	1.0748658949381091	0.6663770363945607	0.2658734845612639	0.7209082513453358	0.22173455915078968	0.7620200448463207	0
1.763137061765377	5.342925942909901	2.403877344475918	1.1612740497928207	0.18002726024058163	0.16307927247632087	1.9496602514803276	1.6117352714827837	1
2.2799610893560995	6.084454992954216	3.304565328568169	2.08986205900772	0.48686689181933185	0.9904701300484066	2.0737503776845454	1.9225830323224111	0
0.0986591113225667	4.912507080695778	0.49926505717883546	0.7350086346548628	0.24797664184197185	1.0764007623028897	0.6999241648389692	0.8261034078085707	1
0.5955012750709471	5.710752130082919	1.970728189319375	1.396690137302011	0.6251252661130356	1.1481323451315006	0.3384488532553775	1.0280825224775825	0
0.28050638870268524	5.360771842571389	1.0766393078577021	1.059143544757743	0.32401641249665103	0.5773995720156321	0.6371692461504884	1.6586470364466472	1
0.7486291900189495	6.282885807574846	2.083172074581003	1.3290359422796088	0.40949696922153506	0.9266370239282993	1.2100940313308721	1.4647820141686319	0
1.853183771215054	6.724534838313093	3.164846158448288	1.781961626747944	0.1429221610112164	0.21077942961043897	2.864461181666895	2.3856570539971225	1
3.290198779601507	7.554511235613182	3.8569055662053366	2.5042516560517765	0.5719451819047642	1.1585150814011527	3.6714585881709723	3.1636041006976954	0
2.4293498937855427	7.094122806453547	3.4964378620678365	2.2268481024022906	0.5245569165772876	0.5655694581872167	2.1370970541679983	2.890755017776047	1
2.4411289024421046	6.913056104747873	3.7421713749164605	2.2787636008680434	0.5140743409650446	1.2939597499170947	3.1113796970799528	2.2934030669191596	0
0.23568853294983694	5.064112235922736	0.6002914860405933	1.9707699950481594	0.7272587101887131	1.7239801468067655	0.23067511772955632	1.0509964347264464	1
0.2556726950020568	4.943964011349766	0.987159176706596	1.0400293312358118	0.471870635304776	1.6744950490674044	0.11808521221866929	1.114977642754374	0
1.1854625415668392	6.552426285987769	2.343304682271063	2.716752228396111	1.3104656786236573	1.861207792536633	1.8115947757288258	2.8866147090184526	1
2.372614760155897	7.439636391943797	3.480353542623108	3.0522732746116654	1.2480949473608276	1.669064389210651	1.4829672483801515	2.6387072683509634	0
0.5976654860478139	4.736844730737135	1.832869422284271	0.9840241439082456	0.24542154373717903	0.6335563991463078	0.630244653786845	0.9659947640532706	1
0.5956831829543991	5.398190755422881	2.1989453182342857	2.1980020528016055	0.9950649430383804	1.4857323733259475	0.32330738759319766	1.2773161985501456	0
0.021926840145943562	3.8388822576697543	0.3448017355409289	0.7107906157325405	0.2630332714016699	0.5315043377743474	0.06735392915440211	0.5554126815318429	1
0.5002236206205518	5.188326145705516	1.4241198706598708	0.9574710621844718	0.2739963486971987	0.6197912332569463	0.981853728057914	1.616115567187341	0
3.369235327255449	7.642531664180571	4.028259957624322	2.219323042125035	0.5856343503339763	0.42993005250767724	4.614792740356139	3.7991319843321882	1
2.0709304246614084	7.010253923390246	2.514643429718084	1.7365286082286362	0.5216409269573572	1.0207228166734028	2.374449836705425	2.5432070039584245	0
3.7398909588024987	7.358785355904039	4.375719285099215	2.8008299092346696	0.391007769269227	1.406709545862483	3.3131818643286772	2.9133393061825563	1
2.7688504937621286	7.126981166262242	2.1431672325603808	2.931444387671447	1.3800750613059738	2.315955311932217	4.961079436858691	3.335139484635174	0
0.3353144237573619	4.853419142730765	1.2188811210590544	0.9749746482099314	0.2967062319663974	0.8954347499947777	0.6012456845862753	1.1686357400362506	1
0.19062862403730918	4.26007084266636	0.644377016190516	0.6995267875239843	0.3534276772706264	1.2146159644244159	0.13903124069508876	0.75541750628607	0
0.7002220942319071	5.922144211296155	2.70201871487045	1.7693434299437227	0.9168905519461227	1.7024545550006205	0.7941230978999475	2.0569147070982248	1
0.06162835320362198	4.10136817215856	0.3566739439382325	0.5575565262535971	0.49580538260956775	1.4130823378762738	0.0788315129347733	0.43796456619875107	0
4.057867282411829	8.197979474081324	3.243221060056858	2.256069839252577	0.6862937493589301	1.0335758658202736	5.860395263860235	3.4636650099806308	1
0.10167172041063136	4.956036894738838	0.2936020149627712	0.39786966898633325	0.4403559480545744	0.8072791146048579	0.31739862923971385	0.8530526980695677	0
0.6366667721165012	5.178347879848699	1.1912522399165557	1.0896724470986354	0.3183955476077251	1.3662191966888395	2.1145432062651848	1.6937606783459525	1
0.13886588886518114	4.54810553245839	1.1977333795359169	1.0780693874367804	0.4204128321552854	1.029440829806811	0.2912805900140683	1.0072277268662573	0
0.6877828180607947	6.129481271824168	1.8475410096868157	1.8844601867390907	0.5571556213485969	1.3757135815757036	0.4616059673779786	1.7487823763729144	1
1.1237925871984078	5.955561683798636	2.3267995425021817	1.8306916792298424	0.6377243186016933	1.2948367506310556	0.551376221461459	1.6899297500029349	0
2.4924200202645146	8.447734318510346	4.349423377779719	2.2274088581431633	0.6224403410686579	1.1304339009910658	4.0238219498493875	4.914989658032771	1
2.268604227828305	6.058063054391402	1.9422893160297523	1.258716638747162	0.3028859061940536	0.6870888659759813	4.349456954284434	1.583176069245175	0
0.4891749298461682	4.693281790838349	1.3414277397797836	1.149146962042157	0.26450044275159856	0.5665857270919795	0.897107912457381	1.5656532000630785	1
0.06780443223936851	4.936775598811589	0.7567321221850559	0.7052239617853947	0.31742047021556946	0.5679807042670504	0.26094787724914414	1.225127458398333	0
0.7811580578826587	5.501422686813682	1.5941415168081086	2.641981621132505	1.7198695481997297	2.0797539928618813	0.11189909249740881	2.051903321686363	1
1.7231058259110068	5.2711994778516935	2.4280981747123396	1.3750817339057875	0.1446716093420489	0.22659359307005786	2.1539342612373535	1.3168906909810114	0
2.6840306952579898	6.988442794107274	3.556113482765509	2.0636296906324985	0.4297543873380502	0.896169653877933	4.089718880232008	3.14588353779866	1
0.9045015112991786	6.389263847850887	0.26224887319478957	1.9070059572324416	0.6491064698593512	2.435663883209549	3.9019181226324418	3.2652783790593136	0
0.36855904741218437	3.8318059492234546	1.6950282802682832	1.1406815050836805	0.4334174426776921	0.9493385859203555	0.39826592271479194	0.6334077918090777	1
0.5405145146330215	6.5579538014151435	2.1523666716943923	2.478611879225252	1.3072782096904796	2.309580567506432	1.1672050801337215	2.8887871697659264	0
4.029576681450286	7.311018163976051	4.521043734505301	3.208247544259021	0.8002511754741463	0.6540892541561821	2.0805284507800748	2.304782676537533	1
0.02827837118898548	3.692702138337602	0.08873954950558131	0.567754011151883	0.398299496323253	1.4617960045196678	0.0299179610372727	0.5867027443390814	0
1.1957692469752477	6.896779060085733	2.884850990912355	1.712860551621638	0.6762400572432308	1.2427414922542839	1.8145315395702524	2.259249525427545	1
0.44813499422459085	6.2799022714829205	1.733936128490853	1.3946592774515183	0.8119963143983263	1.674232650745248	0.7275486072772779	1.6143458487866833	0
1.9018836207349035	6.265535785983711	3.1702736430289833	1.6879533005024658	0.38838676657341326	0.417420029087404	2.0941946770166755	2.1973690113495694	1
0.3854868653924996	4.801466966177563	2.1668913642048397	1.0294051085044085	0.3357148069866536	0.8272846394891763	0.5497385972645892	0.6074149850686958	0
0.14122174590852885	3.586206989075397	0.5992979330741274	0.6913004764510688	0.15913822133829728	0.9669077976706814	0.040793514114692155	0.3019029743917175	1
0.03270723876786032	4.094906071213083	0.734049171880371	0.7415563197676327	0.3174059096180022	1.1131067348185624	0.03459850874466914	0.4329181348894651	0
0.12775976880127196	4.641216635724414	0.650542347727508	1.20143959846758	0.36528179847417735	1.1271997455200222	0.1647005480365522	0.6874962440510958	1
0.19573124370387227	4.80959401145664	0.9034081060431414	0.6165792621409547	0.1547619215523962	0.24468584099050456	0.9271515392069011	0.9195254943840843	0
1.3705206070038498	5.376116482327411	1.7317617342103582	0.8012389629107854	0.17891576365912185	0.31654645888518634	2.0695174604821425	1.9954483327081294	1
1.1948008704432256	7.005158539491223	1.9890517369518312	2.5371986120074554	1.3407476811639112	2.051427795224637	1.7466749307391853	3.1151584030365287	0
2.72285342407189	6.7337177943158695	3.535052055359054	2.7499148518674756	0.48166042405280707	0.6645419235496108	2.227419638826335	2.3526506340007676	1
0.1691772138438813	4.508640562965019	1.2047724844965002	0.8525412327101953	0.2840128490773967	0.766815770485146	0.352268248703829	0.723870353202786	0
1.050961475192104	5.843169854137813	1.5866195423534202	1.76442253015276	0.6656783428203187	0.9170504432203971	0.6815754860067443	1.6584185346557223	1
2.3790274811344405	6.430544782542957	3.2929512250628905	2.4443450380318774	1.263052704261852	1.1761595776804523	3.994553692435796	2.9336015180874844	0
0.8954347499947777	5.5056509970943335	1.6430660934140844	1.3183366679366635	0.28366652090540867	0.6201301515728077	1.3959971365812758	1.7704507082818035	1
0.3153215582551985	5.14908855443355	1.2438663679876125	0.7036913944356167	0.26652482807602906	1.4325575255895286	0.17689854547970266	0.8149222374858663	0
0.12983456778023292	4.479981042696079	1.1509200682914544	0.9192862408539536	0.280279742685019	1.0328285481221067	0.1659041930218768	0.753583549363776	1
0.42438499296067517	5.787710854089019	0.7142235061618616	2.4774371557794552	1.1218404147873169	2.0800163764306783	0.41472873458698034	2.0349931881941004	0
2.27693902601046	6.925037969196275	3.6670172072568015	1.9138886024611186	0.3563518917629969	0.1297116065216573	3.5002792276616015	2.440257898119118	1
0.07237647397557366	4.474056439928064	0.34331307038573794	0.7087744364456445	0.3791758882851944	1.2771489138590926	0.09797934169296821	0.7450752734203047	0
0.5747295686026035	6.098695437523908	1.4210097482083432	1.579576464399938	0.48002202708922415	1.1845453066598377	4.78698911648661	2.162483592975715	1
0.31694714223778275	5.727302692943797	1.1085956222770108	0.8838088616289012	0.35749260955906836	1.2071078848214085	0.6109496529285464	1.5563957211965527	0
0.9836128751383112	5.340831688274467	1.36952961478716	1.1403938226830648	0.27656298386730394	0.7880936578688991	0.49298135762820705	0.9631743177730056	1
0.3256568174012683	4.718375649417877	0.5814331909299437	1.0009259547108487	0.36686287032622217	0.8412222986253086	0.12134114252422412	0.8581106198076925	0
1.9583044499608302	5.874299632875184	2.473103937668849	1.3539002933088866	0.13951843446864529	0.21648140844065938	3.196405241740832	2.204740704794445	1
0.501605246431917	5.794091990136111	0.5715500053121405	1.5963121452151725	0.948525562007513	2.47881312189944	0.435036855249742	2.071799918708489	0
0.22506969510767097	4.679824865812794	1.501095176597068	1.18674525865931	0.24557800642896943	0.7014625121636592	0.25110107218878025	1.3893895660271929	1
0.0797266577350158	4.257752263312036	0.6023358656697683	0.7121161271075476	0.2692711263179868	1.100011309581817	0.15658485766821637	0.3256568174012683	0
0.35954681616316014	4.175727909298445	1.0571303542131687	1.0345358829609759	0.16668324668049103	0.31642986630325715	1.1170086989462586	0.4356968230517403	1
0.788684607269009	6.470619611441954	2.239347059189458	2.628494596996688	1.3268097142849984	2.49123657348287	0.7052733603577859	2.332095350367987	0
0.5488090333132313	5.01394647275528	1.4795797651758738	1.6575421271082469	0.3599097064486617	0.7848143690857692	0.5180613824105537	1.6309058190493413	1
0.23675450065325512	5.15446951319584	1.8584675102545065	1.9933388426264242	0.4953789355769637	0.8074575267373562	0.40752964215704335	1.3362897097593565	0
1.0829231892034692	5.871154226806426	1.6009419235128362	1.4627923320926155	0.3351570864759687	0.5857345607759882	1.5451980133711856	1.556016038438026	1
0.02916746354262121	3.912194990637842	0.45356932278231077	0.47380265380495656	0.12673837221692097	0.5743354910205176	0.11876921588743476	0.7303466215490516	0
0.964737980111782	6.359754302220256	1.6495044216471837	0.8678565043517584	0.16154045094373218	0.3523104333036441	1.2538480938195846	0.896210466039963	1
2.8666310532087835	6.6094621747957545	2.263345179656442	2.47799112591281	1.283901659364661	1.5121117018045962	4.626338546912054	3.1152027735301577	0
3.6629999499463386	8.489786968312961	4.248133748146882	2.4580748758225335	0.6313728355650402	0.8286828133526379	4.935189504386632	3.9066164161288457	1
0.3130720028351881	5.4788268658904355	1.492724304735737	1.2716968712206669	0.3200597135653675	0.5529824070592225	0.4844919153141357	1.9720790233513366	0
0.4687653629103186	6.355867701352395	2.4442582513101914	2.5865377197003188	1.2118814483939768	2.291473588239327	0.565114925637702	2.6223906372740395	1
1.7378663068827196	7.1270819552878075	2.664488345477009	2.0997097468523243	0.7400784752443775	1.0740121717998772	1.9982043709192132	2.446884551342354	0
1.5372327441848628	5.943894575700485	1.4371062896694937	0.8372475245337022	0.14802337474670788	0.4390932890881484	1.7234092483398218	1.7173771004566654	1
0.8341257738195175	6.667919560371543	2.0949949577732374	2.687024025576091	1.5231826131820123	1.9572597833120944	1.367977629333993	2.333395538787357	0
2.4472307428069993	6.431107063284399	3.4479028346479343	2.1313458993301966	0.6241721660564141	1.2239518866412484	2.32940227635307	2.0552641088615737	1
3.2502388238103403	8.069938996304595	3.8478940004273943	2.9862726722733677	1.4590800308455383	1.3982229319851645	4.016065853343006	4.388074559053868	0
0.5897236765720338	6.413096760434498	3.3069233315566806	2.2417623265482605	0.7932639718947179	0.6189945920263122	1.0889659116163044	2.251954736709201	1
0.21890257105695513	4.533511979936342	0.7366376116344736	0.7079372660325807	0.17708285874575275	0.6065211838472508	0.15636251762385844	1.1752955134390675	0
1.065434612862096	5.995534503587504	0.8068775708869679	1.6439552744596608	0.45148317960835654	0.11131773613195298	1.5676154175802617	1.457917104792858	1
0.05524831298046546	4.559272833601054	0.8931449223668426	0.9441393346938943	0.5464263310588051	1.6655535605605878	0.09734447286274876	0.736110879992061	0
1.9640868053168072	6.372135129099434	3.326538488548577	1.9659088355620025	0.8456107236864143	1.4343938106103749	2.049484785265032	2.387229504262504	1
0.3852760061402685	5.296849790184458	2.2869738694798274	1.3058432367222637	0.4695972967038485	0.7777640262798243	0.2693704330804769	1.2285580940842478	0
1.0955743454546585	6.248139388226072	2.6214242043895157	2.44412805710365	0.8897824719933589	1.517783043832386	0.6303830841991627	1.9951491920554039	1
0.8203523547952336	6.448811859495555	2.2806972932360163	1.8121664890056957	1.170870932820819	2.872490616695952	0.39956775284208035	0.7945749731900585	0
0.6217693243995833	5.003152030860958	1.723159377735798	1.2926977123823062	0.39682791471250073	0.8588734610042044	0.5105815939931476	1.378110968311871	1
0.22580400915568874	4.574859421093484	1.3460971713684775	1.1257085143298107	0.3494871736987075	0.7438402948754634	0.18608114733510356	1.4217821540494437	0
3.109676840595469	8.351441701644227	4.035139349234832	2.650096176730475	0.4247447228401206	1.32183583678249	5.3214541352944815	3.6728288292452356	1
1.16358821413046	6.667191497708195	2.380184819016442	2.0883641168502467	0.33435571264945274	0.7620200448463207	1.284150887451187	2.3051817188413115	0
1.6007401967309045	6.730815215940592	2.8905606289477936	2.1661236978155602	0.7282729825353194	1.2939597499170947	2.0719132752590443	2.410578140497239	1
0.2450224530326516	5.099075871514451	0.9093063980997103	0.5158609253305301	0.22348749215977556	0.13238698804332566	0.5341104165746766	1.1870809366557178	0
2.5777061046009297	6.4232446908036644	1.892660054163788	1.4433833281040176	0.3882646921214098	0.7605254158898935	5.4510088393933	2.0715353701087387	1
3.083097337988842	7.337786162368869	2.863885175993567	2.0253416809880114	0.5316865144333199	1.003861952122299	4.535835113099775	3.328716290547733	0
0.24885808059419878	4.056183953626036	0.5192163231845097	1.2280603558549963	0.38880035253908235	0.9674020096976959	0.10938341294471861	1.215950781085343	1
0.34194295917821793	5.525820998879524	1.5432126361913094	1.1632758019938318	0.3961417806472803	0.9152501906989077	0.2707825769874063	0.6316440479658955	0
2.4302568514452436	6.30225224183958	2.9008335091067607	1.8088951446747417	0.6905337685717928	2.534482219731268	3.428922789051641	2.4676163639175157	1
0.2255965402752764	4.536444778729394	1.0531266585069783	0.5424173097547809	0.3050405387479273	0.94960944706698	0.765421329429965	0.7414133979694334	0
0.8857490467614565	6.2238504559490995	2.1833622713430705	2.106144327639208	0.7107906157325405	0.8384156731511891	0.8326917079978415	1.6973022588751683	1
1.1889708354075885	5.901682334897514	2.019611916269999	1.8996567645378513	0.8359913245894258	1.44933958033694	3.8300469300030557	3.0783393826454506	0
2.080865527330853	6.728139857299413	2.5144816331284034	2.157362769836977	0.6245096030914555	0.8106635139877844	1.0515206811342592	2.7413624680726487	1
0.30605721078198334	6.765202861851226	1.3043790679186236	2.3559552292517467	1.374727724748425	2.24855120450156	0.2950101563373857	2.7906803277491603	0
2.201935684844116	7.205321912797588	2.981967978778135	1.7920261003454858	0.3468962883485231	0.8375072310667812	2.620085642706759	2.5082161925569575	1
0.33875534263578155	4.347625389206533	1.1893057672825322	1.2235695280724936	0.28032507599821194	0.9066039662846113	0.06969209364082168	0.7561219797213337	0
0.3420068921196877	4.360014894082747	1.1458138901524038	0.4395701946247801	0.06686768153631813	0.18654595478039077	1.05455590247119	1.602292444273229	1
0.20878495833529723	4.583533798380725	0.8965369033872942	0.5899620747591191	0.1342336459868994	0.8260158536343697	0.31589774008202726	0.7096109065906103	0
2.173512317376468	6.716767760979092	2.4727834599856897	1.6505414673125176	0.2271754124275803	0.4993560995226925	3.8658324593217306	2.3806843749770974	1
0.09206400759294156	4.788362197160021	0.3171729112188122	0.8251398900184422	0.30144443520077036	0.6660277506290272	0.1288416630131172	0.659585226386918	0
0.6241239514693494	7.056167697864739	3.8748443658226894	2.725215366423223	1.315308433386604	2.2927872505139346	0.45931546375952853	3.5785622298030666	1
2.148162709592047	6.99197307421996	3.976077034218252	2.539907645481525	1.1166813881289874	1.1616496836794137	2.4051777817505418	2.943090702228394	0
2.353202158790572	6.373826998808619	1.957866952158982	1.369961706498993	0.3453187052601422	0.4694347174461023	4.611149275553837	2.101704375478807	1
1.396690137302011	5.897816834638731	3.245089231684104	2.2463744651571282	1.0539635369992277	1.5321464167038665	0.9834258788589922	2.397231416130649	0
0.1099031821072251	4.55525383791155	1.1553391279116565	1.113993390706412	0.2971595192356721	0.7979575449122904	0.2008570417349696	0.7890026662034667	1
1.1349442179154998	5.8351109843815285	1.6239914934416115	1.4731828138879812	0.29451864971076935	0.7327524351523047	4.0694232568168545	2.014743007740899	0
1.5140937320517625	6.228346295747512	2.7288066217588667	1.748747578634764	0.5000234902319038	0.1486613553013194	1.15417313077333	2.2932516718129694	1
1.5386935079083426	5.48549917648687	2.3821907821119592	1.446024465327657	0.27276384701957157	0.6234058147352697	1.6246417461763731	1.3744494867519672	0
1.9038969691649053	6.492718356874261	2.3606464324073158	1.3166494914140014	0.30405972356032146	0.9333838093003325	0.8469835252748126	1.8730321893567912	1
0.11566523915204795	4.281341284490154	0.2640321036194464	1.0649176121440125	0.8197798314933114	1.6160758326142837	0.3872739816467396	1.1612740497928207	0
0.3822988300763249	5.587046016146848	1.5095954774601794	1.3754103445178119	0.21739908340665068	1.0106914072956394	0.3004674895581796	1.4911722603371353	1
1.6644751893639989	7.452671092630504	3.42266855080837	2.2771544581322227	0.9359757051905532	1.4714623734897687	2.530150851918841	3.507357577490546	0
2.471728531897241	7.7417771304312675	3.3672647950221357	2.173159545553588	0.4872355531527772	1.463463713890977	3.0615059690495428	3.675153178345054	1
0.8953939061611697	6.591193369739595	0.48555704533913707	2.4611090532179376	1.1991813435898053	2.450642963584008	0.8765514843051377	2.2211038511261623	0
0.8036146335859163	4.942268655056257	1.2502455166566147	0.7482980250247934	0.15554970074096555	0.6509335932233944	0.9482931479996493	0.863859948686182	1
0.10719383410211528	3.9620809370692607	0.6967407160700755	0.9143288085606144	0.3019029743917175	1.5204755425859102	0.21603031210783408	0.5528846128928541	0
2.2695038943919217	7.317521125641994	3.5544161988688483	2.4560355277069106	0.5850997249766594	0.6749017402185951	2.978504727887365	3.1918334537563173	1
1.6067142065125037	6.770022271924964	2.555326280747199	2.509436647531278	1.0387207314275038	1.6415952772331566	0.5727125074181836	2.140912863767937	0
1.122979645116404	6.257756281267272	2.3421999592280254	1.6041841354855524	0.3778335142736052	1.3102768746959748	0.7114781372446687	1.6105173296536646	1
0.4278591460393575	5.593279127652716	1.5653606251931727	1.6494083444779275	0.6587213535449281	1.1549926221042173	0.4920586200265669	1.6461554953692632	0
0.10316109871265844	4.583907733665671	1.027975209068669	1.0363822121319755	0.33930393785396307	1.0612218994495506	0.0662651546476369	0.5777082702935827	1
0.06171673113025817	4.614034779126474	0.822902703552482	0.9462766273644118	0.31086867352710595	0.8446658281988548	0.158447151047718	0.6051134629763952	0
2.715012574102185	7.003113912158033	2.9987277825337895	2.2221231307789386	0.5688303460525648	0.6653493768499094	3.2910811309574286	3.3602295431738525	1
0.9442560321558571	7.275469505205608	2.2476536094678274	2.5525730863934815	1.086438487736401	1.7875171499699225	1.6742139053730112	3.02987762884049	0
0.7666299573197487	6.116413402398144	1.631923212653172	2.637727874853199	1.2745524162741428	2.121914173149058	0.1621783715144873	2.667061526024856	1
1.0515206811342592	6.171273992858194	1.5322976552397336	1.5593649257996598	0.49663338874515417	1.2255385822404965	1.2208594194823597	1.7895236382864788	0
2.37405888445247	7.155268659090316	3.5715503779023705	2.750732863505848	1.078273517672579	1.695945829375653	3.8268855079926825	3.5210523434704344	1
0.3921231655702115	5.342596418553086	0.9369165496678113	1.0495270809776183	0.36609345022996787	0.9359757051905532	0.52991623293153	1.2467736396486302	0
0.18417816556211308	4.526309862356294	0.918887357721421	1.4708422896437532	0.26605743630510864	0.63710050145504	0.8999987350971775	0.9442560321558571	1
0.22895065738795786	5.070964970459772	0.8221998084745596	0.5939288739668427	0.45325794971991934	1.2187924489242148	1.0369496282760027	1.0454224601539905	0
0.8879735584923744	5.629782086458707	1.7819784573729496	1.3089542481451106	0.46665427642058693	0.5718492248031594	0.7086267514083316	1.6125929301274005	1
2.102718518584329	6.879474933166802	3.512491260057789	2.6306506638407066	0.7507082910844769	0.6291738330150203	1.7914760957482494	2.6752790447716657	0
3.0897142990244224	8.239038020249984	3.9053145540006926	2.2322591905588585	0.9397728560213585	0.7816615940906841	5.497031740569749	4.339732202482475	1
1.3814828041226686	6.187920532234498	2.521608166788567	1.7617125478757583	0.5208749596189921	0.5394947099392007	1.752983990276648	2.0561729147404817	0
2.6146475341712048	7.018409140134466	3.877404645182437	2.2819741390899213	0.7848599884831448	1.228616635238696	2.873598537310334	3.3830605661308186	1
1.4322710473599147	6.571070199711534	2.1910947169606825	1.0551827307407737	0.23605187921492243	0.5286557186633627	2.1070445491058076	1.4863885339051899	0
2.603674385653146	7.121708568917179	3.9545421190267946	2.233095669674207	0.34054251322371343	0.14538955587289842	2.467412855085378	3.1079532026684564	1
0.2141350967562699	5.118841955635601	1.3749806012196173	1.588704452047188	0.5719959789957949	1.0609104214840983	0.30928454963419516	0.8496807333747112	0
1.361694244251658	7.227901540598863	3.109168095978751	2.4158334179293837	1.0478451716144563	2.428362752976133	0.9557037342309902	3.210335459546299	1
1.0404887033176016	6.3606212438588745	2.5243356745762395	1.4177203511197434	0.3233435745058427	1.1696918703490617	2.3203464225726878	1.4837839823971477	0
0.22072462807689966	4.574489304450969	1.142629174084884	0.8188101985556024	0.2735856835660223	0.585456173637903	0.3499101139858446	1.153068907797408	1
0.602450840608096	5.036169828593658	1.8531210743075586	0.902070096234183	0.2320081444525919	0.4019723488532701	1.1423739581069785	1.4736869154522054	0
1.7059473728139072	5.982912583084025	2.8546236748440763	1.640161085076941	0.5743861668388727	1.0764348437234066	2.899204853212905	1.7756978356807047	1
0.04235809411494348	4.5019529274685	0.750377814014217	0.9540103189011692	0.40545844141927534	0.8278528834122367	0.21735080571334953	0.6311600684750509	0
1.6168305196535986	5.878506073264258	1.3856441497783043	1.227679565270568	0.18854382493679928	0.2914076239584561	3.0670664021583174	1.7361410454650428	1
0.3364793794528457	5.344329389540149	1.1866842141883938	1.4796253108126098	0.5917288841347429	1.0819746475150864	0.9209200002578173	2.072139949818314	0
3.0441366490308197	7.549594165042031	3.315258156984499	2.266076698177523	0.41144055285851844	0.5511226805305275	3.251211350965672	3.3242551403493095	1
0.5573217300241475	5.398901794836821	1.8424525835435732	1.3640231894736599	0.47787878861720967	0.9922883461006202	0.5918063528982694	1.4479067302474131	0
0.20601366905074253	4.516385965712786	1.1554965908688213	1.1540469955562103	0.29160187995858894	0.6389391160383912	0.22079679984574072	0.9965426484312175	1
2.025658307859085	7.080189197124393	1.7194933894921463	1.9747613501046473	0.3991988493866372	0.9242192181962765	4.922868722928364	2.9148041740367496	0
1.3291682996977734	5.080134615093779	2.547537101718764	1.5831144707645846	0.32604664999476574	0.7950718002818707	0.33265065796836457	1.4270763548401244	1
0.2540218709591458	4.934062337645523	1.5638755333570098	0.886614722764154	0.23679395912519136	0.6759857621985793	0.11235499714078286	0.4328921900093616	0
2.4303008575885086	6.913830388081072	2.8979595642110882	2.0327167431736	0.5109116200682027	1.1839333489882093	2.273691669339064	2.5375939720670067	1
0.6716579317169606	5.335648796128511	1.3469296375976139	1.0571303542131687	0.4113610263065491	1.3042705256412999	0.33771432205647994	0.9947321581807176	0
1.8961645285828452	6.308822041214591	4.2385603396486005	2.9069720955756444	0.6950952817779611	0.6735463329048844	2.061328486252909	2.3897622895681816	1
2.3870824792220366	6.4584804362499915	2.631896034355372	1.0942360602671306	0.2882419157102951	0.25018267698082663	4.897259034324272	2.083956334646969	0
0.4142926967108435	4.392309830913299	1.1529426332131572	1.0551479172540255	0.26338681840404604	0.5561641235039723	0.8547556957563583	0.8626789624255059	1
1.9596157961114251	6.3951674367541935	3.2082030731318927	1.6148830606699958	0.31240639185655916	0.6591507968016372	3.343910724305241	2.1278030425577144	0
1.0952064955332768	6.539322047964738	2.1721004827820036	2.586778587427466	1.2955487478131456	2.2794802192789487	0.9776115818557389	2.7509819684857226	1
1.7640970344113107	5.284390841100088	2.3290030455972626	1.8048895577709794	0.5134641398190334	0.578252469674732	2.3138612771883613	2.0942685759230053	0
0.31446761528610556	5.321701806780773	1.5258171444640254	1.0641933617976507	0.39519252533742405	0.6817727361382518	0.5821820997377983	1.4652210616736914	1
0.7030975114131134	6.746682362327214	1.9996675478994872	2.4530203075923334	1.2909391803030354	2.59147893096135	0.5433818709252133	3.204679532665442	0
0.5107856229659693	5.55047394012503	1.6017484239497204	1.0133811443054492	0.22312755118620847	0.5908264844101062	0.7069021457922812	1.71834612755758	1
2.358927618532079	6.484566530985065	2.6480595449537345	1.5989632441400794	0.36134601746861417	0.4004726665851202	3.4709441910886816	2.322916991965964	0
0.42873231504651044	5.624456759881813	2.373481484969126	2.4430424456893016	0.8536490772139745	1.3946096927236045	0.21343255181900722	1.1602716690548374	1
1.3725756889789527	5.662219580737758	1.8751044108282007	1.1827389533175443	0.20134773894375235	0.4045113200635916	2.1357391684822336	1.8139122738691884	0
2.625646374847394	6.583882139361437	4.045143813774478	3.1691308049691003	0.8928583248910329	1.1907963752093038	2.1563562854479614	2.8309637568076185	1
0.1734742007736792	5.271362835247215	1.2447883988257111	0.955280649165351	0.2983920157164755	0.4845535144271281	0.7603384301002687	0.9798662895111645	0
0.3197329126169149	5.103766131160426	1.7543171737521848	1.2239224796335564	0.35619783013804224	0.6298452278896831	0.22980133897827631	1.6878978296939646	1
0.5123864051128498	5.758201528762887	2.040271827226099	2.2989284154905016	0.8418257729313079	0.9445282732853947	0.5680883654969289	1.5761706423179545	0
0.2671451256089848	5.208767862145528	0.5862354624093826	1.069286459286281	0.33818505462488774	0.6891843388646799	2.686084035043013	1.6356708016038624	1
2.8900272541171073	7.338314219994046	4.158933082109713	2.709189551795636	1.2991011494175133	2.3070550876654976	2.6748380668960965	3.20214870335199	0
1.96793719126152	7.18832700774682	2.7219465316276295	2.049304447259597	0.26349439486027376	0.6992783464901854	3.550728837855303	2.9992510753031096	1
0.12758374035462053	4.272805900171308	0.7119689348005332	1.03382484766367	0.45680440143774725	0.5969060675717561	0.07947269909566336	0.3517759635060452	0
1.074319596099065	6.098033157725136	2.9972061868099913	1.487134676045962	0.29143751195319806	0.3790253033995255	1.4610771055635763	1.9171578786223886	1
0.5674875810584452	6.461358639104732	2.5039001262805343	1.9068128568567813	0.48482450545528805	0.9963580546293533	0.6974877466583655	2.887266942942686	0
1.0400646750426967	6.972172699037268	2.1376632788799603	2.724376203700983	1.4247936602705005	1.8344357435084913	0.6282032439192804	2.743307943846025	1
0.26670866005411925	5.155583186447302	1.7726955690058286	1.1283976024708018	0.23003177295003077	0.8333438110532289	1.243260822906464	1.5403021735992384	0
0.20749372917389472	5.675040005790547	1.2080644222291896	0.7290450715569298	0.2842537023011018	0.6197428069765324	0.6653699403938311	1.6492738209312996	1
3.290224851773004	7.446634689526702	3.087549998193941	2.2901379476922883	0.3029893165189281	0.456025133719865	3.195787325000795	2.230627115636545	0
3.800051798330542	7.333331724900422	3.3799260763862713	2.7951143544769197	1.0544862306255545	1.7231058259110068	4.555417809040386	3.942204914469195	1
1.7397641741096748	6.640664934169657	3.2801515288023135	2.905676266378136	1.4627228530694627	1.8689365364115924	1.1103761555883516	3.1110545061387778	0
0.7914075497274649	6.0196471601169215	1.7500169122312639	1.274943718196515	0.27071392422162643	0.810619056700116	1.6040634960966456	1.867284294314301	1
0.36216783037832756	5.114487673087467	1.0913526679388494	1.2955761221989344	0.45923965497451746	1.121742706056964	0.09576462198437934	1.1038319757022699	0
3.106007193720053	7.797381819982121	3.322756446022139	2.305052047557833	0.5198468102268795	0.7502361475440723	5.07916521399321	3.2750065997569564	1
1.6058514888986801	6.201150955886273	1.2168396700327595	1.4267402849344215	0.3869344714887297	0.6652157035062316	3.9624594328099962	1.6305142380360165	0
1.453579107925487	5.462442705079639	1.671492100169373	1.3818595418297779	0.23299882814493694	0.5360254247877329	1.8309481305856317	2.3942522815198695	1
0.10870192692019087	4.405707760273964	0.7078387293029352	0.671361588488023	0.2449050430957225	0.9598864759918011	0.09834194299867974	0.7521233856602426	0
0.41387630130103914	5.955521775628884	1.4686804747178384	2.0395175813061837	1.1080344272470144	2.021971314525286	0.21029333986870322	2.399648280836089	1
1.9821731959193458	6.477562188908112	3.2673230731058274	1.6338768343111185	0.3654899771199637	0.461946255618002	2.7684238110256385	2.2789684013930485	0
1.5546226336607873	7.028000348012175	2.4627888445343813	2.1697848615774378	0.6934471355689432	0.6830463383805158	2.385822691564101	2.5760566729767116	1
1.601264601744939	7.536394497937564	3.5266251954700936	2.4436244799588827	0.9196052328419849	1.674551268322514	2.566717024985566	3.3477895725615086	0
0.9950649430383804	6.469118059988211	2.052866533494037	1.8803196462075353	0.9100311817030108	1.1224264667673645	1.922041839490977	1.6702883910958988	1
1.0575472090495102	5.870695087774279	1.409766717305033	1.9267127671326232	0.4319772026482749	0.842170451952385	0.5299574378820164	1.7615751380507396	0
1.6860840891908273	4.749993212486859	2.3743381516571445	1.5980938107334433	0.35726177172162343	0.4234949230706999	0.47976829930064774	0.9262410627273231	1
0.3242767444213233	4.72667340428708	1.6059518431492685	1.1414163176596748	0.23326812441205882	0.814080803455574	0.09814252855134878	0.47250674383885405	0
0.5584207884936337	4.2816412226387985	0.8897003196006243	1.402020061581373	0.3288144188079226	0.7376902433106169	0.16925320328982807	0.5391914817226583	1
1.8598385900386494	7.030166609759866	2.8791928393047304	2.6380067779790797	0.9937331386167493	1.975038900447122	3.615006838876987	3.160462506317541	0
1.1722034606369511	6.367154749625955	3.119537141528869	2.8204439256600726	1.4064645679092738	2.2520073320250744	1.9870658021910554	2.9554413879704122	1
0.32905911290553863	5.595599089559958	1.2954666201593494	2.170572546338793	1.6565695591663714	2.855371902155897	0.17800391584941785	1.919126065148496	0
1.1915864086748866	6.912237518720382	2.2335136469916264	2.128731580890919	0.9918804628237414	1.6231238315386636	1.0812965664584218	2.319373377799744	1
3.2806217001978486	7.622134554857933	3.2103273908982413	1.7121388946660205	0.2691641695437011	0.31117640641738786	3.7300909727598177	3.7646128901993743	0
1.1587662114878567	6.936023540095732	2.5420743228443414	2.805739367055461	1.4004930805197036	2.3117727568530393	1.518221342364528	3.4340355904113027	1
0.6609132032262238	5.749672246274504	0.6368413443488504	2.457081427361604	1.4225057430824626	3.049888964505946	0.07396303307913311	1.4835344955449448	0
2.6115906944080303	6.903422204760653	2.916120722918899	2.0966304621005167	0.3777718313580399	0.8769260083518784	2.7938119086913065	2.479249008810455	1
1.1779778440488502	6.315831126470766	2.253457872027353	2.48000297975965	0.8725060195031332	1.2270348199226366	0.575539754483297	1.7281272039831994	0
3.341089917763176	7.381967975164403	3.5034681288979015	2.1574899543761337	0.6425431222788208	1.2424239907001886	4.684008168271323	2.458468556398626	1
0.02165287531544327	4.4957592562447894	0.7306837840886713	0.8766763412400621	0.33502833755763933	1.1195580531835723	0.09665473003686288	0.9156505269867319	0
1.2640984781591136	5.885785925304204	2.1104555952090056	1.2311014717141886	0.26145615995768207	0.6169948123597017	1.739061680227606	1.8861904747931548	1
1.128785788675657	7.102834937320945	3.0849969433049607	2.7063487544624527	1.598114038702657	2.614047166611091	2.1651604170823737	2.96518543336367	0
3.192819282548419	8.027476465586329	4.139313147738684	2.8764925524463325	0.7163753066791523	0.41675447604428967	5.470511985228012	4.215238310147907	1
2.928384476760786	7.420347261817028	1.8691062384306825	2.262804222982201	0.5399552076929398	0.16198278579842404	5.201168046561727	3.3112872619198157	0
3.020737032543557	7.394813645884055	3.531605568820697	2.1511806388348123	0.6652105618669226	0.4109434081161905	1.8147758810305121	3.6254922699335332	1
0.1799520851452201	4.98103619770958	0.7529243845958059	1.1236625608678927	0.3366722166238792	1.4567295253357921	0.2613791640307284	0.803659403357374	0
0.596597733180669	6.605940339722213	1.989503157909533	2.3438805754012173	1.3314421095717404	2.097183223155993	0.37970275688472443	2.401289505866386	1
1.071343861513916	5.271644795132201	1.3465655188908938	1.8708170764648289	0.9445282732853947	1.8665267478010505	0.4644130309324907	1.7246220182405636	0
3.134354436192153	7.790278036465665	4.040057316748275	3.005207243916509	1.0828893282028733	1.4595912901813475	3.3738775710071924	4.235117587483543	1
0.3624044986470902	5.919516778495131	2.7366247003061948	2.0484538440533466	0.9686554520800176	1.7439688053917064	0.5038976808932918	1.7303272297095538	0
1.645075290025232	6.457961880225622	3.2526316325904148	2.36477084854802	0.9862644555016655	1.5337009218423452	1.5909480231202557	2.5888311348472692	1
2.203107240494375	6.893914637674711	3.5197652944071014	1.8284931178397035	0.3699070127074503	0.4180983055011582	2.5216884938805286	2.346822049887096	0
0.835254197184775	5.21203535986684	1.6075761804861517	1.0127638715420721	0.24404361542195138	0.8404890184578732	2.4071162648413464	1.3027225166959127	1
1.3747530152733314	6.549213880013677	3.249257589354278	1.893834593894352	0.08991382746879936	0.38553447261928553	1.151773836782342	2.368447737093748	0
2.1461300935938796	6.6731251336165105	1.7485909738266763	1.6294169947494128	0.31858463164159645	0.42388115362895673	4.037881788721237	2.657009506387623	1
0.3922042367913237	5.29702352990227	1.5193819052582453	1.1936193922464444	0.6048950341341826	1.2459109756889892	0.18594830551630356	1.0031287605064931	0
2.0804035787737187	8.247875405154293	3.1527232017686515	2.1417588477446974	0.625933083258614	0.0	3.0643624125948157	4.721180985494625	1
