0.21846060340982776	4.879380165957768	0.5495481359146812	0.8564982637217983	0.27322811548163045	0.7722817837236726	2.094145408045032	0.9126440909539575	0
1.4182774069729414	6.877336689229218	0.6068646288217475	1.7063286606636148	0.26946972998211327	1.744807614332263	4.748000459694688	3.047465721059944	1
0.258734608305018	4.857699320658826	0.9851075878712889	0.8219360953928624	0.33265782814901734	1.4767747142482652	0.04984484589232035	0.9494933727018734	0
1.5404736119675648	5.2005540302142315	1.7529666645088995	1.1903098903567526	0.18065349969325756	0.5778710001147425	1.4529244434176536	1.4000986420962878	1
0.2696224751957571	5.041472243560812	1.3681049319196803	1.1425972756494995	0.41540223755406225	0.8519868498733352	0.5537931549754188	1.2154467263995636	0
1.9583044499608302	5.874299632875184	2.473103937668849	1.3539002933088866	0.13951843446864529	0.21648140844065938	3.196405241740832	2.204740704794445	1
0.9256864535145174	5.592718689192714	1.0846823831346117	1.279822116609374	0.22843353464729882	0.426678504507362	1.174554292243267	1.4013307459460038	0
1.5429347960758213	6.726081232508121	3.060770669733213	2.4889899683506362	1.068118716331768	2.6042070521795124	1.3500970728080028	3.249292511448908	1
2.148162709592047	6.99197307421996	3.976077034218252	2.539907645481525	1.1166813881289874	1.1616496836794137	2.4051777817505418	2.943090702228394	0
2.1515179873946835	6.946058840911554	2.921267314611144	2.678216227671213	0.8843458852915029	1.4422965512351753	2.217430173538455	2.7567070230486297	1
2.6710611293172843	7.281816197167825	4.226652706983928	2.7403431262984723	0.46239979321900365	0.7307800953667962	3.6617240613685644	2.9640506697627163	0
1.0400646750426967	6.972172699037268	2.1376632788799603	2.724376203700983	1.4247936602705005	1.8344357435084913	0.6282032439192804	2.743307943846025	1
1.2817668317659563	7.182414343991358	3.9688455851043365	2.2797564920540245	1.6481969805841843	0.0	2.2620338951383974	2.0963846924100555	0
3.1695427133295184	7.058781969947839	3.418139713059058	2.5066029078697607	0.9606137905108189	0.9577397297866941	3.583041046506162	2.789802216307684	1
0.39804430862460133	5.0613315769745615	0.6236470375754177	1.2741609611746356	0.32495618065996534	0.47508444998822136	0.836944448307712	1.0869444838004279	0
0.7811580578826587	5.501422686813682	1.5941415168081086	2.641981621132505	1.7198695481997297	2.0797539928618813	0.11189909249740881	2.051903321686363	1
1.1725440548222756	7.498599210123979	2.7817342738994837	2.4732388449203184	0.7436026240484385	0.6389127230842527	1.9841001113872196	2.477143259170166	0
1.8402003660615451	6.130861205383723	2.0768882848921186	1.1257409560563623	0.11455115207564333	0.5199657254820632	3.272431757558007	1.736158665213257	1
0.4538615439831325	4.692622299172587	2.2131526056624935	1.3003551364422345	0.34527622467730223	0.6889734827882316	0.12879770638950622	0.5347022938096636	0
2.0468666957476573	6.295318398590877	2.188060492865896	1.3605662125471594	0.353631316801274	0.38645216892623374	3.115783845246763	1.9556199983784257	1
0.02827837118898548	3.692702138337602	0.08873954950558131	0.567754011151883	0.398299496323253	1.4617960045196678	0.0299179610372727	0.5867027443390814	0
1.734236282984389	6.124453605195712	1.692141691698514	1.8861904747931548	0.4287127748278548	0.913526916051424	4.021476334088601	2.8292939083875743	1
0.40122948383649143	4.995105325977948	2.0005065535916935	1.3552164055490292	0.3253462864269193	0.7796917819601311	0.4962194713766286	0.9678579887305611	0
2.623552027007242	6.341267533137838	1.733936128490853	2.2873699271875654	0.9617611059189125	1.7894568201653795	3.4535367953427287	2.132366004987723	1
0.8203523547952336	6.448811859495555	2.2806972932360163	1.8121664890056957	1.170870932820819	2.872490616695952	0.39956775284208035	0.7945749731900585	0
1.1253840391655374	6.172165416296983	1.9536515356215363	2.149247415923799	0.45438224834277885	1.181512448395753	0.7405077519197829	1.9255179194063934	1
0.04102485394289112	4.733335582371617	0.6183535888074277	0.6295735271211229	0.5128475782376253	1.893172202637784	0.08525066117220628	0.5736482986810163	0
1.2908566731867497	5.365850773534604	2.228066267220764	1.713635752446476	0.5944477637751244	0.7840841755520473	2.4222862878063327	1.9390437722094644	1
1.1779778440488502	6.315831126470766	2.253457872027353	2.48000297975965	0.8725060195031332	1.2270348199226366	0.575539754483297	1.7281272039831994	0
1.177854676170877	5.961808882675447	2.029371183411511	1.8569071797720744	0.35222606232439846	0.8077696713966428	2.1963019296054545	1.23587836533692	1
2.015622761466614	6.467043076430465	2.836443415870609	1.7504686148101742	0.27916086990809935	0.40045256628462006	2.1315713610827522	2.022447820159716	0
0.7182299609274083	6.486590117501101	0.7251302264129961	2.254895822618605	1.3817842056420044	2.664613680574482	0.19309662996191315	2.7156876282314215	1
0.0692125806824517	4.401088791811255	0.891506115051524	0.6809430117210385	0.5323091904328319	0.8404890184578732	0.0692125806824517	0.3653442566185661	0
0.28258158706282227	5.55257579035167	1.3650962606037105	1.4051406489162506	0.27268771686742677	0.582355274904912	1.0660202240674503	1.9354123826723693	1
0.8998360938021944	6.802533420377644	3.258100384167932	2.6534743319740244	1.4391951128553435	2.1971467965335933	1.2716688352785874	2.991578659228999	0
3.5367766759039783	7.443950066913667	4.29706905628622	3.1623012405666153	0.6849587466543781	0.10046957448082477	2.476008848164889	2.8651679035328743	1
0.3854868653924996	4.801466966177563	2.1668913642048397	1.0294051085044085	0.3357148069866536	0.8272846394891763	0.5497385972645892	0.6074149850686958	0
2.37405888445247	7.155268659090316	3.5715503779023705	2.750732863505848	1.078273517672579	1.695945829375653	3.8268855079926825	3.5210523434704344	1
2.2837080372243563	6.650800904634899	2.470892238402422	1.8983542229006847	0.42582313669604416	0.49973838688000816	4.678651104441871	2.29985135974799	0
2.036494895852307	6.797869763157863	2.727584818630771	1.614286140758921	0.22703995048221928	0.2988667896514032	4.140354675151429	2.8963538295737123	1
0.33494964950208783	5.123167233514104	1.453415481974046	1.1185456263755598	0.19516374180724955	0.8821960581033264	0.4147023134606462	1.1902186480932728	0
2.4472307428069993	6.431107063284399	3.4479028346479343	2.1313458993301966	0.6241721660564141	1.2239518866412484	2.32940227635307	2.0552641088615737	1
2.6848702771545927	6.159692884374317	0.7282729825353194	0.8547982335618395	0.18249654148324085	0.6016073839194308	4.7181005777010165	1.6238337927178328	0
1.3705206070038498	5.376116482327411	1.7317617342103582	0.8012389629107854	0.17891576365912185	0.31654645888518634	2.0695174604821425	1.9954483327081294	1
2.1310135472238234	7.903445336219194	3.4717863121024437	2.7102211761629116	1.1641190908702292	2.0864419813245805	3.8080260042063103	3.4986930503328346	0
1.5731473023330624	6.681559449201772	2.7503111598167194	1.321595827180954	0.2316671222550866	0.3213223399957364	2.052699643236831	2.3149483519774443	1
0.5789869496146792	6.0842948363421225	2.215282764591249	1.9491192799962618	0.822814868681982	1.0402413753417803	0.5504078100415289	2.281095844151061	0
3.449076019406464	8.916054972134148	4.075504871153982	2.7360997744156195	0.6086072923787591	0.9550113199857541	4.751341976108713	4.6884096248214515	1
0.07745813978434228	5.269284975727685	1.1597073880279205	0.48052310503588586	0.27925919944069727	0.41464286337393064	0.20466996045771643	0.6075783988927795	0
2.485348218948654	6.948318936136168	3.3968445886556538	2.2831168097986474	0.7742201265864244	0.6517781614490167	1.9959376426549615	2.238665047227814	1
0.7022555729239363	4.920485907792319	2.0993789638123523	1.7841136476191657	0.3829127036376529	0.4791244081950548	0.6855886869820659	1.3220757887932395	0
0.10316109871265844	4.583907733665671	1.027975209068669	1.0363822121319755	0.33930393785396307	1.0612218994495506	0.0662651546476369	0.5777082702935827	1
0.17625318139234802	4.939736321437845	1.203122442871097	1.0568871086207956	0.3475040192696375	0.9772353025015099	0.5701147659911021	1.1522162447529012	0
0.025969845361709043	3.977072645921962	0.4240120453947426	0.6458930860312488	0.4337998605354328	1.2036327465128314	0.04051218653471678	0.3748615603099868	1
0.06865348056703477	4.0614063394995	0.36946480386712277	0.5838567305940352	0.3498889712193128	1.5026096535012392	0.06164527724102081	0.3655801744092494	0
1.74172853562249	5.299240440384266	1.76922411142279	1.339333772256388	0.22758965274067894	0.5512494590313687	3.159694660765242	1.2678204618722042	1
1.7384114337261307	6.9598921224820725	3.2018191838982077	2.151738947175088	0.7277418253244445	1.6974487897568136	2.217571718667089	2.84979857501232	0
3.1178968075233935	8.080055604024233	3.7113134203209137	3.235205762685408	1.2446731914523117	1.5969401396041198	2.9042637053018545	3.6957731379798022	1
0.20878495833529723	4.583533798380725	0.8965369033872942	0.5899620747591191	0.1342336459868994	0.8260158536343697	0.31589774008202726	0.7096109065906103	0
0.7556523859113424	5.924169697451352	1.7239623111622295	1.262034143739206	0.37150838249663637	0.8175306078499772	2.48788554181352	1.8827725509286066	1
0.6740408108202086	6.641406687615507	2.3899364121967737	2.0794165413673307	1.0820763200280101	1.8129500217990828	0.5698206832725631	2.173091252759589	0
2.004367718626882	6.956258830653559	2.137144251808125	2.691134602325765	1.569344818867656	2.193785336588707	2.434139532734347	3.1209630612788613	1
1.7397641741096748	6.640664934169657	3.2801515288023135	2.905676266378136	1.4627228530694627	1.8689365364115924	1.1103761555883516	3.1110545061387778	0
0.22072462807689966	4.574489304450969	1.142629174084884	0.8188101985556024	0.2735856835660223	0.585456173637903	0.3499101139858446	1.153068907797408	1
0.07756918950974706	4.114091632419457	0.8714607159563611	0.7375467678566296	0.20737995613473156	0.6847318709585981	0.0468931278380589	0.8641971173158354	0
0.4891749298461682	4.693281790838349	1.3414277397797836	1.149146962042157	0.26450044275159856	0.5665857270919795	0.897107912457381	1.5656532000630785	1
1.0527428550096551	5.354328066460699	2.034614140383791	0.955280649165351	0.2692634869277628	0.6273491999695131	2.389505632524745	0.9716497499944327	0
2.7326517526360803	7.253987163496914	3.5438565722329125	1.9827241221780296	0.5300633856733984	0.5958540359798777	5.044558667756058	2.9511950527862547	1
0.17323876618556916	4.617568014323787	1.8023696483400706	1.1621503094720973	0.4641678843619006	1.4489639493899245	0.20887422702192995	0.4127981554749563	0
2.6916633334511975	8.150332462335722	3.79157366834721	2.349878900084188	0.5509151901262143	0.392102896737932	2.9303453926610237	4.303851556893401	1
2.9980695400174775	7.389376660042921	2.4483550380788515	2.379638722436337	0.7221718596005616	1.1182841884655739	4.725284723802007	1.8818286663169226	0
3.315338068065303	7.816268403528962	3.776230773316664	2.4888156662847156	0.6944962701292408	0.7464035468603768	5.507125454353384	3.075928815548268	1
0.15268675166426388	5.051542404994009	0.899551407869857	1.3236739991382234	0.3967808421231972	1.093532742924811	0.28708689536903464	0.8626367585385216	0
0.7281764294793401	6.126932282560118	2.187365020140776	1.6999548045861563	0.3303751154685856	0.6307822953632148	1.1562835339504955	1.5944460946148633	1
2.0145429557267085	6.319357947661229	2.393439907838086	1.6203185035303123	0.5123864051128498	1.2376493306853198	1.2806282432148985	1.7438114503547093	0
3.5858966649781805	7.977016199892682	4.454978492356166	3.580536718276904	1.1786857650990523	1.4270043493676774	4.094899408266562	2.594635112062512	1
0.1883616122112211	4.945985833471794	0.7770746404952313	0.6386698752166888	0.3468043899033093	0.7544774357115512	0.19283278641960216	1.0614986873280086	0
2.5154116062262095	7.627929710595658	4.984288580902119	2.672637162878454	0.918887357721421	1.2845384521655032	3.967635558373925	3.837161518684367	1
0.5450879103690037	6.049533199333027	2.0095286042048097	2.6184828330760728	1.2129523671065126	2.1620348399836895	0.5450879103690037	2.395474162456448	0
0.36241841856579815	4.638962731722841	0.8581106198076925	1.0370205326614688	0.32492727788168374	0.662827138648991	0.42295132911543964	1.002174807031104	1
0.465198352373488	4.8299979182730075	0.9439058989071285	1.9087866637529294	0.9926960630765604	1.8666504680696812	0.08216783261050614	1.1075059558382294	0
2.012433306641337	7.084982213532116	3.728020837197594	2.6335134190739558	0.8859964592405543	1.1131724399994394	1.7273631602000845	2.9719517448885875	1
0.020484747540436332	4.052212682398775	0.48875791310426203	0.7493857270071347	0.3014592300699101	1.104229814118816	0.14672892086856654	0.7422706225194976	0
0.1904302588960261	4.974256884435334	1.0144332604255037	1.056365668739688	0.2295231582782488	0.4672247717952996	0.2944516073586005	1.9149795491866475	1
0.08270285864017508	4.494410677518081	0.44412155953163174	0.9769718226844216	0.5728760521663648	0.6842930986063205	0.16131069988225022	0.7761547195435535	0
0.4607862796961259	4.862812550581756	0.9249729322569888	0.9601544955205426	0.2991782375902073	1.0243196840862545	0.42156808968956194	1.2956856122491356	1
0.7192047148792349	5.032130605640862	0.5661657187991552	1.0282613525715871	0.3548452711077983	0.43339799379421934	4.0146842814140875	1.1010094132678312	0
1.645075290025232	6.457961880225622	3.2526316325904148	2.36477084854802	0.9862644555016655	1.5337009218423452	1.5909480231202557	2.5888311348472692	1
0.3652332172202856	4.518905075926562	0.6920816130444736	1.1607416601336584	0.3937635781338235	0.7472091386584758	0.15171629053321664	0.8452242834402949	0
2.1461300935938796	6.6731251336165105	1.7485909738266763	1.6294169947494128	0.31858463164159645	0.42388115362895673	4.037881788721237	2.657009506387623	1
0.4389772506406127	5.550681798937195	1.2544187398063091	1.107010260119152	0.46829592194328684	0.8690313953898945	0.5700242882118175	1.4819908299413689	0
0.10003536216227427	4.262050101309414	0.7124594915923183	1.0593169060604675	0.25413045954038743	0.9586986681237323	0.04230441519157637	0.9122425490275857	1
0.570923047814571	5.5075210072085605	1.2997283394902932	1.4878576765293319	0.37880623035148014	0.7926757232748454	0.6870637137420843	1.8084526921697155	0
0.8036146335859163	4.942268655056257	1.2502455166566147	0.7482980250247934	0.15554970074096555	0.6509335932233944	0.9482931479996493	0.863859948686182	1
0.0980337402713654	5.0617757101318395	0.8323437457482343	0.8761768199375802	0.2979318634127899	0.6442877639926213	0.3418363951917714	1.6847308964695318	0
3.3653214684236583	7.576159716945223	3.002355292862225	2.4430945819735603	0.5750053305373859	0.37897053963669364	4.02997847066214	3.2969806560714483	1
0.069018471159277	4.3968746059477	0.6515019305912313	0.6338164088583392	0.38435722934178557	1.071172572909328	0.13908345138262831	0.7324640429368957	0
2.8249142961434517	6.506621078938001	2.621147909071691	2.0042599164437833	0.2541382154164331	0.72880385776798	4.539807858948933	2.134556897675475	1
0.19573124370387227	4.80959401145664	0.9034081060431414	0.6165792621409547	0.1547619215523962	0.24468584099050456	0.9271515392069011	0.9195254943840843	0
1.5847352997937285	6.690982640238049	1.909586948341258	1.9302017005878715	0.8307764155479829	1.7046753623209416	1.1367426640293772	2.8375744090088975	1
0.837031050888523	6.1727445199750175	2.7039016075758764	1.3191658221132208	0.23949710011682246	0.7124104467407916	1.4470130961545964	1.682595433051827	0
0.4142926967108435	4.392309830913299	1.1529426332131572	1.0551479172540255	0.26338681840404604	0.5561641235039723	0.8547556957563583	0.8626789624255059	1
3.6349748585082793	7.881341766375551	2.9406317408234863	2.7105736811132704	1.245364236685686	1.441800021025298	5.883249962467249	4.254886204842629	0
0.3522752795940452	6.188699141384751	1.7758333186777957	2.299149197058145	1.76753508033719	2.0754209700027393	0.3522752795940452	2.7379713972180872	1
0.3166266084005067	5.00366707233251	0.8548833037447915	1.3125939981899333	0.45252043498387984	0.5966803320722387	0.5351591475014319	1.37184040414974	0
1.0930971079799996	8.034658446675667	3.6016998811619767	2.0139425594471403	0.5713071765250066	1.06398633674688	4.490267622784789	3.8704152856399565	1
0.6634917736523204	6.6124072312158715	1.8828486318483095	1.948734727603381	0.9780629302667562	2.0228844176171865	0.5849660239653464	2.7177760843266494	0
2.4924200202645146	8.447734318510346	4.349423377779719	2.2274088581431633	0.6224403410686579	1.1304339009910658	4.0238219498493875	4.914989658032771	1
0.5834662341565369	6.0635877473329325	1.2306049981266065	2.5065295148706044	1.2441257750997043	1.8952933175444737	0.45410922986789104	2.2509970183209504	0
2.5518563242576957	7.010431805962677	3.635773992426831	2.268148915672918	0.4840791033502816	0.6943963999603772	3.5223849855637326	2.895503014895006	1
2.4093476253669635	6.323916212052098	3.8730160294314513	2.292575160364727	0.3215616238854588	1.1165831739893461	1.7197083546507048	3.046952815295132	0
0.22506969510767097	4.679824865812794	1.501095176597068	1.18674525865931	0.24557800642896943	0.7014625121636592	0.25110107218878025	1.3893895660271929	1
2.7936589281715474	7.028716902017414	3.5120975252092568	2.274288493838932	0.7521233856602426	0.5729437180323447	2.0416747710396925	2.651931246836924	0
1.074319596099065	6.098033157725136	2.9972061868099913	1.487134676045962	0.29143751195319806	0.3790253033995255	1.4610771055635763	1.9171578786223886	1
0.42925324674461196	4.9052207029023	0.702701393364757	1.6035807929497026	0.6609958205428604	1.400591665820715	0.13739392343881987	1.235180731450129	0
1.8205898508959322	6.914052310994828	2.476681247057231	2.112864228718146	0.1685014981930915	0.40927783043608135	3.6036292526166243	2.6947285269857195	1
1.16358821413046	6.667191497708195	2.380184819016442	2.0883641168502467	0.33435571264945274	0.7620200448463207	1.284150887451187	2.3051817188413115	0
1.1314988810023288	7.4686598931669455	3.3480180993906736	2.5504056470206957	1.2648326925826985	1.8161593560515903	2.2492054130908046	3.295592391678472	1
0.4067509477286213	5.907763050053661	1.1865315867059931	0.7119198658832289	0.3335751870798392	0.3292677752725989	0.9146093190916169	1.5066296924524183	0
0.859931998204771	6.192835996984397	2.2611274798443954	2.0100110744618367	0.8809536675844696	2.303584593327129	0.6699194944406412	1.9495890877396467	1
0.02276196961020362	4.1334450758440155	0.3879051641167501	0.4763024996438296	0.3879051641167501	0.9156505269867319	0.04318112957156725	0.42996257970855173	0
0.12983456778023292	4.479981042696079	1.1509200682914544	0.9192862408539536	0.280279742685019	1.0328285481221067	0.1659041930218768	0.753583549363776	1
0.18637167730531323	4.415218392839072	0.6684394428551899	0.776982686472178	0.2947942210575619	1.0458793620159064	0.17239747559626137	0.9790777199729198	0
2.0369906170062695	6.98127958798051	2.4823784565991667	2.142322439719037	0.4506997525527936	0.49912544281775406	2.5858072347237333	2.6778658699248945	1
1.116255723840705	6.585998950286927	2.4350771957438915	2.604909442182697	1.5977296373019398	2.442920783787576	0.7533481832507024	2.630067037777126	0
0.6241239514693494	7.056167697864739	3.8748443658226894	2.725215366423223	1.315308433386604	2.2927872505139346	0.45931546375952853	3.5785622298030666	1
0.07237647397557366	4.474056439928064	0.34331307038573794	0.7087744364456445	0.3791758882851944	1.2771489138590926	0.09797934169296821	0.7450752734203047	0
2.429490834388121	5.846280959137239	2.8188876907182787	1.7869981521263445	0.2194407042297871	0.4037903731888436	2.8988468537102805	1.5745565705759168	1
0.12080956221207216	4.687985354530067	0.7895022688027084	0.8738424156093157	0.3638858825163691	1.0704528402075364	0.23781933327937677	0.9204819364926231	0
0.6761637755195319	4.586229946728431	2.043166485815124	0.6516687206134049	0.26882794518719244	0.41226195710843705	1.0930971079799996	0.9154503788764625	1
0.5440321339562895	5.630711298177379	1.9724547042774256	2.1911058963280423	1.0750706800850756	1.63329114845626	0.4046848037498877	1.861984914117552	0
3.151119331607741	6.987725768663402	3.99836215652457	2.668727082705691	0.6125117972889196	1.0104730031014106	3.516286421397628	3.1807668135453873	1
0.024262276106468656	4.093534233994846	0.43833234728927034	0.6123871323258459	0.4679891014465231	1.2729296751648718	0.08471975322449944	0.49978085423323687	0
2.573726113425584	7.350937855552612	3.2475410240819653	2.7826689951451646	1.2322686734807833	2.5760262431554843	5.329328026954629	3.8897794414685105	1
0.4588478846732778	5.07940236231379	1.0061314358739446	0.9992338446878307	0.32572902008868365	1.056365668739688	0.4195060708079203	0.8722134446332273	0
1.8325654636203088	6.8485711441659545	2.392690844132649	1.8238716431440414	0.8200441137482962	1.4144444045362368	2.667443461190797	2.4214253473754943	1
0.5002236206205518	5.188326145705516	1.4241198706598708	0.9574710621844718	0.2739963486971987	0.6197912332569463	0.981853728057914	1.616115567187341	0
0.07884352740574167	5.279668553352284	1.1741834755151837	1.1098159591754349	0.46671698413992757	0.9736157984934245	0.4731299870921646	1.2533627885673355	1
1.9386984931774192	6.910871219393727	0.8560310434614247	1.9403662385140106	0.3697619344858548	1.397382658105311	3.4865061990081916	3.390449833115391	0
1.1957692469752477	6.896779060085733	2.884850990912355	1.712860551621638	0.6762400572432308	1.2427414922542839	1.8145315395702524	2.259249525427545	1
0.03512387100561205	3.855668503658398	0.1456057038572955	0.6045563751114182	0.7536306159394559	1.9987194366014733	0.08180484650225513	0.6643309525419049	0
3.2177632061374726	7.923948032002122	4.797667295795551	3.0185548460258413	0.702552808634041	0.9783261227936078	4.3859190493892255	3.6063778926021346	1
3.1934431384907693	7.133261397235911	3.556016409523672	2.718165534843303	1.0876524484317676	1.251562247918849	5.065929972259316	3.27662761817928	0
0.48487376866245596	6.676943652985751	1.7421314541595658	2.278835285822938	1.6859358834068254	2.4503755896686217	2.6846519171736505	2.601162594107788	1
2.928384476760786	7.420347261817028	1.8691062384306825	2.262804222982201	0.5399552076929398	0.16198278579842404	5.201168046561727	3.3112872619198157	0
3.2295902201854028	7.634051024461045	3.9127907106670543	2.236755071562218	0.5325147058809769	0.6958435421076878	5.034852997186993	2.4054304482862037	1
0.30566687202927817	5.041113414735443	0.7907275088988094	0.7933092074589263	0.3399091806994215	0.5216409269573572	0.5316923905472107	0.9614552838285286	0
0.14280946786154036	5.483978341274039	1.3849434490489343	1.1969784004129764	0.25026053980214746	0.9030433717885257	0.4630167779461691	1.5147315502951917	1
0.28873651633038533	5.449948159840636	1.092963028269411	0.6262859640527287	0.16912655100506258	0.41471552411107265	1.698949494637571	2.163196580885125	0
2.8840462383582635	7.124402897334702	2.6162711129825267	2.4091049363717185	1.165024054187361	1.6490239434660636	2.484131349320249	3.064875800358527	1
1.6067142065125037	6.770022271924964	2.555326280747199	2.509436647531278	1.0387207314275038	1.6415952772331566	0.5727125074181836	2.140912863767937	0
1.0811269743270904	6.2763684515222105	2.4124793158524143	2.0830475322738202	0.7519348220430337	1.6528996198446362	0.9578548509518475	1.7431117949064623	1
1.0257548163647188	5.674908264694545	2.584344661994057	1.3252962320583084	0.29693661674715743	0.295062271661164	1.4675747640709884	1.8904880420878334	0
0.3822988300763249	5.587046016146848	1.5095954774601794	1.3754103445178119	0.21739908340665068	1.0106914072956394	0.3004674895581796	1.4911722603371353	1
1.1349442179154998	5.8351109843815285	1.6239914934416115	1.4731828138879812	0.29451864971076935	0.7327524351523047	4.0694232568168545	2.014743007740899	0
0.8653342228733022	7.306467302925668	2.6536221740086	2.301374360352989	1.0789536510049254	2.0560321678862614	2.1546533686473115	3.18140238434465	1
1.203122442871097	6.674007955868718	2.719998534618051	1.7976918378811633	0.8365113228678155	1.9817460192063823	0.862763364856346	1.7067460949010984	0
0.3211337729595964	5.045365813194592	0.4703473201772405	0.7625333080449529	0.2958436757724112	0.19251938177040057	1.259766954648132	1.275390732983385	1
0.5924148273058027	5.508973675769259	1.099811569243592	1.8182391020324338	1.2250393384376363	2.7320140929555565	0.14747990819318627	2.137179648576404	0
0.36855904741218437	3.8318059492234546	1.6950282802682832	1.1406815050836805	0.4334174426776921	0.9493385859203555	0.39826592271479194	0.6334077918090777	1
0.06171673113025817	4.614034779126474	0.822902703552482	0.9462766273644118	0.31086867352710595	0.8446658281988548	0.158447151047718	0.6051134629763952	0
0.2358307276462144	4.945748979152096	0.8948627844605347	0.7571074095188223	0.3231336721820324	1.212060014508555	0.8970263596926973	0.8028084347694637	1
0.8248331213853203	6.076866713345568	0.9359757051905532	2.614896361391259	1.2494718443971542	1.4978133742432085	0.8506209043841353	2.4466767789216637	0
1.3399362371417411	7.216383295482578	1.6815725101932995	2.4541467098025826	1.2876887573657685	1.3435695156598937	1.4946105046033493	2.7592691593935683	1
0.8341257738195175	6.667919560371543	2.0949949577732374	2.687024025576091	1.5231826131820123	1.9572597833120944	1.367977629333993	2.333395538787357	0
0.42873231504651044	5.624456759881813	2.373481484969126	2.4430424456893016	0.8536490772139745	1.3946096927236045	0.21343255181900722	1.1602716690548374	1
2.7688504937621286	7.126981166262242	2.1431672325603808	2.931444387671447	1.3800750613059738	2.315955311932217	4.961079436858691	3.335139484635174	0
1.7860599243027326	6.458148139876817	2.18570290145573	1.8326614605484808	0.3977756196237842	1.1059188638505477	3.7854910594238684	3.1342064305676693	1
0.3711013806802049	4.052909532612005	2.032336831334777	0.9097091205086006	0.2095637619376879	0.8007451911579634	0.251637709353282	0.7499999921527281	0
1.1100466662937727	6.421215030425086	2.3368125915432727	2.9404203891229037	1.2631658136387398	2.078416016008096	0.5202451206824444	2.065444032035982	1
1.6054700508727149	5.507851934294069	2.0600293381583743	1.3838413549588238	0.36974811641458105	1.089975095272446	1.7361939037783463	2.4148864650811905	0
2.186197333487018	6.3093057270189625	3.779718288700443	2.2513128510164706	0.6426640841891147	1.3864943411225568	1.302613794453953	1.8051362662696937	1
0.11445305296871239	4.189869870399809	0.922590844422635	1.0850541240692588	0.38064632089144285	1.4888058220729676	0.0837067560729921	0.5852779651892372	0
1.0630541932673956	6.157196970299737	2.1814226034104345	1.008103895146607	0.18647956694261839	0.6226764318359228	2.7077968356745674	2.430529658321669	1
0.08206281971869527	5.048301594647782	1.0108369835960749	1.1762829545042726	0.39637054431522484	0.9266766114265725	0.4368927132111698	0.9382478992261973	0
0.4204325352299507	5.487528469157533	1.2967251702570732	1.187660478833631	0.28978486004348314	0.785042445264201	0.6688544879909007	1.4806495396010362	1
3.5239016216376067	7.4448987889874125	4.569414502679114	2.4960196707915694	0.683879366739029	1.2322978360768397	3.694172918974909	2.8609486686674153	0
4.384328982236512	7.899599098327705	1.855516435030806	2.9625580435226824	1.043099578737851	1.4037658420318955	6.4806267543829215	4.4087050790724716	1
0.06649254828243717	4.8853509437969365	1.3477094458043215	0.8332134244567861	0.32544740012213313	0.5820647704866433	0.23564113022417135	1.077116228323223	0
0.3066461129381899	5.11179379363717	1.3068722941424	0.8654184015003984	0.2047433002286847	0.3267609486235963	0.3628567968515228	1.855625889556469	1
0.26670866005411925	5.155583186447302	1.7726955690058286	1.1283976024708018	0.23003177295003077	0.8333438110532289	1.243260822906464	1.5403021735992384	0
0.9530468719992745	5.829280267491042	2.6134610945953707	1.7923259753997947	0.25888900196283327	0.2891784523167845	0.8042859697939126	1.6613280286880445	1
2.256342181819308	6.81743607351878	3.105774313755186	1.757599263414621	0.17694043784147437	0.7591221694834782	2.896386963550952	2.531328933374545	0
0.1728770979659549	4.485095275992983	0.7448378959653005	0.5741046020123428	0.19010783159438807	0.8526264951052677	0.26682353788167607	0.661697792286355	1
0.9417245331309652	6.286028820293806	1.475723645946315	2.767764604874289	1.5883368425260462	2.173751221150577	0.75122739163647	2.1649997800414216	0
1.6168305196535986	5.878506073264258	1.3856441497783043	1.227679565270568	0.18854382493679928	0.2914076239584561	3.0670664021583174	1.7361410454650428	1
0.2610403115053454	5.011147163068978	1.482149846763412	1.419946715081734	0.5505692770853028	0.8133273408160502	0.5543390331776927	1.3991365461331855	0
3.739598708772203	7.115917407095816	3.3385202381969146	2.208768796789761	0.3869820098504987	0.8557336077796978	4.195508785748517	2.400011214432299	1
4.445192730090965	6.636706634207836	1.9308110144033281	2.678085716582737	0.5461367814801037	0.0	3.735350263992791	2.7523923924529456	0
1.1515841734342154	5.046453430172352	2.6884187591529827	1.7836096830876016	0.5798496947662322	0.5447805740159427	0.9259241808423931	1.692049625079043	1
0.6583434979485577	5.719942856105595	1.7714377072047576	1.166302089304666	0.37334128567988983	1.2548750222530551	0.35960265401006736	1.4042079504047693	0
0.5747295686026035	6.098695437523908	1.4210097482083432	1.579576464399938	0.48002202708922415	1.1845453066598377	4.78698911648661	2.162483592975715	1
1.0004480398808784	6.488721379782656	1.772168819463051	1.8329973772442998	0.8939224160121468	2.1164723587600816	1.1964344622876348	1.7396061560074945	0
2.2927670533900044	7.063197210499278	3.574999416840368	2.1616319414108314	0.7588412837553077	0.9919175499971467	2.533252270718282	2.759250157800601	1
0.051874925207546704	4.083468970113394	0.15872875585563448	0.42015665685115416	0.6073278201089545	1.7750370930836663	0.08627402187681857	0.5416205548892112	0
1.926057234780479	7.337315292634115	3.0322281237918314	1.992043726396182	0.6036162685696558	1.7663561875055191	5.477534108388513	2.7149265050416425	1
0.2131821003992141	5.41387971608296	0.4164314243235372	0.804017489391369	0.4775376768998157	0.6785917625507467	0.41131463289705594	0.8656708948737888	0
4.029576681450286	7.311018163976051	4.521043734505301	3.208247544259021	0.8002511754741463	0.6540892541561821	2.0805284507800748	2.304782676537533	1
2.2128463637946494	5.808434039067469	1.3647131530862864	0.918528226814347	0.1845440851470518	0.5634085861741189	4.075791853452201	2.5717721828095823	0
2.2623879032426326	6.70666904163886	3.415497972372302	2.4282481109897027	1.1699712476499213	1.9415291378532868	2.0634264824831523	2.783021609911004	1
0.2602235131551759	5.460554831438365	1.1672362032099288	0.9055532913314138	0.2419260506135768	0.6816817024506671	0.7706173513268443	1.2366626221485935	0
1.6207931964722349	5.448634278297346	1.4403089494261287	2.35982517016612	0.5908375617353753	1.1187743284920513	0.8965369033872942	1.7604923753535442	1
0.16124261535528384	4.816620841063581	0.6563846436143662	0.886820725690124	0.38031822568620843	0.9304302954278743	0.24033099729685414	0.674137638688364	0
0.9543569326806114	6.03423927380514	3.1774744958994794	2.168230504493895	0.8134160129508902	1.0927618749899342	0.7530185775973357	2.4304592636716333	1
1.377959724329833	6.062814039581099	2.052224495386283	2.611392447060775	0.9169705007789123	1.9559877702508521	1.239532979724487	2.2842174356358607	0
2.2319158171261497	6.94531759852983	2.7554044141522134	2.256907579497393	0.9165307030787622	2.328340555193756	1.4614250244324065	2.021428350857404	1
1.4122788218418563	6.131678126610173	2.238131901549126	1.757168024458436	0.18457734392529368	0.6265906245590579	1.4910596996949708	2.1823252425627633	0
1.4931063229199542	6.543026129693263	3.8447222728947787	2.6033339223236784	0.6372644233122716	1.282404985027628	2.882479585359134	3.192178604393342	1
2.372614760155897	7.439636391943797	3.480353542623108	3.0522732746116654	1.2480949473608276	1.669064389210651	1.4829672483801515	2.6387072683509634	0
2.6840306952579898	6.988442794107274	3.556113482765509	2.0636296906324985	0.4297543873380502	0.896169653877933	4.089718880232008	3.14588353779866	1
0.31050220133091444	6.48695970752851	1.7395359177240892	2.185399378905609	0.752971482205611	1.9801873444537705	0.6850545231624903	2.6700783078486565	0
0.2569032262591971	5.632145037958625	1.4880609262675006	0.8569228200668016	0.3900807060644171	0.9074114272675599	0.8464689455035949	1.2325311062338968	1
2.363266183804312	6.805281814002204	3.408930735384442	1.9126930921236835	0.5581690275964928	1.2503600838790576	2.590459646920079	2.441485795042983	0
2.8646436093234335	7.0117311664846795	2.4987684627254723	1.9818562758287823	0.5801576377376279	0.5508690753002896	4.285234857846536	2.4190428063542453	1
1.8411526261639766	5.7558637251914195	2.084118089563738	1.4675056165447138	0.26488416377577684	0.3952598781043012	3.8142558096306463	2.008536128164062	0
5.223503299013788	8.210486791914049	4.008632340964091	2.7991332774618933	0.7030975114131134	0.6109007965743608	4.869308260938552	4.61095144227495	1
2.885085588466914	7.467370152631427	3.9101973399145735	2.331658340479753	0.5957383000230668	1.4682659764850348	3.134967990540331	2.326194191966219	0
1.5372327441848628	5.943894575700485	1.4371062896694937	0.8372475245337022	0.14802337474670788	0.4390932890881484	1.7234092483398218	1.7173771004566654	1
0.09360964380314804	4.516585936318866	0.9787395711466437	0.7582324272158797	0.4431911150008107	0.6909798335593292	0.18518412240743132	0.5887861652352026	0
2.4293498937855427	7.094122806453547	3.4964378620678365	2.2268481024022906	0.5245569165772876	0.5655694581872167	2.1370970541679983	2.890755017776047	1
1.5237928743055242	4.943633296646626	0.6726536146206269	1.1052899434213501	0.32919582765043676	0.8245701019203636	3.3687981492154777	1.7281272039831994	0
0.44468582126144574	5.034047738026784	2.2367871124036136	1.4177688030796347	0.3323279466165228	0.9437113274501471	0.7124594915923183	1.4372250897884336	1
0.21778522106952364	4.812722421970733	0.6154396608780212	0.9095077795773229	0.3949634919918624	0.8548407695579324	0.1739701137048958	1.119198922276498	0
0.9334624503824743	6.15525971187097	1.0917555012048965	1.5944054896001383	0.3262992381223016	0.3202339637455039	0.467205969442498	1.5579972387657044	1
0.3848745704921554	5.383194217056041	1.1846370680191936	1.2353261119839316	0.5011085657026096	1.2332014549860657	0.1538620667539404	1.4825813364313873	0
1.4163384824682672	6.817246921951657	3.2802794373102846	2.6761260035175662	1.1576670514494245	1.2487549470978292	1.2362560472460886	2.20124979858584	1
0.27275623426516277	5.309352257567999	1.634286610403491	1.3536420288446411	0.6230358266618236	1.4683120403295316	0.10211425224176181	1.1741525679134566	0
1.1511414856799502	5.433707592970058	2.1140844851233753	1.0073372898924975	0.18805508864171525	0.6525334976746482	1.4623753855252264	1.7196725303331541	1
0.06927323218221858	4.453475986540865	0.41670174003415206	0.7882755256515227	0.4472082782158786	1.1096181678446433	0.059999485282831846	0.6472184186715311	0
1.9940198096258406	6.367617041001176	2.551918671798495	2.52862843584587	1.3994326742601182	2.205567456314532	0.9569719164811595	2.430855169134581	1
0.04235809411494348	4.5019529274685	0.750377814014217	0.9540103189011692	0.40545844141927534	0.8278528834122367	0.21735080571334953	0.6311600684750509	0
3.1752875076029756	7.790087533422439	3.337898980147173	2.5712448836009227	0.5990507638470853	1.0523938148664955	3.7560192764319495	4.144343519316423	1
3.56910443577676	8.307356435680333	4.28874015580482	2.902953387321194	0.572176569980281	0.7647699242329129	4.263119217137039	2.7449669801851924	0
0.36433751134074355	4.78175615905718	1.8472099438884062	1.2651431595557403	0.3784843797763899	1.2054916502952058	0.28602820556759756	1.305653557956233	1
0.02165287531544327	4.4957592562447894	0.7306837840886713	0.8766763412400621	0.33502833755763933	1.1195580531835723	0.09665473003686288	0.9156505269867319	0
1.4848039627659577	6.734469060305716	2.5952770947659585	1.7527760612490069	0.4004592664296783	0.7084790445569269	2.19642425716545	2.093874385302101	1
0.12158911666533456	4.569864200280604	0.30419989892731236	0.8955981086490659	0.3167431780473598	0.8551809924071783	0.18201317591612576	0.5404504432458249	0
1.087719847501686	5.736533587052533	1.5111633431657598	1.6666118817086182	0.3243490468189023	0.8158514205353968	0.8505354708086882	0.9149298062348136	1
0.10539551504534067	4.587980282554427	0.5847821558818203	0.8505354708086882	0.3463164798105087	0.8124401867479285	0.16126814759612232	0.7062608197053283	0
1.4741907630260744	5.903919664193007	2.425492753081372	1.6517691674475385	0.324464719782645	0.3440647688340572	1.5719021789049958	1.5978510431821802	1
1.3882923637825637	5.425120047078415	1.8363662922401653	1.2682144063874008	0.29757547099126624	0.43121732172466354	1.7360000763018137	1.8529329599962077	0
0.20749372917389472	5.675040005790547	1.2080644222291896	0.7290450715569298	0.2842537023011018	0.6197428069765324	0.6653699403938311	1.6492738209312996	1
0.03270723876786032	4.094906071213083	0.734049171880371	0.7415563197676327	0.3174059096180022	1.1131067348185624	0.03459850874466914	0.4329181348894651	0
0.52020945755633	5.123562112951467	0.7569197834570117	1.1339472569555984	0.43210703905458553	1.3144760733294183	1.6438973084856712	0.9765576426608039	1
3.1029979731957127	8.455535997931118	4.042303619994491	2.292494352283875	0.8412222986253086	0.3390617381092261	7.007597446526022	3.8846189201158587	0
1.3832397003906618	6.385874606053011	3.0605973038816345	2.0948595706581914	0.8647868890070396	0.938130498478611	1.2333762546951779	2.1924018555749925	1
0.11072708980453126	4.619771072363588	0.5625429282485543	0.9457718611963236	0.4255944794033301	0.9522368586476242	0.21428038927880355	0.6634763220403307	0
0.45530234295533595	5.1487587935072305	1.0634340603184973	1.0184140133389974	0.23387773329164188	0.5776409260691663	0.8120851046314591	1.6846752466183805	1
0.033636883320768675	3.5598379667622657	0.19727584857576544	0.37185316966293636	0.35700289015849207	1.3560155497339614	0.028108236115910363	0.2485929506399792	0
2.7636551867749315	6.56446648231479	3.1512520157874873	2.3215638515918267	0.54920174958655	1.1715839011239324	3.1542775686131894	2.2157846028571293	1
2.6625506170308437	6.759183342322852	2.8317888004638667	2.3832706709052993	1.0356724888942357	1.2188811210590544	3.0246258060089666	2.276959545355073	0
3.020737032543557	7.394813645884055	3.531605568820697	2.1511806388348123	0.6652105618669226	0.4109434081161905	1.8147758810305121	3.6254922699335332	1
0.9401634962857113	7.372415030111486	2.638185521129224	2.7130642762579122	1.1352977394759622	2.167807209536797	1.179885008796846	3.813803597921686	0
1.9018836207349035	6.265535785983711	3.1702736430289833	1.6879533005024658	0.38838676657341326	0.417420029087404	2.0941946770166755	2.1973690113495694	1
0.5956831829543991	5.398190755422881	2.1989453182342857	2.1980020528016055	0.9950649430383804	1.4857323733259475	0.32330738759319766	1.2773161985501456	0
1.3459670358972686	6.74025821439967	2.620384064349637	1.8568134824767344	0.7440779092284882	1.2007175116052633	1.678665423057803	1.837990806835819	1
0.15802886422491008	4.307711140989056	0.9303514155224893	0.766397642299538	0.22572421852625793	0.7555584406813424	0.13647829623566168	0.9097493838307328	0
2.519686426821985	7.179326414455876	3.047209301061578	2.1216505738185116	0.5574019105449057	0.9322428180880821	3.1458792349004425	2.7464500646300865	1
2.6103932698294163	7.1266728735060285	3.2241459135237123	1.8052020449245438	0.46439417563745194	0.48152450832035176	3.154896080918908	3.0922099533830383	0
1.8555789819410091	6.122513642630708	3.074048876981745	2.1815467646169897	0.2527955530960372	0.20547640226044267	3.8099814204660536	1.93956146732737	1
1.5386935079083426	5.48549917648687	2.3821907821119592	1.446024465327657	0.27276384701957157	0.6234058147352697	1.6246417461763731	1.3744494867519672	0
0.7377380638878204	7.589219832630115	3.695013104760068	2.480806589349109	0.9324002736072233	1.4095224872390977	1.3905353553771451	3.7598526967042667	1
0.4912390531278901	4.968230798080761	1.4190277307365262	1.2988829041089212	0.37061137911757885	0.601514231447946	0.4521132973466517	1.5496029787319145	0
1.1917078969058639	6.9772225712470854	3.409906017839056	2.8296894955296565	1.2554735771883392	2.2901379476922883	0.8730491458351325	3.288121997605015	1
1.0033487744415965	7.143711358182557	2.2247857005396336	2.612405298617832	1.0089792964280724	1.8984890472921192	1.239040675586429	2.469099031804703	0
2.5777061046009297	6.4232446908036644	1.892660054163788	1.4433833281040176	0.3882646921214098	0.7605254158898935	5.4510088393933	2.0715353701087387	1
0.7364939850633112	6.352552912558521	2.3366579633271813	2.690035574379888	1.517607670615811	2.2051155835145453	0.5752585143248488	2.499934825612944	0
2.503908302795131	7.346137492135147	4.0320861064255284	2.31984527532809	0.23597290212613484	0.6013169387416559	4.897707701674079	3.2364524470405334	1
0.053054392743109045	5.111766679576449	1.0585885865387898	0.731068973558502	0.5045982740102346	1.1744616009515476	0.1889992115471952	0.8772588009003968	0
3.79593628022333	7.24011578831219	1.76753508033719	2.046453365852855	0.3189626924848128	0.8859964592405543	5.837066378324525	3.669365285209634	1
2.3976406949416322	7.312957152447103	3.390860809560772	2.4455592619451525	1.0041550783152229	1.094336493805321	3.5473389310013532	3.598303549920704	0
1.1413205031564795	6.770471712893721	2.2587690374096105	2.8589269560527035	1.1311117467586964	2.3168528231250547	0.7253239122551665	2.3026450911941176	1
0.599907356090197	6.014792326297807	1.9131803244323944	1.9584032133027798	0.7050757514252192	2.014769678319252	0.429415982263951	1.665988363724487	0
0.23379066905796975	5.401369319524419	1.337471696422322	1.2380263444507877	0.4515022799200105	0.8890839614359387	0.7406984824181677	1.8428802487357694	1
0.03586508933991888	4.053097129993834	0.5660805604755873	0.5835499248024821	0.33896911681980013	0.7748654068448032	0.055055259315679055	0.7638851950652871	0
0.8703724399291508	6.54638690956172	2.7988654453180004	2.017167122195332	0.6561460024154624	1.2437798839943046	1.402020061581373	2.105852189796759	1
0.0868261098287292	4.568575701276031	1.097144545393075	0.8788380548235039	0.38287179045541975	0.9810667248130659	0.1758087276228981	0.9380522236556676	0
2.9067589732508208	7.983035615607982	4.196365507717868	2.455074393494638	1.0921246225325554	1.0717890746242342	3.905747354660474	4.583642110962768	1
0.4899042909520718	6.4126991603981605	1.6310036903486609	1.689800568918557	0.8113301362376556	2.290897053198855	0.3147231447628209	1.654430398352929	0
0.0893323481177887	4.385623906725456	0.5950546335594982	0.6085256728291992	0.3364793794528457	0.8127507802057776	0.21854901256746667	0.5986661569106286	1
0.67212781333587	6.225676615752964	1.0586926646668653	2.6565112625115046	1.5135215489375602	2.190658624121907	0.5613457193123433	2.585581203455112	0
3.3492231537375905	7.359807364119594	3.00350697210789	1.981346237013422	0.6161473386710775	1.360899627099946	4.341869783480084	2.024536469510503	1
0.33875534263578155	4.347625389206533	1.1893057672825322	1.2235695280724936	0.28032507599821194	0.9066039662846113	0.06969209364082168	0.7561219797213337	0
1.5448780577356371	6.18259386808291	1.5691157929554964	1.4040851621284396	0.28016640041011814	0.6111613362185696	1.7079248591487544	2.3943982562664976	1
0.20665638180874857	4.875320979677512	0.8263660243461681	1.109519257506784	0.36312112261369395	0.9999331068107978	0.20086522199518358	0.8001613282144274	0
0.9801665334616281	6.30040296910131	2.3540003799402016	1.8875392357289837	0.209669178312192	0.3608372694307821	0.7877298230458931	2.448061113667178	1
4.053873200667367	7.302293572965822	3.608620681433371	2.8573778401731524	0.8809951054794305	1.3849434490489343	3.0660975362145546	2.775210282944733	0
0.5787683440371244	5.082620395505896	1.1803458736947798	1.184331164070647	0.35644991862243486	0.7868651844336971	0.4921869987562216	1.4044043802922082	1
0.709118950069644	5.760386475578446	2.259562762843183	1.3586661940024165	0.5763380455083759	1.1542046620918147	0.5835331872336137	1.8443202932936802	0
0.5881532643629911	5.622934609597101	2.0464921227887367	1.3697583924797911	0.5787963730639863	1.4063665599215442	0.4800900894467449	0.8180161626058146	1
2.1515645093006945	7.351304300485364	2.7179411242501814	2.3312114217823687	0.8456536522747143	1.1113968830275291	2.7503878464432483	3.23309820562665	0
0.596597733180669	6.605940339722213	1.989503157909533	2.3438805754012173	1.3314421095717404	2.097183223155993	0.37970275688472443	2.401289505866386	1
0.3174714306375328	4.620981525347798	0.9309428632064695	0.7695525117623508	0.3618057587677489	0.8516028662519182	0.22597952613341776	0.7560280785991463	0
1.9364368472628317	7.180893754165569	3.602779479852453	2.428389206952829	0.43425986449569093	1.1948916955897435	2.094034543982736	2.627830255500738	1
2.358927618532079	6.484566530985065	2.6480595449537345	1.5989632441400794	0.36134601746861417	0.4004726665851202	3.4709441910886816	2.322916991965964	0
1.9038969691649053	6.492718356874261	2.3606464324073158	1.3166494914140014	0.30405972356032146	0.9333838093003325	0.8469835252748126	1.8730321893567912	1
1.0423240843213204	5.4607363410504774	1.9314779323971372	1.828894675890315	0.9216762041504929	1.8478404509946171	0.44052976089720586	1.3057890464602404	0
0.10158138372574559	4.7454128823477495	0.8655867374994495	0.634166519199719	0.3173258225414654	0.727886714363842	0.21707718808422918	0.7871838224863283	1
0.26350207845004703	5.271125495912501	1.25647037328369	0.7166195367450876	0.20306328548001776	0.31771891575329425	0.4670743430731586	1.0779332774597088	0
2.6758506484799267	7.26637703664866	3.750172088054699	2.8446942443995122	1.187233480321638	1.5868036799251657	2.182843891381497	2.4060347841890692	1
2.225488042609079	7.037684165366293	3.283445595517501	2.060437095752138	0.6027956861289322	0.9762186404540429	2.055007958038569	2.344264319985534	0
2.5397341083204727	7.064882951736844	1.7741723858010037	1.8825594935544938	0.2549289989535254	0.3601329581100231	5.08381326250195	3.4109826823969525	1
0.2559436966645683	3.5889486154888868	0.3254690660124395	0.7080357930536961	0.23165125792682165	0.41960467166188364	0.09278608787186539	0.7989026182258089	0
3.235162474430882	7.44310273002381	3.2753657931259497	2.5718027423548584	1.1812976552867176	2.0491627302939066	2.2107329273610117	2.732872886533556	1
2.354560654584388	6.889443130370541	3.35911765208021	2.3749429631837486	0.881699287104536	0.6940967295955335	1.8386907639124872	2.896729283711983	0
2.0804035787737187	8.247875405154293	3.1527232017686515	2.1417588477446974	0.625933083258614	0.0	3.0643624125948157	4.721180985494625	1
3.4897880664440084	7.342572695521557	4.2929727185753	2.848217858265442	0.9042181506398858	1.5628493230195082	2.452262927402932	3.057673675094174	0
0.10298068610854462	4.588854811152843	0.6853921881868782	0.7102992393775109	0.16286686895981925	0.8657129709051838	0.3065872383263774	1.0492819786461685	1
0.05226981743368125	3.8540484939652204	0.36960992519917657	0.7918153523566466	0.38797979376714486	1.269760544863939	0.015529786208290926	0.435379834056367	0
0.6536420269573147	5.184173388980601	1.3581520551736102	1.984540028359987	0.23988266731848626	0.5494846407359643	0.7650491498490232	2.142639320674209	1
0.277578704889093	4.92358682550965	1.311058830433984	1.1907963752093038	0.32069848250517213	0.7202758479481978	0.15633685982196097	1.4640652594183479	0
4.421329075256616	8.243822540284883	1.7361762846510214	2.1528197833593135	0.49189353743904213	1.3627698160729336	6.918922987342404	3.935800077087574	1
1.7104409480504665	6.359687011060464	2.3807583620478905	1.4669061376122787	0.34970571518192306	0.4549280617769926	2.099721995974981	2.269131716734826	0
1.1722034606369511	6.367154749625955	3.119537141528869	2.8204439256600726	1.4064645679092738	2.2520073320250744	1.9870658021910554	2.9554413879704122	1
0.10050575033163935	5.357656456540045	0.9762186404540429	0.8247016203002467	0.2833351382080842	0.8803733566873551	0.5443687112010424	1.2067489472726878	0
1.2174022246375968	6.0318574095642425	1.8923888105099798	1.3804774757983258	0.21047970219812345	0.4577981950573487	1.691146923360642	1.4431471727126735	1
0.4399373857776666	5.526893335525592	2.769765992082862	1.5257953998974483	0.5999347988377666	0.9942512733433669	0.7312133813664016	1.6120943808953097	0
3.800051798330542	7.333331724900422	3.3799260763862713	2.7951143544769197	1.0544862306255545	1.7231058259110068	4.555417809040386	3.942204914469195	1
0.788684607269009	6.470619611441954	2.239347059189458	2.628494596996688	1.3268097142849984	2.49123657348287	0.7052733603577859	2.332095350367987	0
1.5151931648552381	6.4689524429784075	2.065596134857783	1.0800069443425404	0.1750619360646944	0.25699603511941616	2.110019242143974	2.919979102648823	1
1.128785788675657	7.102834937320945	3.0849969433049607	2.7063487544624527	1.598114038702657	2.614047166611091	2.1651604170823737	2.96518543336367	0
0.5154310027099787	5.4331082781454185	1.3029127521808397	0.502864014095297	0.2951143842690768	0.4685588360344926	2.3095408455600515	1.008869913167248	1
0.2349456319664951	5.50378725471279	1.1398821828663266	1.1184475951688804	0.5247936155741973	0.7695061886586945	0.7024042018226222	1.1640254272163417	0
0.34314279603077275	4.189606256002512	0.9582384924819115	1.1383777252275258	0.3398166378716026	0.39173798748816374	0.16165105300189414	0.918887357721421	1
0.49293249222185104	5.847121778751809	2.029279186486772	1.7218197210233732	0.4896285446736652	1.6642290821167915	0.41404816803863825	1.6672916400429498	0
0.3799900227991795	6.085379890944388	1.5319303219670934	1.562199543607229	0.5423708013716364	0.2709046147124696	0.3799900227991795	2.115013780313867	1
1.9138295984488285	7.4284153060898825	4.010948460424405	2.0246949230047337	0.37248037740297735	0.7367333512228667	2.5217286550069735	4.00273901179661	0
1.065434612862096	5.995534503587504	0.8068775708869679	1.6439552744596608	0.45148317960835654	0.11131773613195298	1.5676154175802617	1.457917104792858	1
1.5135875867772663	5.638806524527184	1.4900460833632971	1.830884023912105	0.6187253129923661	1.5425499668924687	0.6626828184227762	1.5980735823550507	0
2.603674385653146	7.121708568917179	3.9545421190267946	2.233095669674207	0.34054251322371343	0.14538955587289842	2.467412855085378	3.1079532026684564	1
0.38550726876721847	6.67879697974098	2.141359444494824	2.4856813496305716	1.3214091132128731	2.276826162088319	0.7147129584745059	2.577979480106668	0
2.5110453707310265	7.670981960433402	3.692373343368192	2.3794535372506225	0.5982429183599214	1.0341804285087208	3.0883934934143724	3.7995819260823964	1
0.0664785131356222	4.531462287640324	0.4419834552084966	0.6998248353131858	0.3099302363958366	1.054207494691204	0.12014468920048271	0.6701190569389052	0
1.5586497536019952	5.247703315106967	2.199666038986204	1.5421435975827305	0.3803045527163025	1.431435016784162	0.3723012153297308	1.0115281817609962	1
1.9852956837896067	6.478640048451849	1.3777832441014632	2.918716230905307	1.5584182648123845	2.6289348410866658	2.5956501511465646	2.796604276409527	0
1.853183771215054	6.724534838313093	3.164846158448288	1.781961626747944	0.1429221610112164	0.21077942961043897	2.864461181666895	2.3856570539971225	1
1.1317568872604118	6.506688882342206	1.7341833210904591	1.5764807422759919	0.6375181847989838	1.23602364449107	1.7578061920767032	1.8515052736250088	0
0.14122174590852885	3.586206989075397	0.5992979330741274	0.6913004764510688	0.15913822133829728	0.9669077976706814	0.040793514114692155	0.3019029743917175	1
2.025658307859085	7.080189197124393	1.7194933894921463	1.9747613501046473	0.3991988493866372	0.9242192181962765	4.922868722928364	2.9148041740367496	0
0.2687973737302308	4.976121831103094	1.5419296526513395	1.1013751351570378	0.32561349328633693	0.8123958083779389	0.6460084021022435	1.4088627679623635	1
0.3351213245502566	6.015064367696665	2.114977590170852	2.3681949150837776	1.3020700058655508	2.91346417486701	0.47251297819451776	2.2246667938326152	0
2.6768622057793774	7.03149432014909	2.8571711099553494	2.402041211957545	1.250732336728943	2.1516575466203562	1.4733890679708244	2.7302290878236515	1
0.3732380158115361	5.319421107812523	1.9116735658933925	1.3447689942913201	0.44736172501489574	0.4297804137548646	0.5049182093015241	1.365147330518435	0
0.2715679343081492	4.8607360087155795	1.6038221736484646	1.7377607641290111	0.7177910114727053	1.4589637990792657	0.222167074716078	1.0925271450121616	1
0.3652887384606444	6.166896802065533	1.7288551675816584	1.8115784362600216	0.6178092215131533	0.884511065338129	0.40806838331160655	2.027608628039791	0
0.8879735584923744	5.629782086458707	1.7819784573729496	1.3089542481451106	0.46665427642058693	0.5718492248031594	0.7086267514083316	1.6125929301274005	1
0.24896723132366794	5.553548558729309	1.2878818741330422	2.22631941004037	1.3420812064435652	2.777420779026881	0.2799699100299573	1.9636377959361928	0
0.9836128751383112	5.340831688274467	1.36952961478716	1.1403938226830648	0.27656298386730394	0.7880936578688991	0.49298135762820705	0.9631743177730056	1
3.0824923689750516	6.886456052339629	3.642379914459885	2.260574892836981	0.9207209041534703	1.032508098065066	3.675155712894126	2.376792345933553	0
3.3543922460193363	8.18289704938282	4.231061292933028	2.949986719850784	0.9082182367832684	1.4897079828089723	5.191585911582211	4.7084692783722	1
0.44813499422459085	6.2799022714829205	1.733936128490853	1.3946592774515183	0.8119963143983263	1.674232650745248	0.7275486072772779	1.6143458487866833	0
0.34428449842578335	5.371274569678143	1.2607878258801684	0.8871090585105748	0.3413389463832076	0.5999183332795975	0.7439828702624408	1.4322710473599147	1
2.7773212561147584	6.828945377757029	3.087034431960777	1.7701101378229989	0.36487225399990636	0.49227257542074	3.7427969273304265	2.7885604917494797	0
1.2966157939752108	7.441242028876226	3.100227414883439	2.837925752608982	1.42980872795085	1.7861604908275734	1.6390549654062225	2.8738696777966584	1
0.296579869387392	4.60760521888764	0.7896838806079748	1.3812566933525519	0.5216646685068506	1.0759575981033036	0.14465430306419624	1.393269974856316	0
1.4825813364313873	8.119029215060738	2.6162711129825267	2.5020832831586173	1.5375121728625116	2.2081535270954555	3.120336436778522	4.166437290850241	1
0.5080999123875459	5.921996294788323	1.8660317136026425	1.898968275743499	1.2767305796597495	1.556796341108503	0.5233074012680465	1.9635676200051049	0
3.921311731330403	7.292844739649433	3.832763324442514	2.3809525520680586	0.4952997182441699	0.4323277222647343	4.091358441531566	4.209795992910083	1
1.4214442999026906	6.817833744315637	2.361269009329822	2.5875610071000956	0.8222437538943552	0.7887300504536751	1.724639842122784	2.3365999715813235	0
2.9006355709617844	6.399343240175208	3.7263775305340205	2.014929686853382	0.5731410506596795	1.006533548799982	2.4629507057685434	2.6754168104875076	1
0.5493229984499904	5.598525657325221	1.2459397431472425	1.1335610695855622	0.271636528470813	0.6440619728694539	0.6619815380417455	1.9158043400900089	0
0.8058953402516986	5.3130636043749755	0.9913610979211336	0.9059575277343637	0.20855769298579135	0.3680677982109634	1.0602871743464417	1.4702218210551765	1
0.7819818942604361	5.896276009904896	2.460016100942874	1.5632054744923976	0.7695525117623508	1.4182047651094034	0.33309511197827607	1.403692138296311	0
2.632931461885269	6.319634018109029	0.20510177281344452	1.8274965574974786	0.6052881717046324	0.6474068608831439	4.479474301152326	2.8714097771576346	1
0.030444817381171472	3.9793844134687175	0.4908535021064529	0.5560895781588645	0.4729555181316193	1.234395311137183	0.056343470752906494	0.4632810834849088	0
1.2640984781591136	5.885785925304204	2.1104555952090056	1.2311014717141886	0.26145615995768207	0.6169948123597017	1.739061680227606	1.8861904747931548	1
0.2540218709591458	4.934062337645523	1.5638755333570098	0.886614722764154	0.23679395912519136	0.6759857621985793	0.11235499714078286	0.4328921900093616	0
1.361694244251658	7.227901540598863	3.109168095978751	2.4158334179293837	1.0478451716144563	2.428362752976133	0.9557037342309902	3.210335459546299	1
0.4846459059826057	6.394185894545083	2.3868435174180247	2.4121656915627785	1.6200612840712314	2.2718681203319853	0.7338571688077321	2.423855374467902	0
3.142180508424139	7.344846565399612	3.3930307923290948	2.470165193132965	0.7314058926770358	1.1679517667467225	3.560142265193211	3.93538400010147	1
0.017040974303271658	3.8030225398497244	0.4987429210230092	0.7681618843653911	0.41863796381841184	0.7326563136546578	0.24461537296534186	0.34077013028744013	0
0.6217693243995833	5.003152030860958	1.723159377735798	1.2926977123823062	0.39682791471250073	0.8588734610042044	0.5105815939931476	1.378110968311871	1
0.8835609072512363	6.022059947817972	2.13740379901768	1.8421515242880846	0.6072460960583381	1.8586857623677415	1.3573288828268755	1.3436999634874702	0
1.8739076511419739	7.805238533833784	3.5123838932000453	2.2027426580201244	0.7279350060456093	1.3543650013257176	3.566369953800486	3.58764375303306	1
0.8893716425228915	5.26350747141884	1.4252987047131207	1.643259460909611	0.783399134536972	1.5365230743665816	0.0	1.163744383605892	0
3.106007193720053	7.797381819982121	3.322756446022139	2.305052047557833	0.5198468102268795	0.7502361475440723	5.07916521399321	3.2750065997569564	1
2.203107240494375	6.893914637674711	3.5197652944071014	1.8284931178397035	0.3699070127074503	0.4180983055011582	2.5216884938805286	2.346822049887096	0
1.7641655686356161	6.490968572763461	2.4971316194105695	1.834307972474011	0.22563644147989914	0.6416433376928297	2.8446942443995122	2.6201729948451216	1
0.09922070554022512	4.29888548595239	0.2775408233748885	0.9078149133931115	0.40437785059119846	1.5713413671672556	0.05852076319827671	0.6230519159466283	0
1.5786900034853197	6.9488587378875755	3.684148279738035	2.878389141125993	1.0577555713228022	1.3146909422601978	3.8347034200227026	3.745788948087016	1
1.826659966236111	6.2021945683832245	1.9281534274660543	1.3282414296712735	0.15732848240279004	0.4637151481296104	2.672968643148055	1.7168922345485031	0
2.6913176562763432	6.346875066999442	2.3438421928422475	1.8729707246528782	0.7617399720255572	1.2069882532863934	1.6415952772331566	2.3764023085964636	1
0.01571290321466238	4.05297728017073	0.18852726151545865	0.3790253033995255	0.3833558225200634	1.2337840018975652	0.13047547807034415	0.2520419413568586	0
1.5693864543077487	5.897697675790236	3.503832185941537	1.9979602998119528	0.6998745013093718	1.406880994728279	0.7672801524011724	1.1275236321625297	1
1.0356014888587055	6.158766158826107	3.0771233026028204	2.419247500981726	0.8848826207144748	2.11461561668749	0.8607780219438964	1.966062855122791	0
0.9187277599075723	7.142379712030989	3.230824158384042	2.249827569250974	0.7742201265864244	0.7426513754630342	1.710115480187545	3.2806517836418037	1
2.688921746500541	7.038362487845657	3.605291302107204	2.419923585411279	0.5701486930479333	0.9062807992448365	3.9200467290897256	2.249690517239521	0
0.6162877342628865	5.668416402818335	1.133013715385442	2.3423729529814605	1.5387579042463597	2.533260210723602	0.1254425156905146	2.0794540416017115	1
0.4461206887824036	4.946361271309245	1.168262721691857	0.8753437295407489	0.5085329977061067	0.6616823129293672	0.24773469534218667	1.0828216027617856	0
0.7670944255120283	7.213537574579761	2.457621095093578	2.3935586103286948	1.2397645684239935	2.5869291003003636	1.3100070929477714	3.0257278735893713	1
0.18607284523840892	5.900943107960589	0.9617228832719896	1.7093737410466998	0.9567030424854166	1.843260242090458	0.3522049684672806	1.838022633697693	0
0.8036146335859163	6.067052423662791	1.654545112332865	1.780749076708003	0.4368087243880946	1.024535085271794	1.4780755942372732	1.5514909524792508	1
1.2977636487063258	6.066804831082071	2.939505778284186	2.029279186486772	0.43144469706711225	0.6674549435114826	1.2834861411382086	1.797874070227909	0
0.7002220942319071	5.922144211296155	2.70201871487045	1.7693434299437227	0.9168905519461227	1.7024545550006205	0.7941230978999475	2.0569147070982248	1
0.08164542263948277	4.685711846087238	1.1370634750423625	1.1582324846491345	0.44680536830555945	1.2505891789545156	0.10675354494184029	0.5750053305373859	0
0.8651237452989107	5.607855471322018	1.3742217798856213	1.2526772505359745	0.3061750189609524	0.6912503827758858	0.36957537441124244	1.0505068899932624	1
0.04797935936556049	3.5610830137402707	0.2839827383451765	0.6606601452255292	0.43654379034542845	1.6486586255873816	0.03942549987535682	0.26359427692269105	0
1.133013715385442	4.871999850316566	0.9171703449011627	1.3367626720888415	0.3906762906347251	0.6538812663851132	3.185364541855383	1.5433408440591745	1
1.6786094346287306	5.932318394317394	3.014877822276221	1.631864544995657	1.4804447777497287	1.7232843208422248	1.8439407026143997	1.7261003204217806	0
1.8223694986718932	6.403588270683476	2.9078241309538853	1.2342789000896432	0.2921097557789327	0.6633784562863128	3.0332688770827168	2.516211499616413	1
