0.19062862403730918	4.26007084266636	0.644377016190516	0.6995267875239843	0.3534276772706264	1.2146159644244159	0.13903124069508876	0.75541750628607	0
0.3420068921196877	4.360014894082747	1.1458138901524038	0.4395701946247801	0.06686768153631813	0.18654595478039077	1.05455590247119	1.602292444273229	1
1.5386935079083426	5.48549917648687	2.3821907821119592	1.446024465327657	0.27276384701957157	0.6234058147352697	1.6246417461763731	1.3744494867519672	0
0.16239092130507582	4.256300416556139	1.3994326742601182	1.1983972899927504	0.23266606789562375	0.7659793392096153	0.10510748364792717	0.875677048988858	1
1.0614294975403937	6.018682261626312	2.0102924079845814	2.03716014942323	0.5577569184504231	1.2170765737029132	1.5243156590172655	2.1804513567503885	0
0.7626266003297486	6.116510697924557	2.807473124093283	2.2925347571405443	1.0669496081592682	2.1072998698082324	1.1199170551619388	1.6528996198446362	1
0.6407848939511217	5.677821040785782	0.5998634461275684	0.8782565145562214	0.43127579460788057	0.8581954086834431	3.8854777778058076	2.0265680520727676	0
1.1957692469752477	6.896779060085733	2.884850990912355	1.712860551621638	0.6762400572432308	1.2427414922542839	1.8145315395702524	2.259249525427545	1
0.21846060340982776	4.879380165957768	0.5495481359146812	0.8564982637217983	0.27322811548163045	0.7722817837236726	2.094145408045032	0.9126440909539575	0
1.1515841734342154	5.046453430172352	2.6884187591529827	1.7836096830876016	0.5798496947662322	0.5447805740159427	0.9259241808423931	1.692049625079043	1
1.2336966414921573	5.353206513103058	1.964661804105518	1.692086452743989	0.3235389612093137	0.462154152552271	0.7783611097744261	1.3519875549258953	0
3.1055010584994815	6.955463715437907	3.677290055723175	3.1577618333299338	1.0597675048445425	2.1139758098149026	1.4432652573795168	2.6790538406606186	1
0.04797935936556049	3.5610830137402707	0.2839827383451765	0.6606601452255292	0.43654379034542845	1.6486586255873816	0.03942549987535682	0.26359427692269105	0
2.503908302795131	7.346137492135147	4.0320861064255284	2.31984527532809	0.23597290212613484	0.6013169387416559	4.897707701674079	3.2364524470405334	1
1.1779778440488502	6.315831126470766	2.253457872027353	2.48000297975965	0.8725060195031332	1.2270348199226366	0.575539754483297	1.7281272039831994	0
0.7540541154634667	5.184098845454574	1.3172121999324469	0.8984118529868637	0.18820421995211006	0.2806121392674163	0.9166106806850751	1.1573527836907098	1
3.538367562526043	7.583513341388173	4.025215967239418	2.685504615332668	0.7175958609622552	0.29626761101335647	3.007428604014814	3.368791262993087	0
0.596597733180669	6.605940339722213	1.989503157909533	2.3438805754012173	1.3314421095717404	2.097183223155993	0.37970275688472443	2.401289505866386	1
1.0362403077752735	7.164953839530148	1.7887716768851498	2.781616598059127	1.3138043101946992	1.426356066693737	0.5933157954929288	2.0142494736937064	0
0.2503306111581738	4.9258490759670135	1.5136756304469834	1.655977927868996	0.4934576702448408	0.5252017897104977	0.2660191158155213	1.6188534468437932	1
2.2799610893560995	6.084454992954216	3.304565328568169	2.08986205900772	0.48686689181933185	0.9904701300484066	2.0737503776845454	1.9225830323224111	0
1.1302401463484213	4.933521681321667	1.4898657772932555	0.6473231131730716	0.09832381605569762	0.21477261256444743	1.5954809658048956	1.1116930282066402	1
1.53643701954961	7.499246517912965	2.9610269506648943	1.9988278376855901	1.1293677855881015	1.8340204279425643	2.0309994419289557	2.060360653867044	0
0.12775976880127196	4.641216635724414	0.650542347727508	1.20143959846758	0.36528179847417735	1.1271997455200222	0.1647005480365522	0.6874962440510958	1
0.562292203138831	4.914466479103553	0.8222437538943552	0.660241684380383	0.19308014177981717	1.1260653154494105	0.15812278057965853	0.7614131212300341	0
1.2119409739751128	6.449215290403991	2.463368016505021	1.766783483157878	1.0104001911019609	2.1046584070695937	2.6453801554987386	1.5129270120532565	1
2.167738550224279	7.755047467924687	3.301741620798592	2.7088898484996538	1.2737973298927445	1.9927528398976888	3.293764349454454	3.795194763810829	0
0.4550866726002932	5.954546899861289	2.2344454288507407	2.5217447190059454	1.2999736546533633	2.503303060066149	0.1799520851452201	2.6113997902560193	1
1.0033487744415965	7.143711358182557	2.2247857005396336	2.612405298617832	1.0089792964280724	1.8984890472921192	1.239040675586429	2.469099031804703	0
1.4741907630260744	5.903919664193007	2.425492753081372	1.6517691674475385	0.324464719782645	0.3440647688340572	1.5719021789049958	1.5978510431821802	1
0.8203523547952336	6.448811859495555	2.2806972932360163	1.8121664890056957	1.170870932820819	2.872490616695952	0.39956775284208035	0.7945749731900585	0
4.029576681450286	7.311018163976051	4.521043734505301	3.208247544259021	0.8002511754741463	0.6540892541561821	2.0805284507800748	2.304782676537533	1
0.07745813978434228	5.269284975727685	1.1597073880279205	0.48052310503588586	0.27925919944069727	0.41464286337393064	0.20466996045771643	0.6075783988927795	0
0.8954347499947777	5.5056509970943335	1.6430660934140844	1.3183366679366635	0.28366652090540867	0.6201301515728077	1.3959971365812758	1.7704507082818035	1
0.27275623426516277	5.309352257567999	1.634286610403491	1.3536420288446411	0.6230358266618236	1.4683120403295316	0.10211425224176181	1.1741525679134566	0
0.8846349324701438	5.669749879911993	1.0556351958129693	2.567169967005217	1.783744098464923	3.1097080708674203	0.12561010187651286	2.398313367202905	1
0.49293249222185104	5.847121778751809	2.029279186486772	1.7218197210233732	0.4896285446736652	1.6642290821167915	0.41404816803863825	1.6672916400429498	0
0.0701135765956515	4.552033087574963	0.606581158930348	0.817795485125056	0.3415805952827488	0.8578138021151792	0.20431948507094935	0.7882300618066373	1
0.49591501103023644	5.525128982280959	1.0000434719355304	1.4864563880188717	0.4650036501573501	1.072336757255847	0.803793700647009	1.3945601055369232	0
0.7556523859113424	5.924169697451352	1.7239623111622295	1.262034143739206	0.37150838249663637	0.8175306078499772	2.48788554181352	1.8827725509286066	1
0.040406548234396364	4.595329929076565	0.1964052477240945	0.52352069921053	0.6890387525154021	1.5731473023330624	0.10692429232150745	0.75541750628607	0
0.5098551530115448	5.577517569429427	1.8575159982927179	1.766304899755587	0.38092648366101006	0.47973735248275184	0.5346554252174704	1.5024093396755769	1
1.9982314862542927	6.667150285158662	1.576542750729831	1.1975522365230131	0.1942007193240322	0.4647335165652237	4.904798368677022	2.1691222694471817	0
1.4848039627659577	6.734469060305716	2.5952770947659585	1.7527760612490069	0.4004592664296783	0.7084790445569269	2.19642425716545	2.093874385302101	1
0.37019020001702585	5.093459360970945	1.2978182756046241	1.2847875216156555	0.3452903850720942	0.8339954891473249	0.20575321211012762	1.1229471136829037	0
1.5448780577356371	6.18259386808291	1.5691157929554964	1.4040851621284396	0.28016640041011814	0.6111613362185696	1.7079248591487544	2.3943982562664976	1
0.8577289808758901	6.885684603608303	2.4953354140284465	2.1808128610641346	1.241702021135943	2.0064809879128656	1.2388958341151657	2.494526893164991	0
0.4142926967108435	4.392309830913299	1.1529426332131572	1.0551479172540255	0.26338681840404604	0.5561641235039723	0.8547556957563583	0.8626789624255059	1
1.1349442179154998	5.8351109843815285	1.6239914934416115	1.4731828138879812	0.29451864971076935	0.7327524351523047	4.0694232568168545	2.014743007740899	0
0.24885808059419878	4.056183953626036	0.5192163231845097	1.2280603558549963	0.38880035253908235	0.9674020096976959	0.10938341294471861	1.215950781085343	1
0.5485432848252783	5.886007915720076	1.6114359150967734	1.3805026213280807	0.4340849583453505	1.1618374477231512	0.8574320498677486	2.026014393296975	0
2.004367718626882	6.956258830653559	2.137144251808125	2.691134602325765	1.569344818867656	2.193785336588707	2.434139532734347	3.1209630612788613	1
0.20229573800137157	4.934749434744982	1.2761167060984213	0.8191629011428052	0.4238876986241624	1.2855896569982583	0.10498144381917446	0.7275486072772779	0
1.3705206070038498	5.376116482327411	1.7317617342103582	0.8012389629107854	0.17891576365912185	0.31654645888518634	2.0695174604821425	1.9954483327081294	1
1.8037209776272984	6.038623858349885	2.2485089827953746	0.8111524137508502	0.1597521053676028	0.48175926025658905	2.705674046949274	1.699863454523518	0
2.519686426821985	7.179326414455876	3.047209301061578	2.1216505738185116	0.5574019105449057	0.9322428180880821	3.1458792349004425	2.7464500646300865	1
1.3936919315003269	6.146521958586964	2.130847329739736	1.0889995674850497	0.2516610348725674	0.6319045553187267	2.9548269422279874	2.1905132175705266	0
1.258773440792051	6.801439084586603	1.9695569187753879	2.5079230615904575	0.9164507190755202	1.29765438595662	1.1788703577650945	2.130003944030864	1
2.1706410113531973	5.813160808063582	2.916164036634735	1.960052529633438	1.115174376967088	1.129594026276838	2.3749708687327686	1.4157317967735077	0
1.2325602611778486	5.864018316558455	2.2224482142198836	1.7072177673514735	0.6327547192921646	1.475792227564182	0.7079865307565851	0.8833955701698858	1
1.3814828041226686	6.187920532234498	2.521608166788567	1.7617125478757583	0.5208749596189921	0.5394947099392007	1.752983990276648	2.0561729147404817	0
2.4302568514452436	6.30225224183958	2.9008335091067607	1.8088951446747417	0.6905337685717928	2.534482219731268	3.428922789051641	2.4676163639175157	1
0.16664938739965907	4.713651427112824	0.6535015771535835	0.9173301914488176	0.5180435120244633	1.1734414292887587	0.04557643423831654	0.5952311083654201	0
2.482637410343957	6.719474159217312	3.2753053064348934	2.0976006622957457	0.4420541563387799	0.6813680785236494	2.6917378756099053	1.913150801958409	1
0.021424840208792997	4.312884198431251	0.6383266200453479	0.4672122369327128	0.29750863326951654	1.2920386251941702	0.06632785682122343	0.4972904349810422	0
1.087719847501686	5.736533587052533	1.5111633431657598	1.6666118817086182	0.3243490468189023	0.8158514205353968	0.8505354708086882	0.9149298062348136	1
0.11360543272318975	4.255074976613153	1.000962707931354	0.884923896124655	0.28352343730292184	0.8117743043181569	0.37025925792901826	1.1550871355960888	0
0.5584207884936337	4.2816412226387985	0.8897003196006243	1.402020061581373	0.3288144188079226	0.7376902433106169	0.16925320328982807	0.5391914817226583	1
0.09360964380314804	4.516585936318866	0.9787395711466437	0.7582324272158797	0.4431911150008107	0.6909798335593292	0.18518412240743132	0.5887861652352026	0
1.8325654636203088	6.8485711441659545	2.392690844132649	1.8238716431440414	0.8200441137482962	1.4144444045362368	2.667443461190797	2.4214253473754943	1
0.9851822648932042	5.919701592480918	2.7783036111098847	2.193930268164534	0.6467785820323323	1.368308582354414	0.752971482205611	1.579287935483217	0
0.13708880751419625	4.920566156007387	0.5952255939991173	1.0140705867915283	0.16816346906866403	0.6161419384469683	0.28842179878678065	1.7828196276585808	1
2.49706576061181	6.496048934816239	1.9410268164000573	1.055321972569244	0.18066184690382858	0.13082648766528512	2.6782917789379344	2.099648498988324	0
1.1564408482805821	6.244649502639269	2.8133527150779716	2.4389325168780496	0.6761993743813892	1.2578073669543415	0.6631826960404722	2.62224536867214	1
0.5484103840932619	6.22063867786954	0.9193261204176765	2.533276090545113	1.4501842344309386	1.9391444561411133	0.4443844938156085	2.1643684560192358	0
2.1890691901629356	6.684319935100617	3.687313228222256	1.8150852945315517	0.2468757028094567	0.6846310207916055	4.421285808625998	2.8387918727378	1
0.23675450065325512	5.15446951319584	1.8584675102545065	1.9933388426264242	0.4953789355769637	0.8074575267373562	0.40752964215704335	1.3362897097593565	0
1.8555789819410091	6.122513642630708	3.074048876981745	2.1815467646169897	0.2527955530960372	0.20547640226044267	3.8099814204660536	1.93956146732737	1
2.040505787921769	5.792575402629927	3.002668164555103	1.5110309425212165	0.39956775284208035	1.0504369354636782	1.1677029331529036	1.3234876728270781	0
0.6241239514693494	7.056167697864739	3.8748443658226894	2.725215366423223	1.315308433386604	2.2927872505139346	0.45931546375952853	3.5785622298030666	1
0.1080379281879004	4.816584416985318	0.8046885552928527	0.7176446521603327	0.3014148448058104	0.7176446521603327	0.34679025093135374	1.1796391273104831	0
0.2687973737302308	4.976121831103094	1.5419296526513395	1.1013751351570378	0.32561349328633693	0.8123958083779389	0.6460084021022435	1.4088627679623635	1
0.4427159335881579	4.921149585744721	1.3523238415487373	0.9628689276347335	0.2481795195854187	0.7196430443639105	0.261510053579385	0.7424134218628634	0
1.2857555357412778	5.296230690954036	1.6723375914031458	0.9363286256106624	0.15598613720146187	0.331675034137409	1.873830886907928	1.5738314599647825	1
0.9631743177730056	5.577151788720904	0.6452271377251246	1.7082329222497619	0.9607285813047233	1.5413089533816016	0.5158071951099547	2.1395483824119546	0
0.2715679343081492	4.8607360087155795	1.6038221736484646	1.7377607641290111	0.7177910114727053	1.4589637990792657	0.222167074716078	1.0925271450121616	1
0.9635940769900216	5.986097671158731	2.121255044493246	1.8226765718627764	0.6683215591242895	0.899551407869857	0.41045264961920336	1.3615148697556676	0
0.29539723390660744	5.3069846964895895	1.989940704918633	1.2985554468118838	0.19430776763174185	0.828289774502239	0.8020015854720274	1.330490911254454	1
0.24896723132366794	5.553548558729309	1.2878818741330422	2.22631941004037	1.3420812064435652	2.777420779026881	0.2799699100299573	1.9636377959361928	0
0.0986591113225667	4.912507080695778	0.49926505717883546	0.7350086346548628	0.24797664184197185	1.0764007623028897	0.6999241648389692	0.8261034078085707	1
0.09206400759294156	4.788362197160021	0.3171729112188122	0.8251398900184422	0.30144443520077036	0.6660277506290272	0.1288416630131172	0.659585226386918	0
0.5488090333132313	5.01394647275528	1.4795797651758738	1.6575421271082469	0.3599097064486617	0.7848143690857692	0.5180613824105537	1.6309058190493413	1
0.27019506204419413	5.209037964988554	1.8438457824263865	1.800041742980526	0.5528731070680302	1.0049241260157709	0.2731900687983454	0.8972709980369002	0
2.012767408411843	7.079802821709831	3.5055844236482017	2.5897995561336313	0.7109870986882764	1.0493520140140578	1.9133869573497533	2.884560460524744	1
0.3848745704921554	5.383194217056041	1.1846370680191936	1.2353261119839316	0.5011085657026096	1.2332014549860657	0.1538620667539404	1.4825813364313873	0
1.9018836207349035	6.265535785983711	3.1702736430289833	1.6879533005024658	0.38838676657341326	0.417420029087404	2.0941946770166755	2.1973690113495694	1
2.31603424631805	5.851415676072732	3.46912702145189	1.5278807251817614	0.9113987857937272	2.0366253726145804	3.2710659170124083	1.7461691799937584	0
0.1595986696866868	4.557387564077448	0.8518588717147663	1.1899752946820823	0.4895611284612664	0.9479831786066447	0.5807284810902122	1.3182831505033468	1
0.7831249866781772	5.5333871171832065	0.8148336988165445	0.9735780262975334	0.2955981574112406	0.8462973600536201	2.0931965069121716	1.631199404215613	0
1.5151931648552381	6.4689524429784075	2.065596134857783	1.0800069443425404	0.1750619360646944	0.25699603511941616	2.110019242143974	2.919979102648823	1
0.6977864027083703	5.740157797369024	1.692693913484811	1.7018894647990122	0.6386065138987522	0.9208801842079622	0.34839374930234573	1.6511746884141814	0
0.9731246486261736	6.523121680453905	1.4601255092470913	2.4566100506328867	0.7473985953918612	2.1114488003148155	0.43744169712035363	2.3956837382484775	1
0.5956831829543991	5.398190755422881	2.1989453182342857	2.1980020528016055	0.9950649430383804	1.4857323733259475	0.32330738759319766	1.2773161985501456	0
1.6277492322053533	6.200618498695336	2.77499831683358	1.631923212653172	0.5921106363821734	0.9127243799945468	3.0068452945575603	2.9940959354827945	1
0.9643568244431941	5.271129606163828	0.38736223541031073	1.0861010147310382	0.4181772980824792	0.7310208329880268	3.4385606015116306	1.2627981613770722	0
2.6758506484799267	7.26637703664866	3.750172088054699	2.8446942443995122	1.187233480321638	1.5868036799251657	2.182843891381497	2.4060347841890692	1
2.096777894926703	7.031007243857048	3.1030069560250344	1.8690291047193557	0.5976709869760956	1.107935360128961	2.598607289720828	2.3268190638390034	0
1.5586497536019952	5.247703315106967	2.199666038986204	1.5421435975827305	0.3803045527163025	1.431435016784162	0.3723012153297308	1.0115281817609962	1
0.9964688149994062	6.957669477854468	1.958431429608985	2.3464297147704634	1.2645503662115403	2.105133654603291	0.7377858821783256	3.192433282042647	0
0.8651237452989107	5.607855471322018	1.3742217798856213	1.2526772505359745	0.3061750189609524	0.6912503827758858	0.36957537441124244	1.0505068899932624	1
0.06927323218221858	4.453475986540865	0.41670174003415206	0.7882755256515227	0.4472082782158786	1.1096181678446433	0.059999485282831846	0.6472184186715311	0
0.9801665334616281	6.30040296910131	2.3540003799402016	1.8875392357289837	0.209669178312192	0.3608372694307821	0.7877298230458931	2.448061113667178	1
0.3707425298271886	5.0902477553809335	1.0623977192004577	0.5532009712086701	0.10229482121508582	0.2924531726306369	0.387755888105128	1.4612858714102421	0
1.0955743454546585	6.248139388226072	2.6214242043895157	2.44412805710365	0.8897824719933589	1.517783043832386	0.6303830841991627	1.9951491920554039	1
3.3400947289404845	7.881086655539503	4.172112376594597	2.818141508895865	1.1301755531242281	1.10489252662526	3.6221518720632266	3.9827815172543954	0
0.9334624503824743	6.15525971187097	1.0917555012048965	1.5944054896001383	0.3262992381223016	0.3202339637455039	0.467205969442498	1.5579972387657044	1
0.11514845708892203	4.732407940153177	0.8121738869815861	0.7338571688077321	0.32857686432224464	1.1113310610758844	0.2822196807172175	1.0916883735952856	0
0.436996074387512	4.692091642268308	1.3548810904141473	0.6870335302263062	0.1402400889144459	0.4215221674228308	0.4828519844895193	1.4108650150540953	1
0.770247100940794	6.159714013171875	1.8826203717220797	1.9515087334080983	0.8840154433223665	1.7168024187606237	0.37410515142806383	1.7675863050343352	0
1.4582661246323618	6.533995647942028	2.5651724095066566	2.710307651143425	1.4367260344185777	2.023730609144944	0.8452672286207785	3.2909657621586064	1
0.8248331213853203	6.076866713345568	0.9359757051905532	2.614896361391259	1.2494718443971542	1.4978133742432085	0.8506209043841353	2.4466767789216637	0
1.547839066215143	5.3915431026810445	0.407675995627545	1.3737662105426203	0.2678491946980608	0.6175342303407939	3.83878972754091	1.463093352089563	1
0.13420741407052525	4.646210396697462	0.6780386188791456	0.7071980037826048	0.42985848894130885	1.1015080917801352	0.3436393485478562	0.7727436348310881	0
1.1511414856799502	5.433707592970058	2.1140844851233753	1.0073372898924975	0.18805508864171525	0.6525334976746482	1.4623753855252264	1.7196725303331541	1
2.1548040836744646	6.020356865162352	2.6605252362304994	1.2856725998092378	0.3169325747465959	0.533864186242546	2.001020435166825	1.6828556464282625	0
1.002835333274341	7.382597184868122	2.669385599956645	2.5807697070304543	1.404944363614936	2.5878692928458253	1.0533359437984742	3.2109484863854205	1
0.27679047374498567	4.942556290618988	0.7720969835383465	0.9086617047096639	0.15987142795636272	0.9624106674877083	0.15621711470784636	0.9241001587656369	0
2.5584668528960286	7.66592726867248	4.093577601516249	2.740549659192797	0.7116744851738289	0.803659403357374	2.695518675162721	3.256310328313713	1
2.3887994858094768	7.188296113382544	4.049075192774565	2.7332825054311667	0.9332265085803574	1.041371518495795	3.112612679740713	3.051866830097561	0
2.5777061046009297	6.4232446908036644	1.892660054163788	1.4433833281040176	0.3882646921214098	0.7605254158898935	5.4510088393933	2.0715353701087387	1
0.7041365753595469	6.540389534395846	1.1714289512499065	2.1494688779235736	1.0556351958129693	2.1649424034154956	0.5339814463431722	1.879205473975578	0
2.6840306952579898	6.988442794107274	3.556113482765509	2.0636296906324985	0.4297543873380502	0.896169653877933	4.089718880232008	3.14588353779866	1
0.24149414452680298	4.920967300514497	0.8466405015170541	0.8486112831840174	0.27134687666075075	0.8598050328872928	0.43686041065248127	0.9580083252260235	0
0.20749372917389472	5.675040005790547	1.2080644222291896	0.7290450715569298	0.2842537023011018	0.6197428069765324	0.6653699403938311	1.6492738209312996	1
1.1889708354075885	5.901682334897514	2.019611916269999	1.8996567645378513	0.8359913245894258	1.44933958033694	3.8300469300030557	3.0783393826454506	0
0.8664279927017509	6.757580551238203	1.7164969847275082	2.5890188866699524	1.3469556410040615	2.3300348767021455	0.7333289701927771	2.714376812491367	1
0.9727844804286194	4.832075453169123	1.5263171390397183	1.2929722038885179	0.5255565883659848	1.0507516923166098	1.1723273264903904	1.3239401193729152	0
1.0930971079799996	8.034658446675667	3.6016998811619767	2.0139425594471403	0.5713071765250066	1.06398633674688	4.490267622784789	3.8704152856399565	1
0.5790485989588336	4.9565254052490655	1.309305319591755	0.6855886869820659	0.20072614847005932	0.6883155268977641	0.29652783309578373	0.8914241041440274	0
1.163525739510754	7.011667896941805	3.3457058131574637	2.3142072928218336	1.1773618528996446	1.8206222364131315	1.7032014422462636	3.280753308584125	1
0.40122948383649143	4.995105325977948	2.0005065535916935	1.3552164055490292	0.3253462864269193	0.7796917819601311	0.4962194713766286	0.9678579887305611	0
0.3301666840579362	6.171815204621963	0.5621554174874324	2.2624191332359205	0.974031198510727	1.5628074145057875	0.577955160322163	2.5988601398638456	1
2.015622761466614	6.467043076430465	2.836443415870609	1.7504686148101742	0.27916086990809935	0.40045256628462006	2.1315713610827522	2.022447820159716	0
1.2329683411671886	5.769730626796989	2.7414656346416137	1.86313394688271	0.3289583637636202	0.27794229443080937	0.8276343662686974	2.1249644694787353	1
0.36216783037832756	5.114487673087467	1.0913526679388494	1.2955761221989344	0.45923965497451746	1.121742706056964	0.09576462198437934	1.1038319757022699	0
1.1722034606369511	6.367154749625955	3.119537141528869	2.8204439256600726	1.4064645679092738	2.2520073320250744	1.9870658021910554	2.9554413879704122	1
0.7291415407833212	4.922217109835333	0.4423690370240944	1.3278174313609148	0.3673477859950363	0.9540488374767571	1.3804020354150528	1.5598063944257687	0
2.4924200202645146	8.447734318510346	4.349423377779719	2.2274088581431633	0.6224403410686579	1.1304339009910658	4.0238219498493875	4.914989658032771	1
0.8341257738195175	6.667919560371543	2.0949949577732374	2.687024025576091	1.5231826131820123	1.9572597833120944	1.367977629333993	2.333395538787357	0
0.3197329126169149	5.103766131160426	1.7543171737521848	1.2239224796335564	0.35619783013804224	0.6298452278896831	0.22980133897827631	1.6878978296939646	1
0.05114548346405416	4.531693706708459	1.0040085259591316	1.0230622515973775	0.307367045768179	1.0058388885157548	0.12216453396940248	0.765235256954199	0
2.399657355781526	7.073995809723114	0.46791394738065284	3.0137342610631053	0.7956135121044353	1.5314763709643886	5.204203920372283	2.390421962504285	1
2.0549439100794356	7.203508194383439	3.2957553812030516	2.8280589062658263	1.2924506055897307	1.8767284842378185	2.592983472940055	3.410890253633055	0
3.739598708772203	7.115917407095816	3.3385202381969146	2.208768796789761	0.3869820098504987	0.8557336077796978	4.195508785748517	2.400011214432299	1
0.5440321339562895	5.630711298177379	1.9724547042774256	2.1911058963280423	1.0750706800850756	1.63329114845626	0.4046848037498877	1.861984914117552	0
0.352465094946459	5.011457622558174	1.5268603280067834	1.180683706347983	0.27571323077564885	0.7099551322093127	0.5961515812337467	1.402487541014641	1
0.2255965402752764	4.536444778729394	1.0531266585069783	0.5424173097547809	0.3050405387479273	0.94960944706698	0.765421329429965	0.7414133979694334	0
0.7914075497274649	6.0196471601169215	1.7500169122312639	1.274943718196515	0.27071392422162643	0.810619056700116	1.6040634960966456	1.867284294314301	1
2.2406139400112925	8.01575252418802	3.765157391617525	2.8039480869613733	1.1566610467746852	1.6206547676392655	4.534909725735564	4.1376754069441155	0
1.7097537249471926	5.6338412965257465	3.1197491715849233	1.933230095897939	0.3571008532264938	0.7860453629266759	2.2268265285928943	1.918582997684704	1
1.0423240843213204	5.4607363410504774	1.9314779323971372	1.828894675890315	0.9216762041504929	1.8478404509946171	0.44052976089720586	1.3057890464602404	0
2.8249142961434517	6.506621078938001	2.621147909071691	2.0042599164437833	0.2541382154164331	0.72880385776798	4.539807858948933	2.134556897675475	1
0.545974597087679	5.318819259105188	0.7880936578688991	2.0973674089631555	1.7426567562203232	2.9249717692957566	0.15607169064675128	1.9405242424931668	0
0.7811580578826587	5.501422686813682	1.5941415168081086	2.641981621132505	1.7198695481997297	2.0797539928618813	0.11189909249740881	2.051903321686363	1
1.116255723840705	6.585998950286927	2.4350771957438915	2.604909442182697	1.5977296373019398	2.442920783787576	0.7533481832507024	2.630067037777126	0
2.2623879032426326	6.70666904163886	3.415497972372302	2.4282481109897027	1.1699712476499213	1.9415291378532868	2.0634264824831523	2.783021609911004	1
0.17625318139234802	4.939736321437845	1.203122442871097	1.0568871086207956	0.3475040192696375	0.9772353025015099	0.5701147659911021	1.1522162447529012	0
0.9187277599075723	7.142379712030989	3.230824158384042	2.249827569250974	0.7742201265864244	0.7426513754630342	1.710115480187545	3.2806517836418037	1
0.14630570258958475	4.440702299683699	0.2469303879597178	0.8449665736201245	0.3612624054284318	1.2151501049160613	0.08620430139171925	0.790908898342441	0
0.13523868437219758	4.907065026838898	1.027510051174961	0.6933971493151525	0.32199653886643664	1.1603030086665422	0.24260886682520444	0.770247100940794	1
2.761679431731745	7.449650233469796	2.4787292757068466	2.0690123461892966	0.37043188184752657	0.0	4.278931606416022	3.4818645097293097	0
2.1515179873946835	6.946058840911554	2.921267314611144	2.678216227671213	0.8843458852915029	1.4422965512351753	2.217430173538455	2.7567070230486297	1
0.8893716425228915	5.26350747141884	1.4252987047131207	1.643259460909611	0.783399134536972	1.5365230743665816	0.0	1.163744383605892	0
1.6505414673125176	7.386876342814274	2.915172765695574	1.5168400509665338	0.19471938512965056	0.30621919345019216	2.7648022360851585	3.4046381221863213	1
0.2356727322909492	5.398921689431641	1.2053418667321738	0.8795437565070389	0.28683171099694205	0.19037239498366548	0.7790037243196284	1.0003377193997691	0
3.467075629964382	7.435818891226628	3.5246266694164166	2.6807954757689885	0.7726051018946608	1.5032548363439584	3.6734789731378634	3.134811374150106	1
0.1110582526815145	5.0578858609953965	0.7990825309686141	0.6533871219860677	0.2813898176724287	0.9597715884856911	0.08801820330320433	0.7577638236459174	0
0.5154310027099787	5.4331082781454185	1.3029127521808397	0.502864014095297	0.2951143842690768	0.4685588360344926	2.3095408455600515	1.008869913167248	1
0.13614671967334138	4.295827200696566	0.42722659988967704	0.5337820959901308	0.10798407112453356	0.2942206492913633	0.1802861534318841	0.5438347773729362	0
2.27693902601046	6.925037969196275	3.6670172072568015	1.9138886024611186	0.3563518917629969	0.1297116065216573	3.5002792276616015	2.440257898119118	1
0.39408729221618966	5.557248436650069	1.1387300352639989	0.9600396388041696	0.5012721341609175	0.9812166779529907	0.7942134892947482	1.3598477111049072	0
1.9294758425918885	5.90610081201066	0.7714036785257127	1.0005583481927216	0.16268841513427307	0.2783057518232177	4.399688491763646	1.5697819045538146	1
1.7804119961594147	6.7565430111241485	2.8390433751737274	2.0220904622222355	1.007702413308267	1.9410268164000573	1.854123753424605	1.8632891203669764	0
2.6833680884567137	6.304679854338034	3.5892497084031856	2.1146880218669057	0.34811844125561153	1.2823772477001176	2.54970295019764	1.8699389036240455	1
2.677941447665225	7.0701456902217945	3.067992468189249	2.297532349357394	0.5788916658792606	1.0647452191565325	3.7869925203413626	2.7239432351041226	0
0.36855904741218437	3.8318059492234546	1.6950282802682832	1.1406815050836805	0.4334174426776921	0.9493385859203555	0.39826592271479194	0.6334077918090777	1
1.1725440548222756	7.498599210123979	2.7817342738994837	2.4732388449203184	0.7436026240484385	0.6389127230842527	1.9841001113872196	2.477143259170166	0
0.9726710653102627	5.3116643973263775	2.1836664127373684	1.633759724579166	0.5056060253318263	0.7809290939434786	1.0870119306017887	1.9530418011207427	1
0.3174714306375328	4.620981525347798	0.9309428632064695	0.7695525117623508	0.3618057587677489	0.8516028662519182	0.22597952613341776	0.7560280785991463	0
0.2821291836620806	5.291721159327856	1.4652903673463884	1.500716198718152	0.3744903038087339	0.6390235688108674	0.6186876081405552	1.1893970928735482	1
0.21321442023632478	4.754927227908646	0.6975873085859664	0.6905889109770683	0.398299496323253	0.9512717007694006	0.2592054344592318	0.9248539625346429	0
0.964737980111782	6.359754302220256	1.6495044216471837	0.8678565043517584	0.16154045094373218	0.3523104333036441	1.2538480938195846	0.896210466039963	1
1.571092016516613	6.734368567313174	2.8783666507687324	2.5403965427912882	0.837377386231177	1.339097926288916	0.432730019256177	2.307890991784227	0
0.723918839226699	5.894396222672746	2.187365020140776	1.4221681333560958	0.8032116154222543	1.377657167724227	0.6566699007496738	1.176652993670973	1
1.0271520901173015	6.391899525298234	2.262294207410467	1.589969629238702	0.5020048347401944	0.5721878558340275	0.44318469513517855	2.617833693163632	0
1.074319596099065	6.098033157725136	2.9972061868099913	1.487134676045962	0.29143751195319806	0.3790253033995255	1.4610771055635763	1.9171578786223886	1
0.03270723876786032	4.094906071213083	0.734049171880371	0.7415563197676327	0.3174059096180022	1.1131067348185624	0.03459850874466914	0.4329181348894651	0
0.6829301641493449	6.2442144723477195	2.1167734529385926	1.4794203391093743	0.417821782317536	0.7395058195379622	1.2923407607454627	1.8043465847335265	1
0.5823441032184342	6.550712838953559	2.695464667817709	2.113722188156669	1.0106550099089677	0.8338651874988247	1.1917382666575935	2.4525556195703406	0
2.429490834388121	5.846280959137239	2.8188876907182787	1.7869981521263445	0.2194407042297871	0.4037903731888436	2.8988468537102805	1.5745565705759168	1
2.8529236948920556	6.952791166570904	2.472808764589864	1.88937003142582	0.2740267616287796	0.7870927934024732	4.999645122796353	2.0684690636121457	0
1.3636396705550844	5.028743021808991	1.3594882666993837	1.3426297886336267	0.37358908986078837	0.7577638236459174	2.3028850480030436	1.78256735085914	1
2.8900272541171073	7.338314219994046	4.158933082109713	2.709189551795636	1.2991011494175133	2.3070550876654976	2.6748380668960965	3.20214870335199	0
0.625997252665871	5.629368506972673	1.224510455543484	1.2308678677885803	0.3894373470309672	0.4696348112407359	0.8225073858656525	1.7209435083516407	1
0.9007709202161183	6.4644069788403895	1.2743567078790259	2.4212832653406404	1.3858442598395053	2.4935359764860547	0.7346729273884436	2.448994457438752	0
2.9050249841775337	7.226521324961672	3.899170768114327	2.6966588992154406	0.5385147180273686	1.2248924545784394	4.416901379310303	2.749985176029928	1
2.73830132027138	6.806088156564935	2.6618387092975166	2.283769178736405	0.7835818580311535	0.8131056260733289	3.9213216388241343	2.4027833068711466	0
2.2317977552723343	5.4919278792888155	2.992652536027068	1.8662483212187941	0.4244700317024148	0.6777390831572714	0.6753802797657839	1.3877183467709078	1
3.5802524983333393	6.243220239128833	2.250775876067663	2.187802551349901	0.7323678937132266	1.0725762741172682	5.450226965600103	1.5421435975827305	0
2.8034452257919544	7.813224711219907	3.393598583786825	2.189371601052032	0.6144880985681025	1.4898432367484495	4.737904010639819	3.173815695461603	1
1.105157488704113	5.647360260343102	1.9379931780954611	1.864250658902598	0.4414112348816335	0.8084382248946798	1.0665710744566461	1.1930432942332094	0
0.8036146335859163	4.942268655056257	1.2502455166566147	0.7482980250247934	0.15554970074096555	0.6509335932233944	0.9482931479996493	0.863859948686182	1
0.7819818942604361	5.896276009904896	2.460016100942874	1.5632054744923976	0.7695525117623508	1.4182047651094034	0.33309511197827607	1.403692138296311	0
0.7084298040911023	4.826004673465117	0.30982754138525676	0.8997547632340556	0.39254871617493753	0.7538659155946511	1.9148321934844519	1.2322395100342451	1
0.0645041455467373	3.6419869881756584	0.9481769207364767	0.5463163120948991	0.2132952152593953	0.5645635276593562	0.08696637597709933	0.7708024251255495	0
0.10158138372574559	4.7454128823477495	0.8655867374994495	0.634166519199719	0.3173258225414654	0.727886714363842	0.21707718808422918	0.7871838224863283	1
0.5080999123875459	5.921996294788323	1.8660317136026425	1.898968275743499	1.2767305796597495	1.556796341108503	0.5233074012680465	1.9635676200051049	0
1.3688429675061347	6.7070485050913895	2.4781169854285845	1.8918762605628276	0.5829304481009461	0.8250522514398839	2.017020776513266	1.892539510511772	1
0.0804078717622451	4.7137034631109795	0.7865464448184951	0.8673105496524365	0.4366148771003804	1.3240997575267728	0.07245181576923695	0.5894186657972433	0
0.5976654860478139	4.736844730737135	1.832869422284271	0.9840241439082456	0.24542154373717903	0.6335563991463078	0.630244653786845	0.9659947640532706	1
0.4561772336498121	5.271547222382652	1.7651074382306284	1.2562995645037034	0.1888750357637968	0.6720767499406536	0.40000355427103135	1.0927618749899342	0
0.9444504976680113	6.460293736969691	1.9570478934657694	2.825501329831731	1.6643994705080747	2.274226769888991	0.5251603883330089	2.755550645051063	1
0.8817406941147486	5.667330086153886	1.275251062326566	0.9953606588576352	0.2236074436994973	0.6235130320702711	1.3223423346273735	0.9143288085606144	0
2.2319158171261497	6.94531759852983	2.7554044141522134	2.256907579497393	0.9165307030787622	2.328340555193756	1.4614250244324065	2.021428350857404	1
2.591771034068333	7.156746443908846	3.7026492143248566	2.11511028095929	0.6895507210455403	0.36437224357260545	2.9252293339163873	2.8626236486934395	0
2.67045909275479	7.873791908643008	2.8379140431442216	2.3211025811270396	0.9133664603569084	1.316569078628325	5.273768493626624	4.460814709470795	1
2.6927538054762183	7.134250566946154	3.6732631519182455	2.2568238370472495	0.4150523367440701	0.6162985331074103	5.30484054428638	2.869516910543908	0
1.6168305196535986	5.878506073264258	1.3856441497783043	1.227679565270568	0.18854382493679928	0.2914076239584561	3.0670664021583174	1.7361410454650428	1
1.8543742661942377	6.2626722848478265	1.8568603322218022	1.4875188351377437	0.18087884992602984	0.4227023561277224	3.236747176687164	2.642729151646981	0
1.2908566731867497	5.365850773534604	2.228066267220764	1.713635752446476	0.5944477637751244	0.7840841755520473	2.4222862878063327	1.9390437722094644	1
0.7346729273884436	6.5131974694300245	1.7145363937639306	1.66587495503726	0.5831090753510079	0.5776409260691663	0.2795238847503174	1.888523137660363	0
0.8759269656845939	5.6123292472390665	1.7038749839175347	1.1483543805629237	0.37485468644202685	1.0080309104368712	0.8033011890518376	1.3894394102639636	1
0.7556054143995555	5.725086262228974	2.2935544391083407	1.668480106401157	0.9199639772404511	1.3079002936918787	0.41815096791534695	1.309521302313977	0
3.0710252575894224	7.645226379158745	4.401986112413486	2.847122050345404	0.6873302952383804	1.060217900680798	2.4106140452061453	3.1636294642418297	1
0.06194328141434443	3.4908979173988572	0.12263347545321529	0.9918062843503004	0.5054069693391313	1.1562520681145243	0.026277697143250858	0.3567509410508787	0
0.8058953402516986	5.3130636043749755	0.9913610979211336	0.9059575277343637	0.20855769298579135	0.3680677982109634	1.0602871743464417	1.4702218210551765	1
2.6625506170308437	6.759183342322852	2.8317888004638667	2.3832706709052993	1.0356724888942357	1.2188811210590544	3.0246258060089666	2.276959545355073	0
1.5140937320517625	6.228346295747512	2.7288066217588667	1.748747578634764	0.5000234902319038	0.1486613553013194	1.15417313077333	2.2932516718129694	1
0.3261621267696277	5.342443815340515	1.212298053071926	0.736829081646068	0.1763202515981109	0.8889606442021989	0.2341705300967091	0.8792117236327343	0
0.4386484018983972	4.762841233471986	1.2990465925556105	0.8061633170286486	0.29353491112701613	0.891670116691908	1.5824777308513172	1.05347544299658	1
0.9378956556265393	5.560427752637294	1.9966440012699835	1.1774542757651272	0.21776913497675487	0.34160902072636534	1.7709273121479123	1.015049503897419	0
2.4438068389025744	6.875832423567606	2.9710245358492355	2.2393151002673237	0.5180077702942024	0.8144794657274703	2.3992307442955765	2.4688788887108033	1
1.445246997712427	5.582220683487522	2.057234275555703	1.4823315493168328	0.2704392660167749	0.22270345448580567	1.401084446592526	1.3666527208646018	0
1.7059473728139072	5.982912583084025	2.8546236748440763	1.640161085076941	0.5743861668388727	1.0764348437234066	2.899204853212905	1.7756978356807047	1
1.5457310453763862	6.344150520672523	2.81048644524279	2.439421019626869	0.9364462380777194	1.6093779106340282	0.7953878345064928	2.3238376490274972	0
1.4163384824682672	6.817246921951657	3.2802794373102846	2.6761260035175662	1.1576670514494245	1.2487549470978292	1.2362560472460886	2.20124979858584	1
0.21545003194519158	4.465881681523516	0.7027509167026402	1.128559365036062	0.35117786263433864	0.7535364805727294	0.29124322401786773	1.2953023446141327	0
0.34428449842578335	5.371274569678143	1.2607878258801684	0.8871090585105748	0.3413389463832076	0.5999183332795975	0.7439828702624408	1.4322710473599147	1
0.4227089088426761	6.685581257521931	2.03443110034981	2.2509970183209504	1.537039247812316	2.901514996314032	0.7032460152373596	2.929159685103425	0
1.308305792257915	6.175198023341072	3.9973397807243733	1.9765779062205968	0.5306164862870834	0.38091281900532503	0.5412539507739023	2.6403279506058293	1
0.33231360147235395	5.096553017709432	0.8732579620567353	0.5047069427578135	0.0943151394612955	0.2817067557514186	0.4348297167380683	1.9654186154433564	0
1.6860840891908273	4.749993212486859	2.3743381516571445	1.5980938107334433	0.35726177172162343	0.4234949230706999	0.47976829930064774	0.9262410627273231	1
0.3166120362391634	5.374366417873776	0.8963736980337964	1.517607670615811	0.833083020857462	1.7861102088293561	0.1513123699196096	1.6388802030340581	0
4.00424296085822	8.593615958079022	4.50376517034858	2.6278230319722606	0.7104466776380065	0.1957723545180778	5.588897111688318	4.581045512090005	1
0.12080956221207216	4.687985354530067	0.7895022688027084	0.8738424156093157	0.3638858825163691	1.0704528402075364	0.23781933327937677	0.9204819364926231	0
3.6629999499463386	8.489786968312961	4.248133748146882	2.4580748758225335	0.6313728355650402	0.8286828133526379	4.935189504386632	3.9066164161288457	1
0.6740408108202086	6.641406687615507	2.3899364121967737	2.0794165413673307	1.0820763200280101	1.8129500217990828	0.5698206832725631	2.173091252759589	0
2.5518563242576957	7.010431805962677	3.635773992426831	2.268148915672918	0.4840791033502816	0.6943963999603772	3.5223849855637326	2.895503014895006	1
0.04492173907109694	4.715950090196108	0.702701393364757	0.7897746741435375	0.3401511753055463	0.8821132800725685	0.1634105319021941	0.6732964521069236	0
0.22072462807689966	4.574489304450969	1.142629174084884	0.8188101985556024	0.2735856835660223	0.585456173637903	0.3499101139858446	1.153068907797408	1
2.307831307513999	8.007523366124449	3.2478441615571305	2.2573471123438513	0.6776172124416379	1.4680125874047485	3.9696256539146044	3.2514436875759967	0
0.1728770979659549	4.485095275992983	0.7448378959653005	0.5741046020123428	0.19010783159438807	0.8526264951052677	0.26682353788167607	0.661697792286355	1
0.15912969251727893	5.041531712656938	1.209676507242614	1.3821859330753474	0.5290269696951966	0.8148336988165445	0.13697545502707775	1.3311779785612243	0
1.050961475192104	5.843169854137813	1.5866195423534202	1.76442253015276	0.6656783428203187	0.9170504432203971	0.6815754860067443	1.6584185346557223	1
2.533958684428272	7.229834430315711	2.077652442195374	1.7482950978139706	0.45112657347604634	0.6618835258830009	5.03951749208823	2.8453627693967247	0
0.5747295686026035	6.098695437523908	1.4210097482083432	1.579576464399938	0.48002202708922415	1.1845453066598377	4.78698911648661	2.162483592975715	1
0.9519281094652865	7.086983305742387	0.9180891138155345	1.5980938107334433	0.7913169043321887	2.243959721344496	2.972361287230751	3.1200008988993284	0
0.5107856229659693	5.55047394012503	1.6017484239497204	1.0133811443054492	0.22312755118620847	0.5908264844101062	0.7069021457922812	1.71834612755758	1
0.04235809411494348	4.5019529274685	0.750377814014217	0.9540103189011692	0.40545844141927534	0.8278528834122367	0.21735080571334953	0.6311600684750509	0
0.8857490467614565	6.2238504559490995	2.1833622713430705	2.106144327639208	0.7107906157325405	0.8384156731511891	0.8326917079978415	1.6973022588751683	1
3.0777545590313804	7.889694902803965	3.984767763112816	2.614442571137034	0.8354710557721409	0.8227270260958397	3.917684946346447	3.830878023807166	0
1.926057234780479	7.337315292634115	3.0322281237918314	1.992043726396182	0.6036162685696558	1.7663561875055191	5.477534108388513	2.7149265050416425	1
0.6609132032262238	5.749672246274504	0.6368413443488504	2.457081427361604	1.4225057430824626	3.049888964505946	0.07396303307913311	1.4835344955449448	0
1.5991653296633601	6.255855218563743	0.8930630457548512	1.2092289664716396	0.1775518665516047	0.5667786447451105	4.871168608128634	1.7705698805454515	1
0.5206908024789667	5.603834691105475	1.2756141654658115	2.779191873373353	1.29242314550982	2.4689042923104947	0.11463140782400431	2.445489917424209	0
1.6674048881886325	7.330109820907557	2.114579412131746	2.6151817046281822	1.1930736234569355	1.6910547651064227	3.2384352853468243	3.418087274330423	1
0.7022555729239363	4.920485907792319	2.0993789638123523	1.7841136476191657	0.3829127036376529	0.4791244081950548	0.6855886869820659	1.3220757887932395	0
0.7002220942319071	5.922144211296155	2.70201871487045	1.7693434299437227	0.9168905519461227	1.7024545550006205	0.7941230978999475	2.0569147070982248	1
0.837031050888523	6.1727445199750175	2.7039016075758764	1.3191658221132208	0.23949710011682246	0.7124104467407916	1.4470130961545964	1.682595433051827	0
2.1859164361868415	6.599587874244149	2.4151366907324125	2.1287672766913115	0.546935734778048	0.5839682730025745	2.432463571845584	2.3571869081856294	1
0.7100534606263044	5.930200658504068	2.0295025929099784	1.604445470911056	0.8453101719570529	1.8985639418780247	0.5406834104334504	1.674551268322514	0
3.1752875076029756	7.790087533422439	3.337898980147173	2.5712448836009227	0.5990507638470853	1.0523938148664955	3.7560192764319495	4.144343519316423	1
0.3480619584404931	4.621454867858315	1.5047216336555689	1.305572256041528	0.41037967846599466	1.056643803845608	0.33418390610320076	0.7478247418506411	0
4.1571941579277105	7.621697388461766	3.496568165690613	3.052641767527071	0.917609861440053	1.0339670951745783	4.980128662806644	3.3650450229576765	1
0.2507976280960256	4.631372877347582	0.3733550541899307	0.8931039848988195	0.2841031758345017	0.6014101095924005	0.20754248508555864	1.432175536376079	0
0.6721533440557099	5.993674353685927	1.916039869738392	2.0519932607206073	0.7854528513439715	1.0093438209099275	1.2051920607306654	1.840438516113079	1
0.2577845628553761	5.184106692403204	1.1101784750394739	0.8613698129743983	0.24098346944254073	0.580051268159227	0.9982024610690712	1.4557271358352273	0
1.3459670358972686	6.74025821439967	2.620384064349637	1.8568134824767344	0.7440779092284882	1.2007175116052633	1.678665423057803	1.837990806835819	1
2.438801627396578	6.233830557453306	2.2358895805557775	1.8260481681747818	0.5235029261195818	0.7984076912174383	2.164712863985352	2.095905267710501	0
2.080865527330853	6.728139857299413	2.5144816331284034	2.157362769836977	0.6245096030914555	0.8106635139877844	1.0515206811342592	2.7413624680726487	1
1.0558091663428002	6.603836366252505	3.144122105803275	2.4866634390629927	1.3511592903515612	1.83117247158489	0.6583072577172377	1.7506943896094558	0
2.6913176562763432	6.346875066999442	2.3438421928422475	1.8729707246528782	0.7617399720255572	1.2069882532863934	1.6415952772331566	2.3764023085964636	1
1.2614961515695893	6.862180863745283	2.3019949188755557	1.9050435106813932	0.907895591085773	1.9774226587652752	1.6629407639514069	1.9973362917609923	0
0.14122174590852885	3.586206989075397	0.5992979330741274	0.6913004764510688	0.15913822133829728	0.9669077976706814	0.040793514114692155	0.3019029743917175	1
2.2128463637946494	5.808434039067469	1.3647131530862864	0.918528226814347	0.1845440851470518	0.5634085861741189	4.075791853452201	2.5717721828095823	0
2.3380294539272404	6.236640590661759	4.325950869852044	2.3137129481150964	0.7372119117220459	0.9461989876128198	0.8796267475025636	3.1504856288787395	1
0.06162835320362198	4.10136817215856	0.3566739439382325	0.5575565262535971	0.49580538260956775	1.4130823378762738	0.0788315129347733	0.43796456619875107	0
2.591868382812798	7.278504089806435	2.6302255871944284	1.9730666228001008	0.4597259948346013	0.8096404959957497	3.3877135486701517	2.5375149125588736	1
0.258734608305018	4.857699320658826	0.9851075878712889	0.8219360953928624	0.33265782814901734	1.4767747142482652	0.04984484589232035	0.9494933727018734	0
2.4293498937855427	7.094122806453547	3.4964378620678365	2.2268481024022906	0.5245569165772876	0.5655694581872167	2.1370970541679983	2.890755017776047	1
0.3130720028351881	5.4788268658904355	1.492724304735737	1.2716968712206669	0.3200597135653675	0.5529824070592225	0.4844919153141357	1.9720790233513366	0
2.4938168359177566	6.7679172987161715	3.3555233572820757	2.1970245573335525	0.3962023408289793	0.3775593388544556	2.409392561310783	2.8334662532484605	1
2.36398118185912	7.428375261042169	2.8643585514832677	2.289601165435751	0.766815770485146	0.8819063050123243	2.549796671641956	3.0437459458554366	0
0.859931998204771	6.192835996984397	2.2611274798443954	2.0100110744618367	0.8809536675844696	2.303584593327129	0.6699194944406412	1.9495890877396467	1
2.9980695400174775	7.389376660042921	2.4483550380788515	2.379638722436337	0.7221718596005616	1.1182841884655739	4.725284723802007	1.8818286663169226	0
0.8623412814463992	6.3698521802675385	1.3137505496441784	2.317266787530028	1.581778904440126	2.9616841594144185	0.24467801145514823	2.189987340490564	1
0.5116672694828477	6.70286511629769	1.4868634160415861	1.0587620440681489	0.5601242300853749	1.3549584808100377	0.7119689348005332	2.6649339100285823	0
0.4204325352299507	5.487528469157533	1.2967251702570732	1.187660478833631	0.28978486004348314	0.785042445264201	0.6688544879909007	1.4806495396010362	1
1.2720892919006663	7.563074312318624	3.3870206990195313	2.399784396371165	1.022990350533211	1.9727746174863103	1.6460398148786488	3.4675124488069557	0
2.502001365633136	6.554696787787944	3.8246115484171765	2.6684982330900957	0.9695281352565722	0.9742577076286874	1.4897079828089723	2.8238817041272832	1
0.501605246431917	5.794091990136111	0.5715500053121405	1.5963121452151725	0.948525562007513	2.47881312189944	0.435036855249742	2.071799918708489	0
1.5847352997937285	6.690982640238049	1.909586948341258	1.9302017005878715	0.8307764155479829	1.7046753623209416	1.1367426640293772	2.8375744090088975	1
1.7104409480504665	6.359687011060464	2.3807583620478905	1.4669061376122787	0.34970571518192306	0.4549280617769926	2.099721995974981	2.269131716734826	0
2.2916050321508825	8.161608310285965	4.269361729016415	3.0524433651380334	0.8109746596731481	0.8607357377518352	2.379222007532749	3.651707041759553	1
2.6854841590902745	7.238830405945013	3.6687838839141738	1.9334326275442006	0.2574290292807601	0.45872147440859584	3.193127154845423	2.444813556221556	0
1.9413282395502016	6.767264295921387	1.9223197859076235	2.1999874238251476	0.3705699595302501	0.7699693231612298	2.8232164827087565	2.6884187591529827	1
2.40958127022784	6.258732920597317	2.169533585206374	2.718205131485513	0.974031198510727	2.303744420713892	0.7370683676178736	2.074152579746225	0
2.3215932871647187	7.586089233456705	2.3480268001905777	2.8519138648327558	1.186378935924888	1.8515209735677045	5.129460157232245	3.5402634297851527	1
0.04212035129020582	4.163954576570549	0.5039399719828676	0.6861980914717384	0.39304833809307604	0.6322872185531802	0.12431278149916718	0.4610448691237821	0
1.5216116580675203	7.338086968287095	2.431022282169347	2.1285292806171237	0.1922718876471227	0.46860264833010745	5.148453900140598	3.0609721112116315	1
0.1734742007736792	5.271362835247215	1.2447883988257111	0.955280649165351	0.2983920157164755	0.4845535144271281	0.7603384301002687	0.9798662895111645	0
4.421329075256616	8.243822540284883	1.7361762846510214	2.1528197833593135	0.49189353743904213	1.3627698160729336	6.918922987342404	3.935800077087574	1
0.603534240619953	6.336695811202786	1.7790962952746576	2.5237186255733897	1.5651306848721245	1.545325966966856	0.47604782623004677	2.6169796878636102	0
0.2978947451279474	5.253638464546632	2.4366875725173984	1.7309473298312976	0.44162344466144227	1.4687034973606083	0.590156077847148	0.8444939330544694	1
0.20002230348331487	4.779368841162495	1.039286822583295	1.0253962263368506	0.3325144147668689	0.9411784473819341	0.21213113664965313	1.0924936076599325	0
2.328408773003504	6.452086808610337	4.355398994875341	2.514918423855972	0.4746304091727261	0.6460555730260947	2.6541500029198386	2.3899364121967737	1
0.18870944406287446	5.025162593376793	1.100477215277622	0.5007874090511492	0.15126079384058366	0.4745059784431526	1.791559449225388	1.761248714023033	0
2.6768622057793774	7.03149432014909	2.8571711099553494	2.402041211957545	1.250732336728943	2.1516575466203562	1.4733890679708244	2.7302290878236515	1
0.42925324674461196	4.9052207029023	0.702701393364757	1.6035807929497026	0.6609958205428604	1.400591665820715	0.13739392343881987	1.235180731450129	0
3.192819282548419	8.027476465586329	4.139313147738684	2.8764925524463325	0.7163753066791523	0.41675447604428967	5.470511985228012	4.215238310147907	1
0.3525635035390144	5.644637736438329	0.9993442870094407	1.8349307021256869	0.801867047274188	1.3727530905532233	0.31120570937332565	1.7259401281907614	0
0.48487376866245596	6.676943652985751	1.7421314541595658	2.278835285822938	1.6859358834068254	2.4503755896686217	2.6846519171736505	2.601162594107788	1
0.21890257105695513	4.533511979936342	0.7366376116344736	0.7079372660325807	0.17708285874575275	0.6065211838472508	0.15636251762385844	1.1752955134390675	0
3.109676840595469	8.351441701644227	4.035139349234832	2.650096176730475	0.4247447228401206	1.32183583678249	5.3214541352944815	3.6728288292452356	1
0.607093526625328	6.002565206178886	1.7638228505350322	1.428946679574868	0.7957037688850375	1.4668369438350781	0.676479035637162	1.362437024589324	0
0.5881532643629911	5.622934609597101	2.0464921227887367	1.3697583924797911	0.5787963730639863	1.4063665599215442	0.4800900894467449	0.8180161626058146	1
0.6047639539238296	5.4830796922406835	1.570260398347726	1.9860233209916143	0.7324159694806452	2.1033411570041416	0.18297134563545164	1.0172214504525958	0
2.5432463101259604	6.788843806880767	2.95427987203566	1.969026607274738	0.7416039558281396	1.340328953566262	2.751754437968499	2.7478797032648257	1
0.16744477756352397	4.919376363555132	1.159205537443396	0.9543184259708124	0.3239223870880233	0.9612258558679017	0.3816504433421245	1.5209126628446517	0
0.3799900227991795	6.085379890944388	1.5319303219670934	1.562199543607229	0.5423708013716364	0.2709046147124696	0.3799900227991795	2.115013780313867	1
4.053873200667367	7.302293572965822	3.608620681433371	2.8573778401731524	0.8809951054794305	1.3849434490489343	3.0660975362145546	2.775210282944733	0
1.472517927868508	6.330033690824872	1.604767020784202	1.144668560426795	0.19073605539497296	0.3564779245316836	2.4111524611993382	2.060589961994474	1
2.0305663738976993	7.326406204180866	3.3355311137460544	1.7968962533332073	0.18495974039195495	0.7044332525769128	3.5638971281448875	2.7678336849475413	0
3.3543922460193363	8.18289704938282	4.231061292933028	2.949986719850784	0.9082182367832684	1.4897079828089723	5.191585911582211	4.7084692783722	1
0.1032332546416521	5.422773200594533	1.186104105783453	1.1669560606466598	0.48711882510135784	0.9325970581484648	0.47559422271523044	1.6004375302368012	0
0.023169502026642384	4.294136235093434	1.1284299570772918	0.8633961561196307	0.35529399086180075	0.9486417487584813	0.11082555508888461	0.7571074095188223	1
0.08861692074751962	4.056575195356091	0.6155477356875094	0.6875817220870638	0.176404083029917	0.8336914255522537	0.0416533288660797	0.7877753096387278	0
0.9943622672943107	6.033040897030642	1.107076367080239	1.0049607325866543	0.29254274024304827	0.8057613249290797	4.709524795892319	2.126110409872001	1
0.059533202906027226	3.9287562210137876	0.4685525769784208	0.3495153752836385	0.3191153303952781	1.4669522641373451	0.05507797344604592	0.3018216360055001	0
0.835254197184775	5.21203535986684	1.6075761804861517	1.0127638715420721	0.24404361542195138	0.8404890184578732	2.4071162648413464	1.3027225166959127	1
0.8010594377543409	6.230531249487952	1.167111705092802	1.1901273975038829	0.3920083034215551	0.8218481755756791	1.2685238253853828	1.2382582822924864	0
0.45304819484632214	5.472822622160215	1.6209711482477733	1.4960228233944024	0.711281750755428	1.5644196257824357	0.40080761212610727	0.6925019724579566	1
2.256342181819308	6.81743607351878	3.105774313755186	1.757599263414621	0.17694043784147437	0.7591221694834782	2.896386963550952	2.531328933374545	0
0.8879735584923744	5.629782086458707	1.7819784573729496	1.3089542481451106	0.46665427642058693	0.5718492248031594	0.7086267514083316	1.6125929301274005	1
0.32491282617927303	5.525912594430275	0.9524683579927433	0.8848826207144748	0.4312433100948692	1.142342051529435	0.3022208700728616	0.9632888150347378	0
1.747128145082461	7.56836098254538	2.617928537637006	1.8777995413204396	0.7860453629266759	1.2325894152718142	2.0412073417623193	2.4239882348185833	1
2.065520086338791	6.804117611701717	3.338878617262897	2.065520086338791	1.1722344285387234	1.9101053094432003	1.9383530948865852	2.113408091243109	0
1.1699402095817282	4.86676877278385	1.4377951339822936	1.3003006479529144	0.18022769953737672	0.04409248064550751	1.8664494148594988	1.5949941010016888	1
0.10722078428470437	4.005542491988806	0.18507609290696272	0.7927209854560378	0.37344454488467926	0.9495320656539571	0.051072319974503254	0.40748307065147793	0
3.0441366490308197	7.549594165042031	3.315258156984499	2.266076698177523	0.41144055285851844	0.5511226805305275	3.251211350965672	3.3242551403493095	1
0.274186414346446	4.900302436811872	1.2010485328086893	0.6194468176299878	0.23997706928211712	0.504362784538243	0.4170181143867406	1.0407006500491165	0
3.5157515062877858	7.7708083431890405	4.7382682347327165	2.661964376906856	1.056157016631545	1.613131084271718	3.5543933201546314	4.1595172572289085	1
0.3854868653924996	4.801466966177563	2.1668913642048397	1.0294051085044085	0.3357148069866536	0.8272846394891763	0.5497385972645892	0.6074149850686958	0
0.44468582126144574	5.034047738026784	2.2367871124036136	1.4177688030796347	0.3323279466165228	0.9437113274501471	0.7124594915923183	1.4372250897884336	1
1.0527428550096551	5.354328066460699	2.034614140383791	0.955280649165351	0.2692634869277628	0.6273491999695131	2.389505632524745	0.9716497499944327	0
0.4320161553402355	6.439790370132971	2.7569609929164702	2.056607825270892	0.9511558192002345	0.8455677932551716	1.0040085259591316	2.9216873763340807	1
1.6289659922416457	6.467970428320398	2.946715333672891	2.2083513336412994	1.147561170399973	2.2539199210127645	0.609221945622184	2.050257294283867	0
3.2295902201854028	7.634051024461045	3.9127907106670543	2.236755071562218	0.5325147058809769	0.6958435421076878	5.034852997186993	2.4054304482862037	1
2.314750789892917	6.37020179374447	3.3225220720070148	1.8056459377070666	0.19087652514256495	0.3094680257736381	3.414547866030293	2.3780450080039066	0
3.134354436192153	7.790278036465665	4.040057316748275	3.005207243916509	1.0828893282028733	1.4595912901813475	3.3738775710071924	4.235117587483543	1
0.06945889621389129	4.665361772881965	0.7199351573163284	0.5173880439073946	0.33873396270369766	1.1759127783578978	0.13770765986793532	0.7273070322066499	0
2.5397341083204727	7.064882951736844	1.7741723858010037	1.8825594935544938	0.2549289989535254	0.3601329581100231	5.08381326250195	3.4109826823969525	1
0.28139736498464224	4.602344196639028	0.5007510451943945	0.9428547629997064	0.34703765408311815	0.6116984849484319	0.3853848422739724	1.0427119067035326	0
0.42873231504651044	5.624456759881813	2.373481484969126	2.4430424456893016	0.8536490772139745	1.3946096927236045	0.21343255181900722	1.1602716690548374	1
0.6263768374260912	6.204583620820221	2.1798749390011065	2.004879620352931	0.9795284072786781	1.9188765842875202	0.47743221882395576	1.7250853359600624	0
2.2695038943919217	7.317521125641994	3.5544161988688483	2.4560355277069106	0.5850997249766594	0.6749017402185951	2.978504727887365	3.1918334537563173	1
0.9256864535145174	5.592718689192714	1.0846823831346117	1.279822116609374	0.22843353464729882	0.426678504507362	1.174554292243267	1.4013307459460038	0
1.3399362371417411	7.216383295482578	1.6815725101932995	2.4541467098025826	1.2876887573657685	1.3435695156598937	1.4946105046033493	2.7592691593935683	1
0.7756944415275108	5.74938789035387	1.5009391442757707	2.236124726293776	1.5978712760626348	2.8674556219918372	0.2773817053430701	2.1388065469829654	0
0.3066461129381899	5.11179379363717	1.3068722941424	0.8654184015003984	0.2047433002286847	0.3267609486235963	0.3628567968515228	1.855625889556469	1
2.8086976275835096	7.6137672520940844	3.5710048517654513	2.5723221117909496	1.0947715892821719	1.4307178624218133	2.9492117817285086	3.3282359314880297	0
1.4931063229199542	6.543026129693263	3.8447222728947787	2.6033339223236784	0.6372644233122716	1.282404985027628	2.882479585359134	3.192178604393342	1
0.6471294197263716	6.417681178573256	1.7747997969030214	2.58325010335043	1.4601255092470913	1.9891885527022737	0.44544835097457464	2.7170760123095223	0
0.6136168416031371	5.997433944748952	1.5057204906024284	0.9179693222527102	0.14366734981241305	0.44544194558379785	1.6272581840040166	2.1779398159243524	1
0.40009739434081	5.255803838023791	1.308224705697968	0.9785892460683794	0.25440187941696796	1.1771461663222165	0.18006066958016564	0.5747408256804913	0
1.5546226336607873	7.028000348012175	2.4627888445343813	2.1697848615774378	0.6934471355689432	0.6830463383805158	2.385822691564101	2.5760566729767116	1
0.12498371509308419	4.401413734473997	0.5819753675306985	0.7781774297445209	0.40876631977454614	1.313696786203305	0.06444132891456002	0.4794154487910798	0
1.0598368097167028	5.375952254672353	1.8206222364131315	1.6347742202472675	0.32375601278161914	0.38898336058177985	1.2617510260452904	1.6284951639675576	1
0.18201317591612576	4.774216515582016	1.0720971830123547	0.9591969528846124	0.3880679852648632	0.5687737257201884	0.21274568032989521	0.8816578783797119	0
1.853183771215054	6.724534838313093	3.164846158448288	1.781961626747944	0.1429221610112164	0.21077942961043897	2.864461181666895	2.3856570539971225	1
0.5585237633220999	6.23951005495225	1.4310525984616642	2.111533540435076	1.6645319747436718	3.1632827734442657	0.48000346382406917	1.6044655708075424	0
2.7151913092535764	7.738168114870652	3.6951100038645723	2.6246975772503336	0.5603012672265161	1.305436738159736	2.8109015714862333	3.8791981153236383	1
1.8895665292309671	6.769854583412009	2.7931631104753896	2.016461805006258	0.5447341754171721	0.8452672286207785	1.3334208715128224	1.7381828683246627	0
0.45530234295533595	5.1487587935072305	1.0634340603184973	1.0184140133389974	0.23387773329164188	0.5776409260691663	0.8120851046314591	1.6846752466183805	1
3.4746027260784302	7.642765160339651	3.2692456930289597	2.464508345111272	0.5941276295367937	1.3854690206201028	4.355155056110465	3.4023766860093483	0
1.1253840391655374	6.172165416296983	1.9536515356215363	2.149247415923799	0.45438224834277885	1.181512448395753	0.7405077519197829	1.9255179194063934	1
0.1602889449293802	4.234633901730823	0.3081242011057247	0.9397728560213585	0.468715299705512	1.1036329971249736	0.05134119324038207	0.6560733611801143	0
0.6217693243995833	5.003152030860958	1.723159377735798	1.2926977123823062	0.39682791471250073	0.8588734610042044	0.5105815939931476	1.378110968311871	1
0.03586508933991888	4.053097129993834	0.5660805604755873	0.5835499248024821	0.33896911681980013	0.7748654068448032	0.055055259315679055	0.7638851950652871	0
0.5787683440371244	5.082620395505896	1.1803458736947798	1.184331164070647	0.35644991862243486	0.7868651844336971	0.4921869987562216	1.4044043802922082	1
