1.0257548163647188	5.674908264694545	2.584344661994057	1.3252962320583084	0.29693661674715743	0.295062271661164	1.4675747640709884	1.8904880420878334	0
1.7641655686356161	6.490968572763461	2.4971316194105695	1.834307972474011	0.22563644147989914	0.6416433376928297	2.8446942443995122	2.6201729948451216	1
3.56910443577676	8.307356435680333	4.28874015580482	2.902953387321194	0.572176569980281	0.7647699242329129	4.263119217137039	2.7449669801851924	0
2.9067589732508208	7.983035615607982	4.196365507717868	2.455074393494638	1.0921246225325554	1.0717890746242342	3.905747354660474	4.583642110962768	1
0.5789869496146792	6.0842948363421225	2.215282764591249	1.9491192799962618	0.822814868681982	1.0402413753417803	0.5504078100415289	2.281095844151061	0
3.800051798330542	7.333331724900422	3.3799260763862713	2.7951143544769197	1.0544862306255545	1.7231058259110068	4.555417809040386	3.942204914469195	1
2.6848702771545927	6.159692884374317	0.7282729825353194	0.8547982335618395	0.18249654148324085	0.6016073839194308	4.7181005777010165	1.6238337927178328	0
3.7398909588024987	7.358785355904039	4.375719285099215	2.8008299092346696	0.391007769269227	1.406709545862483	3.3131818643286772	2.9133393061825563	1
2.354171344465479	7.824769908778956	2.7429861065384413	2.143624530873415	0.8695764116490622	2.4357776782298264	2.3173948846475256	3.5104672458495134	0
0.3522752795940452	6.188699141384751	1.7758333186777957	2.299149197058145	1.76753508033719	2.0754209700027393	0.3522752795940452	2.7379713972180872	1
2.395310115976244	6.331180979915087	1.9940334242370417	1.1331425315649324	0.26843044332822397	0.6377137486710319	4.732551455315184	1.96899868835129	0
0.7377380638878204	7.589219832630115	3.695013104760068	2.480806589349109	0.9324002736072233	1.4095224872390977	1.3905353553771451	3.7598526967042667	1
0.21545003194519158	4.465881681523516	0.7027509167026402	1.128559365036062	0.35117786263433864	0.7535364805727294	0.29124322401786773	1.2953023446141327	0
0.6136168416031371	5.997433944748952	1.5057204906024284	0.9179693222527102	0.14366734981241305	0.44544194558379785	1.6272581840040166	2.1779398159243524	1
1.1638693016286021	6.939745298176492	1.5625768862807772	2.4732304137502825	1.5401950096919395	2.6937484163913505	0.4337480158362176	2.734724588516397	0
0.28258158706282227	5.55257579035167	1.3650962606037105	1.4051406489162506	0.27268771686742677	0.582355274904912	1.0660202240674503	1.9354123826723693	1
0.8702049076788009	5.826355206567158	1.9285895817552765	2.2435779124140134	0.8609048637934205	1.2152094362519237	0.3950645425812418	1.4264281188595362	0
0.35954681616316014	4.175727909298445	1.0571303542131687	1.0345358829609759	0.16668324668049103	0.31642986630325715	1.1170086989462586	0.4356968230517403	1
0.8248331213853203	6.076866713345568	0.9359757051905532	2.614896361391259	1.2494718443971542	1.4978133742432085	0.8506209043841353	2.4466767789216637	0
1.2325019504399097	5.112992103140683	1.9581068940095203	1.5246640303846626	0.4108505803845022	0.5527465342568517	1.044578400175624	1.9923574347727224	1
0.3130720028351881	5.4788268658904355	1.492724304735737	1.2716968712206669	0.3200597135653675	0.5529824070592225	0.4844919153141357	1.9720790233513366	0
1.4582661246323618	6.533995647942028	2.5651724095066566	2.710307651143425	1.4367260344185777	2.023730609144944	0.8452672286207785	3.2909657621586064	1
0.20878495833529723	4.583533798380725	0.8965369033872942	0.5899620747591191	0.1342336459868994	0.8260158536343697	0.31589774008202726	0.7096109065906103	0
4.029576681450286	7.311018163976051	4.521043734505301	3.208247544259021	0.8002511754741463	0.6540892541561821	2.0805284507800748	2.304782676537533	1
3.4897880664440084	7.342572695521557	4.2929727185753	2.848217858265442	0.9042181506398858	1.5628493230195082	2.452262927402932	3.057673675094174	0
0.8326047287858181	5.547634579499293	2.762696202215535	1.7058565685605738	0.7495747718585888	1.6844526162395461	0.6059048678157977	1.3983464421440321	1
1.422481631881603	6.210666942259003	1.8385158205698282	1.6588564505638277	0.32173561257663263	1.377304069281758	4.4787051959988435	2.2676933961139354	0
0.6877828180607947	6.129481271824168	1.8475410096868157	1.8844601867390907	0.5571556213485969	1.3757135815757036	0.4616059673779786	1.7487823763729144	1
0.2151678296365164	5.013881353274299	1.316837096104669	1.1101455244817828	0.39056126216505205	0.8157629641001335	0.867016450538916	1.2163953243244932	0
0.9543569326806114	6.03423927380514	3.1774744958994794	2.168230504493895	0.8134160129508902	1.0927618749899342	0.7530185775973357	2.4304592636716333	1
0.40122948383649143	4.995105325977948	2.0005065535916935	1.3552164055490292	0.3253462864269193	0.7796917819601311	0.4962194713766286	0.9678579887305611	0
2.5805198139909464	7.136883923838115	1.7899077558645806	1.6779560045645014	0.519430495439313	1.0175829833560273	5.586776636903269	3.4979852570152232	1
3.274741848375866	8.278801145483472	3.4601453044864816	2.7022735483247557	0.44246540925226285	0.5699564245047364	5.997392442367715	3.970914361300756	0
0.2569032262591971	5.632145037958625	1.4880609262675006	0.8569228200668016	0.3900807060644171	0.9074114272675599	0.8464689455035949	1.2325311062338968	1
1.424937984712095	6.166160435592479	2.552588662474851	1.1567868527191818	0.25725121508066795	0.9246159806201453	3.3087859962905393	2.1627021432977966	0
0.8968224486787568	6.490075524893115	1.3536936870738085	2.6449115885241365	1.3821357259710316	2.877376573956909	0.45383613683355906	2.5659719113980914	1
2.73830132027138	6.806088156564935	2.6618387092975166	2.283769178736405	0.7835818580311535	0.8131056260733289	3.9213216388241343	2.4027833068711466	0
1.0811269743270904	6.2763684515222105	2.4124793158524143	2.0830475322738202	0.7519348220430337	1.6528996198446362	0.9578548509518475	1.7431117949064623	1
0.6961426895397439	5.822594906228686	2.979674027305287	1.8501698767744776	0.30607193756337187	0.3430434559327701	0.8385021484193164	1.0727473224730553	0
1.1515841734342154	5.046453430172352	2.6884187591529827	1.7836096830876016	0.5798496947662322	0.5447805740159427	0.9259241808423931	1.692049625079043	1
2.0227521354856637	6.134685933483088	2.3794627973244253	1.5027876765556951	0.28168412064814485	0.5544251972398645	1.5906627571077663	2.063858250452677	0
2.51072058468098	7.644343916273628	4.145110550941784	2.9984286351017335	1.1777930865425508	1.8488641779222044	3.740890615773109	4.006376363988622	1
1.0271520901173015	6.391899525298234	2.262294207410467	1.589969629238702	0.5020048347401944	0.5721878558340275	0.44318469513517855	2.617833693163632	0
0.4687653629103186	6.355867701352395	2.4442582513101914	2.5865377197003188	1.2118814483939768	2.291473588239327	0.565114925637702	2.6223906372740395	1
1.041583278219887	6.510989769392396	3.060480147775676	2.192468842289319	1.0571650987539363	1.6615748508539279	2.40814258924992	2.534783524860492	0
0.723918839226699	5.894396222672746	2.187365020140776	1.4221681333560958	0.8032116154222543	1.377657167724227	0.6566699007496738	1.176652993670973	1
0.28581032181898497	6.048383723999721	1.0540332452701424	1.8882356356723493	2.2233037620663265	3.7711435388553616	0.5751853789258766	2.5957322048768847	0
1.1957692469752477	6.896779060085733	2.884850990912355	1.712860551621638	0.6762400572432308	1.2427414922542839	1.8145315395702524	2.259249525427545	1
0.0692125806824517	4.401088791811255	0.891506115051524	0.6809430117210385	0.5323091904328319	0.8404890184578732	0.0692125806824517	0.3653442566185661	0
2.502001365633136	6.554696787787944	3.8246115484171765	2.6684982330900957	0.9695281352565722	0.9742577076286874	1.4897079828089723	2.8238817041272832	1
1.571092016516613	6.734368567313174	2.8783666507687324	2.5403965427912882	0.837377386231177	1.339097926288916	0.432730019256177	2.307890991784227	0
1.177854676170877	5.961808882675447	2.029371183411511	1.8569071797720744	0.35222606232439846	0.8077696713966428	2.1963019296054545	1.23587836533692	1
1.7804119961594147	6.7565430111241485	2.8390433751737274	2.0220904622222355	1.007702413308267	1.9410268164000573	1.854123753424605	1.8632891203669764	0
2.004367718626882	6.956258830653559	2.137144251808125	2.691134602325765	1.569344818867656	2.193785336588707	2.434139532734347	3.1209630612788613	1
0.08183986105633452	4.732137582649968	0.3290087396033781	0.7741740192023188	0.33595781861667073	0.8605665831017935	0.13910085433939123	0.7892297892369896	0
1.4825813364313873	8.119029215060738	2.6162711129825267	2.5020832831586173	1.5375121728625116	2.2081535270954555	3.120336436778522	4.166437290850241	1
0.5670169034157331	6.340829034656744	2.753151028347306	1.6080769867947589	0.7898200678202062	1.785456312674942	0.6661818623294925	1.5219391439612633	0
3.79593628022333	7.24011578831219	1.76753508033719	2.046453365852855	0.3189626924848128	0.8859964592405543	5.837066378324525	3.669365285209634	1
0.7486291900189495	6.282885807574846	2.083172074581003	1.3290359422796088	0.40949696922153506	0.9266370239282993	1.2100940313308721	1.4647820141686319	0
0.5111035851311508	5.808265004997695	2.3638965377171495	2.2674241279004566	0.8437630488670719	1.8846120862426714	0.36371212479674536	1.394783228515797	1
0.18870944406287446	5.025162593376793	1.100477215277622	0.5007874090511492	0.15126079384058366	0.4745059784431526	1.791559449225388	1.761248714023033	0
3.5164587219972443	7.905403447740655	3.5616282994465642	2.7760390131345742	0.8507490410634351	1.61710841873832	3.988726606021894	4.539953034633115	1
1.3517287959325766	6.189094578979971	2.0413631757993853	2.1383941782723723	0.8408341584587107	1.7927922690400047	0.5614940229471951	1.0989122436771077	0
2.4924200202645146	8.447734318510346	4.349423377779719	2.2274088581431633	0.6224403410686579	1.1304339009910658	4.0238219498493875	4.914989658032771	1
0.8817406941147486	5.667330086153886	1.275251062326566	0.9953606588576352	0.2236074436994973	0.6235130320702711	1.3223423346273735	0.9143288085606144	0
1.8150690119970119	6.034172202651483	1.4254429562881172	0.9697556665431054	0.30473091155133963	0.6060794383454624	3.406874569226443	1.691754954923314	1
1.0004480398808784	6.488721379782656	1.772168819463051	1.8329973772442998	0.8939224160121468	2.1164723587600816	1.1964344622876348	1.7396061560074945	0
3.3543922460193363	8.18289704938282	4.231061292933028	2.949986719850784	0.9082182367832684	1.4897079828089723	5.191585911582211	4.7084692783722	1
0.20081613943011895	4.490333804678457	1.044578400175624	0.8055826098897335	0.3747584473290022	0.6374071720720539	0.3921974811072601	0.4145503784356975	0
1.6539522817407437	7.089451723767619	3.7354648085232958	3.0193609056837	0.7467827297258547	1.0275458402342494	1.4785316425863015	2.2213316526794524	1
1.0460199052156036	6.210983939083157	2.909716764159941	2.6887178632026343	2.027687614901684	2.8749309374080845	1.153384524515089	2.264052143277262	0
2.2277430052895837	6.752707430152433	1.9036436593731272	1.45180116332201	0.26010787457956	0.6607376187618992	4.566085223620255	2.606748105571885	1
1.2977636487063258	6.066804831082071	2.939505778284186	2.029279186486772	0.43144469706711225	0.6674549435114826	1.2834861411382086	1.797874070227909	0
1.3291682996977734	5.080134615093779	2.547537101718764	1.5831144707645846	0.32604664999476574	0.7950718002818707	0.33265065796836457	1.4270763548401244	1
0.43104188255774456	5.190225903022146	1.2985554468118838	1.4301437683981517	0.562132618059697	0.7132928862529031	0.7198864777495668	1.2369529316205274	0
0.8954347499947777	5.5056509970943335	1.6430660934140844	1.3183366679366635	0.28366652090540867	0.6201301515728077	1.3959971365812758	1.7704507082818035	1
0.04160920458908719	4.5899296365718065	1.068805789085445	0.7424610171128663	0.29259498431242537	0.7133908870369876	0.16299431648347404	0.54980207632085	0
0.34428449842578335	5.371274569678143	1.2607878258801684	0.8871090585105748	0.3413389463832076	0.5999183332795975	0.7439828702624408	1.4322710473599147	1
2.7212756908153515	7.256850227202443	2.7446970919943756	2.61400322312241	0.6342460726397844	0.8862438105218584	4.56699884205429	3.8820234860850853	0
0.5035532439988827	5.549186973688465	1.3733610857079914	0.819515479374752	0.22369539901825217	0.1338750835560276	1.3483588217768536	1.7665613122049615	1
2.6103932698294163	7.1266728735060285	3.2241459135237123	1.8052020449245438	0.46439417563745194	0.48152450832035176	3.154896080918908	3.0922099533830383	0
1.645075290025232	6.457961880225622	3.2526316325904148	2.36477084854802	0.9862644555016655	1.5337009218423452	1.5909480231202557	2.5888311348472692	1
2.2818107937775687	6.834090654689073	0.5763211867928408	1.5503034298085765	0.8133716778663136	1.6349886932781061	4.612930992869254	2.62199836360728	0
4.057867282411829	8.197979474081324	3.243221060056858	2.256069839252577	0.6862937493589301	1.0335758658202736	5.860395263860235	3.4636650099806308	1
0.04235809411494348	4.5019529274685	0.750377814014217	0.9540103189011692	0.40545844141927534	0.8278528834122367	0.21735080571334953	0.6311600684750509	0
0.18066184690382858	4.833368142249572	0.8261471820211891	0.8531379168688864	0.45805755822733496	1.085797191621266	0.37744279153439786	0.5833490554840371	1
0.42217144356834635	5.9738248789282915	2.8679784443350798	2.1616664819355056	1.25333423386366	2.4759079493242995	0.7642112389909494	2.38086933239118	0
2.603674385653146	7.121708568917179	3.9545421190267946	2.233095669674207	0.34054251322371343	0.14538955587289842	2.467412855085378	3.1079532026684564	1
0.0804078717622451	4.7137034631109795	0.7865464448184951	0.8673105496524365	0.4366148771003804	1.3240997575267728	0.07245181576923695	0.5894186657972433	0
3.315338068065303	7.816268403528962	3.776230773316664	2.4888156662847156	0.6944962701292408	0.7464035468603768	5.507125454353384	3.075928815548268	1
0.27019506204419413	5.209037964988554	1.8438457824263865	1.800041742980526	0.5528731070680302	1.0049241260157709	0.2731900687983454	0.8972709980369002	0
1.0420419371797154	6.259007494404528	2.651853677438718	2.2426758402401368	0.6730669147257533	1.060425707282869	0.9239810851581614	2.2426758402401368	1
1.0168597867958507	5.477015282545368	1.6226699812028185	2.2042222585771416	1.0041184422396752	0.995508483980784	0.3428802329165432	1.620358069883091	0
0.2671451256089848	5.208767862145528	0.5862354624093826	1.069286459286281	0.33818505462488774	0.6891843388646799	2.686084035043013	1.6356708016038624	1
0.11896455960420385	5.136075457500083	0.688667160238237	0.7092173607374398	0.28435153235532495	0.7875478559814296	0.4487289189668805	0.7685329074658349	0
0.10316109871265844	4.583907733665671	1.027975209068669	1.0363822121319755	0.33930393785396307	1.0612218994495506	0.0662651546476369	0.5777082702935827	1
0.9640517952724149	5.61482447695655	1.5143357110007747	0.9464707003752874	0.39641763622181664	2.320601812780844	2.002803448390438	1.1967669040756068	0
0.34314279603077275	4.189606256002512	0.9582384924819115	1.1383777252275258	0.3398166378716026	0.39173798748816374	0.16165105300189414	0.918887357721421	1
1.621564092231941	6.3779313243868305	1.484033407021186	2.011751392709886	1.306736952336463	2.9386220938448755	2.5399313073067207	2.1599610587386313	0
1.3636396705550844	5.028743021808991	1.3594882666993837	1.3426297886336267	0.37358908986078837	0.7577638236459174	2.3028850480030436	1.78256735085914	1
0.9442560321558571	7.275469505205608	2.2476536094678274	2.5525730863934815	1.086438487736401	1.7875171499699225	1.6742139053730112	3.02987762884049	0
1.4741907630260744	5.903919664193007	2.425492753081372	1.6517691674475385	0.324464719782645	0.3440647688340572	1.5719021789049958	1.5978510431821802	1
0.9049870857027629	6.267595916293534	2.679300871149554	1.7573750423662242	0.8604819950455765	1.5183966080019577	1.8795108501250202	1.1618061561640467	0
2.0804035787737187	8.247875405154293	3.1527232017686515	2.1417588477446974	0.625933083258614	0.0	3.0643624125948157	4.721180985494625	1
0.6407848939511217	5.677821040785782	0.5998634461275684	0.8782565145562214	0.43127579460788057	0.8581954086834431	3.8854777778058076	2.0265680520727676	0
1.308305792257915	6.175198023341072	3.9973397807243733	1.9765779062205968	0.5306164862870834	0.38091281900532503	0.5412539507739023	2.6403279506058293	1
0.5956831829543991	5.398190755422881	2.1989453182342857	2.1980020528016055	0.9950649430383804	1.4857323733259475	0.32330738759319766	1.2773161985501456	0
0.7540541154634667	5.184098845454574	1.3172121999324469	0.8984118529868637	0.18820421995211006	0.2806121392674163	0.9166106806850751	1.1573527836907098	1
2.3870824792220366	6.4584804362499915	2.631896034355372	1.0942360602671306	0.2882419157102951	0.25018267698082663	4.897259034324272	2.083956334646969	0
1.5140937320517625	6.228346295747512	2.7288066217588667	1.748747578634764	0.5000234902319038	0.1486613553013194	1.15417313077333	2.2932516718129694	1
0.10064139811784947	4.2456726909686235	0.2882569072026234	0.8851715128152852	0.41869059782130563	1.2292603618526854	0.05493032237554399	0.46703673235660736	0
0.3329374251010812	5.619327826448261	1.1165504337991228	0.8539897056767758	0.1729948647709935	0.49926505717883546	0.8120851046314591	1.7582716250670656	1
2.7688504937621286	7.126981166262242	2.1431672325603808	2.931444387671447	1.3800750613059738	2.315955311932217	4.961079436858691	3.335139484635174	0
1.7907422854052861	6.343133406488754	3.2224334888700694	2.516259957445996	0.7534423363437008	1.2150907700597826	1.0616716408558269	2.838914707411258	1
0.408493850168174	6.1756838853084295	2.219540383819634	2.677013507316752	1.451965053609536	2.1908263746437253	0.5305458947298044	2.315580288488857	0
0.5107856229659693	5.55047394012503	1.6017484239497204	1.0133811443054492	0.22312755118620847	0.5908264844101062	0.7069021457922812	1.71834612755758	1
0.837031050888523	6.1727445199750175	2.7039016075758764	1.3191658221132208	0.23949710011682246	0.7124104467407916	1.4470130961545964	1.682595433051827	0
0.6173023162666151	5.462608175340131	1.4967618141458616	1.6059317731048126	0.49720528667088054	1.0478101017377235	3.03894500797681	2.1354437317951205	1
0.5405145146330215	6.5579538014151435	2.1523666716943923	2.478611879225252	1.3072782096904796	2.309580567506432	1.1672050801337215	2.8887871697659264	0
2.5154116062262095	7.627929710595658	4.984288580902119	2.672637162878454	0.918887357721421	1.2845384521655032	3.967635558373925	3.837161518684367	1
0.7289485930233284	5.532723258940595	1.4958435918491704	2.2899860574175306	0.8022706075782995	1.4129849763729352	0.5318627828317903	2.1430968604089577	0
0.3197329126169149	5.103766131160426	1.7543171737521848	1.2239224796335564	0.35619783013804224	0.6298452278896831	0.22980133897827631	1.6878978296939646	1
1.413787925428813	5.682934320987756	0.8969040180739649	1.855250567009253	0.6802240352694557	3.0656360633621773	3.565725458138416	2.0445783208520147	0
2.623552027007242	6.341267533137838	1.733936128490853	2.2873699271875654	0.9617611059189125	1.7894568201653795	3.4535367953427287	2.132366004987723	1
0.3174714306375328	4.620981525347798	0.9309428632064695	0.7695525117623508	0.3618057587677489	0.8516028662519182	0.22597952613341776	0.7560280785991463	0
0.021926840145943562	3.8388822576697543	0.3448017355409289	0.7107906157325405	0.2630332714016699	0.5315043377743474	0.06735392915440211	0.5554126815318429	1
0.403736949034435	5.934283691839756	2.145229282217839	2.5129189493671524	1.5470091641597865	2.6612310931246137	0.24831214816707242	2.0995749965994635	0
0.29539723390660744	5.3069846964895895	1.989940704918633	1.2985554468118838	0.19430776763174185	0.828289774502239	0.8020015854720274	1.330490911254454	1
0.10719383410211528	3.9620809370692607	0.6967407160700755	0.9143288085606144	0.3019029743917175	1.5204755425859102	0.21603031210783408	0.5528846128928541	0
0.34003018532265755	5.111481033471949	0.7165218518763958	0.8877677929409168	0.23254719810940988	0.7906368018372024	3.39962614792067	0.8587463612095112	1
0.7831249866781772	5.5333871171832065	0.8148336988165445	0.9735780262975334	0.2955981574112406	0.8462973600536201	2.0931965069121716	1.631199404215613	0
1.7097537249471926	5.6338412965257465	3.1197491715849233	1.933230095897939	0.3571008532264938	0.7860453629266759	2.2268265285928943	1.918582997684704	1
2.561188447945159	6.869653539544191	3.8122689662908384	2.324199802966454	0.5136735645301196	0.9977232425546931	3.059190523909134	2.5507646125794645	0
0.07884352740574167	5.279668553352284	1.1741834755151837	1.1098159591754349	0.46671698413992757	0.9736157984934245	0.4731299870921646	1.2533627885673355	1
0.09765288806461998	4.725022190961721	0.931061110777605	0.7157400292125798	0.3039490449156529	0.6853417976602866	0.46627167415605747	0.577079547758431	0
0.5787683440371244	5.082620395505896	1.1803458736947798	1.184331164070647	0.35644991862243486	0.7868651844336971	0.4921869987562216	1.4044043802922082	1
0.4846459059826057	6.394185894545083	2.3868435174180247	2.4121656915627785	1.6200612840712314	2.2718681203319853	0.7338571688077321	2.423855374467902	0
0.3211337729595964	5.045365813194592	0.4703473201772405	0.7625333080449529	0.2958436757724112	0.19251938177040057	1.259766954648132	1.275390732983385	1
0.3480619584404931	4.621454867858315	1.5047216336555689	1.305572256041528	0.41037967846599466	1.056643803845608	0.33418390610320076	0.7478247418506411	0
1.1511414856799502	5.433707592970058	2.1140844851233753	1.0073372898924975	0.18805508864171525	0.6525334976746482	1.4623753855252264	1.7196725303331541	1
2.2406139400112925	8.01575252418802	3.765157391617525	2.8039480869613733	1.1566610467746852	1.6206547676392655	4.534909725735564	4.1376754069441155	0
2.7232015048695537	7.147044347136062	2.3566091554382558	2.117146683858485	0.6554920412561319	0.6899520816634045	4.628340665111106	2.44574126843722	1
0.42925324674461196	4.9052207029023	0.702701393364757	1.6035807929497026	0.6609958205428604	1.400591665820715	0.13739392343881987	1.235180731450129	0
1.1917078969058639	6.9772225712470854	3.409906017839056	2.8296894955296565	1.2554735771883392	2.2901379476922883	0.8730491458351325	3.288121997605015	1
0.3848745704921554	5.383194217056041	1.1846370680191936	1.2353261119839316	0.5011085657026096	1.2332014549860657	0.1538620667539404	1.4825813364313873	0
2.7636551867749315	6.56446648231479	3.1512520157874873	2.3215638515918267	0.54920174958655	1.1715839011239324	3.1542775686131894	2.2157846028571293	1
0.709118950069644	5.760386475578446	2.259562762843183	1.3586661940024165	0.5763380455083759	1.1542046620918147	0.5835331872336137	1.8443202932936802	0
1.6860840891908273	4.749993212486859	2.3743381516571445	1.5980938107334433	0.35726177172162343	0.4234949230706999	0.47976829930064774	0.9262410627273231	1
0.17783651400928072	4.7238532609320165	0.8879735584923744	1.0026152063335834	0.3113009380504149	1.4370112394115984	0.16864512597771084	0.9465095104581516	0
1.2948915376465466	6.0254487370356955	2.246702335746372	3.355833839910625	0.7912262507195804	1.7327169285942718	2.4774371557794552	2.280247455272331	1
1.1993019126760376	6.380505175548666	1.9805047938198124	2.0997342449475984	0.6546038379394361	1.135843845273437	0.8350806764486117	2.8247778652351143	0
0.14280946786154036	5.483978341274039	1.3849434490489343	1.1969784004129764	0.25026053980214746	0.9030433717885257	0.4630167779461691	1.5147315502951917	1
1.9832334588812432	7.0838639087868405	3.0259995626235385	1.547605061002141	0.4569817108938718	1.0012199426594603	3.940730960364868	2.432437225434183	0
0.9187277599075723	7.142379712030989	3.230824158384042	2.249827569250974	0.7742201265864244	0.7426513754630342	1.710115480187545	3.2806517836418037	1
1.2817668317659563	7.182414343991358	3.9688455851043365	2.2797564920540245	1.6481969805841843	0.0	2.2620338951383974	2.0963846924100555	0
2.519686426821985	7.179326414455876	3.047209301061578	2.1216505738185116	0.5574019105449057	0.9322428180880821	3.1458792349004425	2.7464500646300865	1
0.554000049149787	6.6401287430187805	2.758356675409616	2.7072765685924023	1.3255884860024958	2.091851715923172	1.7816586270486254	2.7467964427373217	0
0.23568853294983694	5.064112235922736	0.6002914860405933	1.9707699950481594	0.7272587101887131	1.7239801468067655	0.23067511772955632	1.0509964347264464	1
0.11110299601141015	4.433123659801881	1.1260977456029702	1.208990196137719	0.35559536139915454	0.686072211887982	0.06919951680100442	0.6080630361730496	0
0.8703724399291508	6.54638690956172	2.7988654453180004	2.017167122195332	0.6561460024154624	1.2437798839943046	1.402020061581373	2.105852189796759	1
0.501605246431917	5.794091990136111	0.5715500053121405	1.5963121452151725	0.948525562007513	2.47881312189944	0.435036855249742	2.071799918708489	0
0.3420068921196877	4.360014894082747	1.1458138901524038	0.4395701946247801	0.06686768153631813	0.18654595478039077	1.05455590247119	1.602292444273229	1
2.015622761466614	6.467043076430465	2.836443415870609	1.7504686148101742	0.27916086990809935	0.40045256628462006	2.1315713610827522	2.022447820159716	0
1.926057234780479	7.337315292634115	3.0322281237918314	1.992043726396182	0.6036162685696558	1.7663561875055191	5.477534108388513	2.7149265050416425	1
0.18698566292083144	5.32643532544793	1.137255912260314	1.2511903039350467	0.3278278383810119	1.1196886142700258	0.3769147305688057	1.2988829041089212	0
1.2119409739751128	6.449215290403991	2.463368016505021	1.766783483157878	1.0104001911019609	2.1046584070695937	2.6453801554987386	1.5129270120532565	1
0.30566687202927817	5.041113414735443	0.7907275088988094	0.7933092074589263	0.3399091806994215	0.5216409269573572	0.5316923905472107	0.9614552838285286	0
2.3587952796308658	7.591508120596764	3.9355813164050275	2.69004236220931	0.8372908136400055	0.9849208709149798	4.648109936479348	3.505725551015885	1
0.39408729221618966	5.557248436650069	1.1387300352639989	0.9600396388041696	0.5012721341609175	0.9812166779529907	0.7942134892947482	1.3598477111049072	0
1.3832397003906618	6.385874606053011	3.0605973038816345	2.0948595706581914	0.8647868890070396	0.938130498478611	1.2333762546951779	2.1924018555749925	1
0.10167172041063136	4.956036894738838	0.2936020149627712	0.39786966898633325	0.4403559480545744	0.8072791146048579	0.31739862923971385	0.8530526980695677	0
0.5154310027099787	5.4331082781454185	1.3029127521808397	0.502864014095297	0.2951143842690768	0.4685588360344926	2.3095408455600515	1.008869913167248	1
0.1970377406296351	4.390634480638913	1.4389342484440701	0.9151300585534033	0.28188781813544866	1.1001444476461861	0.15084808941706893	0.3571498311619437	0
2.0468666957476573	6.295318398590877	2.188060492865896	1.3605662125471594	0.353631316801274	0.38645216892623374	3.115783845246763	1.9556199983784257	1
0.06302644102041302	4.502883829147183	0.6149423662585544	0.7582792754977274	0.17988525809360467	0.7255175605903962	0.26854512354257215	1.1500339081549757	0
1.1413205031564795	6.770471712893721	2.2587690374096105	2.8589269560527035	1.1311117467586964	2.3168528231250547	0.7253239122551665	2.3026450911941176	1
0.6360317069745214	5.383508796772102	0.9198444100734526	1.724301134023531	0.8890839614359387	1.8034574469738645	1.2469748208704787	1.5215461480171633	0
1.8205898508959322	6.914052310994828	2.476681247057231	2.112864228718146	0.1685014981930915	0.40927783043608135	3.6036292526166243	2.6947285269857195	1
0.9256864535145174	5.592718689192714	1.0846823831346117	1.279822116609374	0.22843353464729882	0.426678504507362	1.174554292243267	1.4013307459460038	0
0.36855904741218437	3.8318059492234546	1.6950282802682832	1.1406815050836805	0.4334174426776921	0.9493385859203555	0.39826592271479194	0.6334077918090777	1
0.3526970425695087	5.2889188384237364	0.9624106674877083	0.9772353025015099	0.309790862039759	1.1765604967155985	0.4699223759447756	1.2646915393606417	0
0.7711262218765339	4.986445055295038	0.8789626266081558	0.927982120463739	0.3546278500711059	0.6447759286345256	2.7741624832280727	0.5039037225870202	1
1.0404887033176016	6.3606212438588745	2.5243356745762395	1.4177203511197434	0.3233435745058427	1.1696918703490617	2.3203464225726878	1.4837839823971477	0
0.36241841856579815	4.638962731722841	0.8581106198076925	1.0370205326614688	0.32492727788168374	0.662827138648991	0.42295132911543964	1.002174807031104	1
0.9378956556265393	5.560427752637294	1.9966440012699835	1.1774542757651272	0.21776913497675487	0.34160902072636534	1.7709273121479123	1.015049503897419	0
1.087719847501686	5.736533587052533	1.5111633431657598	1.6666118817086182	0.3243490468189023	0.8158514205353968	0.8505354708086882	0.9149298062348136	1
0.09474274611700345	3.936789761611277	0.4890829558073087	0.6780284665948816	0.2774271702214595	1.212298053071926	0.10646590449041898	0.4983116495856273	0
3.2295902201854028	7.634051024461045	3.9127907106670543	2.236755071562218	0.5325147058809769	0.6958435421076878	5.034852997186993	2.4054304482862037	1
0.6609132032262238	5.749672246274504	0.6368413443488504	2.457081427361604	1.4225057430824626	3.049888964505946	0.07396303307913311	1.4835344955449448	0
0.8036146335859163	4.942268655056257	1.2502455166566147	0.7482980250247934	0.15554970074096555	0.6509335932233944	0.9482931479996493	0.863859948686182	1
1.0156653678471834	6.035505594912269	2.503720226042908	2.407737587016872	0.7509914702443832	1.3271545738907666	1.0547648888878334	1.811333312185159	0
1.1722034606369511	6.367154749625955	3.119537141528869	2.8204439256600726	1.4064645679092738	2.2520073320250744	1.9870658021910554	2.9554413879704122	1
0.21775304862521938	4.254058310876529	0.5469299475568112	1.0054364961045674	0.29507716125482736	0.8767595705368227	0.2207807621250213	0.8326482193375029	0
4.033796291657501	7.7251904696790445	3.770940892010547	2.346391429931255	0.44233691088401533	0.6387543507293998	5.10221062925527	3.3938571748030677	1
1.105157488704113	5.647360260343102	1.9379931780954611	1.864250658902598	0.4414112348816335	0.8084382248946798	1.0665710744566461	1.1930432942332094	0
1.5040551743071346	7.757129710374012	2.9929885128829277	2.442329643913626	1.216069345273169	2.1057060888651056	1.5789580861801253	4.116855935850859	1
2.8453104661658264	7.674379010963112	2.997959790794342	2.8537769274266096	1.1381214217628222	1.6787587301408116	5.22569452181568	4.138556006063629	0
0.8503218549319439	5.992365890775706	1.1982162672135563	1.4984840051084198	0.32274270213694156	0.7348647739118138	1.2703502585890647	1.5112516005242744	1
0.22684070839844447	4.709147245111085	0.897107912457381	0.6110419306411019	0.1443946729491064	0.35934437782762874	0.32753960202520627	1.22345184986342	0
1.1302401463484213	4.933521681321667	1.4898657772932555	0.6473231131730716	0.09832381605569762	0.21477261256444743	1.5954809658048956	1.1116930282066402	1
0.1416037235153957	4.682853188669476	1.3714091236204446	1.1691639446190545	0.5477629627727992	1.7006853048286599	0.20075069226232187	0.7400307664587957	0
1.1854625415668392	6.552426285987769	2.343304682271063	2.716752228396111	1.3104656786236573	1.861207792536633	1.8115947757288258	2.8866147090184526	1
2.7936589281715474	7.028716902017414	3.5120975252092568	2.274288493838932	0.7521233856602426	0.5729437180323447	2.0416747710396925	2.651931246836924	0
0.9726710653102627	5.3116643973263775	2.1836664127373684	1.633759724579166	0.5056060253318263	0.7809290939434786	1.0870119306017887	1.9530418011207427	1
1.3317589747218659	6.483237923971992	2.9285823456599167	1.945109828884544	0.9617228832719896	2.2174192846217387	0.6225530277060201	1.5960689446951462	0
2.0369906170062695	6.98127958798051	2.4823784565991667	2.142322439719037	0.4506997525527936	0.49912544281775406	2.5858072347237333	2.6778658699248945	1
1.9106086030664362	5.808489877082004	2.4360577338927194	1.6935400617215952	0.36786707769284593	0.8753437295407489	1.798072831284647	1.9443661004827464	0
1.1100466662937727	6.421215030425086	2.3368125915432727	2.9404203891229037	1.2631658136387398	2.078416016008096	0.5202451206824444	2.065444032035982	1
0.8077696713966428	5.6674866797559575	1.481422706211468	1.2748039850865276	0.4329894798390837	0.5855786735266927	1.978805957045088	1.7449997423250292	0
1.8402956328881204	6.947681320256124	3.5641293924967528	2.4990560728924196	0.45890476407947195	1.1017739520056884	1.9955842761558646	2.5573048277429997	1
0.29144498381230877	4.937550490634573	1.2264776596660054	0.8774667400165729	0.2605703486699847	0.915930667058599	0.12466596055578867	0.9150499624380222	0
1.0810930524491718	5.5902837482263585	2.1945320668921724	1.8556884296212184	0.6906440503418269	1.4770030612453526	0.7765687886990179	1.7553547873342552	1
0.5674875810584452	6.461358639104732	2.5039001262805343	1.9068128568567813	0.48482450545528805	0.9963580546293533	0.6974877466583655	2.887266942942686	0
2.7326517526360803	7.253987163496914	3.5438565722329125	1.9827241221780296	0.5300633856733984	0.5958540359798777	5.044558667756058	2.9511950527862547	1
0.6282726029617266	6.52084878941791	2.5116946265443834	2.3378074387038064	1.424529011349806	1.7307879122365715	0.47070962996856536	2.366404605707	0
1.050961475192104	5.843169854137813	1.5866195423534202	1.76442253015276	0.6656783428203187	0.9170504432203971	0.6815754860067443	1.6584185346557223	1
0.30863844569177695	5.026743523802432	1.5434049418296625	1.0467223250808206	0.38859019088331953	1.3632048378948585	0.21956917082062116	0.955549905826272	0
0.14122174590852885	3.586206989075397	0.5992979330741274	0.6913004764510688	0.15913822133829728	0.9669077976706814	0.040793514114692155	0.3019029743917175	1
2.3887994858094768	7.188296113382544	4.049075192774565	2.7332825054311667	0.9332265085803574	1.041371518495795	3.112612679740713	3.051866830097561	0
1.9038969691649053	6.492718356874261	2.3606464324073158	1.3166494914140014	0.30405972356032146	0.9333838093003325	0.8469835252748126	1.8730321893567912	1
1.1431394107181871	6.523551733406396	1.3834402921369842	2.2490682757792193	2.100126132872669	1.9445806942932538	0.8781318547733836	2.3246107377510166	0
2.482637410343957	6.719474159217312	3.2753053064348934	2.0976006622957457	0.4420541563387799	0.6813680785236494	2.6917378756099053	1.913150801958409	1
0.042493237215878166	4.482006575968375	0.5663473656554612	0.9825278096473077	0.2636634201991111	0.6703850783347329	0.1338750835560276	0.674815171374668	0
0.7811580578826587	5.501422686813682	1.5941415168081086	2.641981621132505	1.7198695481997297	2.0797539928618813	0.11189909249740881	2.051903321686363	1
1.6965509509226915	7.676385974488601	2.414403710150397	2.0731719286662407	1.1989703127031446	1.7399397204982585	4.694192456442204	4.051186507904298	0
0.6829301641493449	6.2442144723477195	2.1167734529385926	1.4794203391093743	0.417821782317536	0.7395058195379622	1.2923407607454627	1.8043465847335265	1
0.67212781333587	6.225676615752964	1.0586926646668653	2.6565112625115046	1.5135215489375602	2.190658624121907	0.5613457193123433	2.585581203455112	0
0.9887602195879249	6.382355296672784	2.1685392823649807	1.4523863624819793	0.8403595602403319	2.8128005306343415	0.7173518692567629	1.6938893489035494	1
0.23675450065325512	5.15446951319584	1.8584675102545065	1.9933388426264242	0.4953789355769637	0.8074575267373562	0.40752964215704335	1.3362897097593565	0
0.8748435419599817	6.248374154252059	2.4583059679908215	1.5215461480171633	0.4394284356534552	1.2914890538459787	0.6787236598942211	1.8343718600319308	1
0.09805187247324976	4.271391119526263	0.4374804375401755	0.6676396109823195	0.3290087396033781	1.0154842707605407	0.11154137473290751	0.48471981308141615	0
1.0630541932673956	6.157196970299737	2.1814226034104345	1.008103895146607	0.18647956694261839	0.6226764318359228	2.7077968356745674	2.430529658321669	1
0.05226981743368125	3.8540484939652204	0.36960992519917657	0.7918153523566466	0.38797979376714486	1.269760544863939	0.015529786208290926	0.435379834056367	0
0.5747295686026035	6.098695437523908	1.4210097482083432	1.579576464399938	0.48002202708922415	1.1845453066598377	4.78698911648661	2.162483592975715	1
4.445192730090965	6.636706634207836	1.9308110144033281	2.678085716582737	0.5461367814801037	0.0	3.735350263992791	2.7523923924529456	0
1.5847352997937285	6.690982640238049	1.909586948341258	1.9302017005878715	0.8307764155479829	1.7046753623209416	1.1367426640293772	2.8375744090088975	1
0.2556726950020568	4.943964011349766	0.987159176706596	1.0400293312358118	0.471870635304776	1.6744950490674044	0.11808521221866929	1.114977642754374	0
1.2069882532863934	5.4772761923611135	1.700393168764211	0.8067883170489936	0.18066184690382858	0.2829132195266498	1.3824620270996657	1.6563024141813838	1
0.33875534263578155	4.347625389206533	1.1893057672825322	1.2235695280724936	0.28032507599821194	0.9066039662846113	0.06969209364082168	0.7561219797213337	0
4.421329075256616	8.243822540284883	1.7361762846510214	2.1528197833593135	0.49189353743904213	1.3627698160729336	6.918922987342404	3.935800077087574	1
0.2696224751957571	5.041472243560812	1.3681049319196803	1.1425972756494995	0.41540223755406225	0.8519868498733352	0.5537931549754188	1.2154467263995636	0
1.1506353167352616	5.699508018839115	2.2311964969063927	1.875610301397999	0.4472146723026271	0.44108318570991023	1.7657747722560613	1.938756047962396	1
0.12158911666533456	4.569864200280604	0.30419989892731236	0.8955981086490659	0.3167431780473598	0.8551809924071783	0.18201317591612576	0.5404504432458249	0
1.9294758425918885	5.90610081201066	0.7714036785257127	1.0005583481927216	0.16268841513427307	0.2783057518232177	4.399688491763646	1.5697819045538146	1
0.49007582804738903	6.549704961078677	2.2647066785546257	1.6180209723645742	1.283375307112049	2.0597489083341	0.5569722969900052	2.3984587503786927	0
1.3688429675061347	6.7070485050913895	2.4781169854285845	1.8918762605628276	0.5829304481009461	0.8250522514398839	2.017020776513266	1.892539510511772	1
2.358927618532079	6.484566530985065	2.6480595449537345	1.5989632441400794	0.36134601746861417	0.4004726665851202	3.4709441910886816	2.322916991965964	0
1.0238887424721732	5.879694646264972	1.7627768343035723	1.5531849708833019	0.2633560801479785	0.5447399753597527	2.3011841120784178	2.230734570881539	1
0.5512148846705588	5.766775740000766	2.388450813970371	1.2810727247067843	0.555940470795552	0.9828272556743992	0.41985441698867204	1.3002734025948408	0
1.547839066215143	5.3915431026810445	0.407675995627545	1.3737662105426203	0.2678491946980608	0.6175342303407939	3.83878972754091	1.463093352089563	1
0.049611731352577106	4.8641826857165436	0.3738712365169857	0.5732425208500795	0.4941534116036024	0.9213180735881804	0.09888559855191993	0.7592625827668056	0
0.5897236765720338	6.413096760434498	3.3069233315566806	2.2417623265482605	0.7932639718947179	0.6189945920263122	1.0889659116163044	2.251954736709201	1
2.885085588466914	7.467370152631427	3.9101973399145735	2.331658340479753	0.5957383000230668	1.4682659764850348	3.134967990540331	2.326194191966219	0
0.6217693243995833	5.003152030860958	1.723159377735798	1.2926977123823062	0.39682791471250073	0.8588734610042044	0.5105815939931476	1.378110968311871	1
0.3095340689438809	5.27679491119504	1.4669983885348532	1.3392813668481378	0.5214391010256016	0.49897973748225266	0.3339333019669209	1.2052519858243163	0
0.3353144237573619	4.853419142730765	1.2188811210590544	0.9749746482099314	0.2967062319663974	0.8954347499947777	0.6012456845862753	1.1686357400362506	1
0.02276196961020362	4.1334450758440155	0.3879051641167501	0.4763024996438296	0.3879051641167501	0.9156505269867319	0.04318112957156725	0.42996257970855173	0
0.07321328632740604	5.397517244386331	1.106051217765108	0.8884672231395565	0.33391181868986103	0.6112210336610946	0.45239958329737473	1.0544862306255545	1
0.36848295417718196	5.218327824127869	1.0232419816433331	1.2028521766572329	0.34813256146091964	1.2647480030403948	0.5866193171501123	1.3603353219497945	0
1.4848039627659577	6.734469060305716	2.5952770947659585	1.7527760612490069	0.4004592664296783	0.7084790445569269	2.19642425716545	2.093874385302101	1
1.1237925871984078	5.955561683798636	2.3267995425021817	1.8306916792298424	0.6377243186016933	1.2948367506310556	0.551376221461459	1.6899297500029349	0
1.6168305196535986	5.878506073264258	1.3856441497783043	1.227679565270568	0.18854382493679928	0.2914076239584561	3.0670664021583174	1.7361410454650428	1
0.528915019613032	5.243828973263946	1.3994573476461716	1.1440954032705217	0.30847685445848433	0.8054485526470904	0.3613947879304453	0.7638851950652871	0
1.5151931648552381	6.4689524429784075	2.065596134857783	1.0800069443425404	0.1750619360646944	0.25699603511941616	2.110019242143974	2.919979102648823	1
2.0014124303597653	5.499366626709166	2.730718000914423	1.8883869628116472	0.5161474377599665	0.8769260083518784	2.533260210723602	1.7455235402208618	0
2.37405888445247	7.155268659090316	3.5715503779023705	2.750732863505848	1.078273517672579	1.695945829375653	3.8268855079926825	3.5210523434704344	1
0.599907356090197	6.014792326297807	1.9131803244323944	1.9584032133027798	0.7050757514252192	2.014769678319252	0.429415982263951	1.665988363724487	0
1.5429347960758213	6.726081232508121	3.060770669733213	2.4889899683506362	1.068118716331768	2.6042070521795124	1.3500970728080028	3.249292511448908	1
0.4067509477286213	5.907763050053661	1.1865315867059931	0.7119198658832289	0.3335751870798392	0.3292677752725989	0.9146093190916169	1.5066296924524183	0
2.1722371990844964	7.484097145759855	3.0367302525880633	2.4890978544064684	0.7517462228628812	1.169101817382454	2.540759118660319	3.3900825063235334	1
0.607093526625328	6.002565206178886	1.7638228505350322	1.428946679574868	0.7957037688850375	1.4668369438350781	0.676479035637162	1.362437024589324	0
3.369235327255449	7.642531664180571	4.028259957624322	2.219323042125035	0.5856343503339763	0.42993005250767724	4.614792740356139	3.7991319843321882	1
0.247906405340033	5.3395730270216175	1.0932646823415144	0.7459293659989148	0.23457397440906805	1.122882047640848	0.25545584078145617	1.6854355266605654	0
1.8961645285828452	6.308822041214591	4.2385603396486005	2.9069720955756444	0.6950952817779611	0.6735463329048844	2.061328486252909	2.3897622895681816	1
0.3652887384606444	6.166896802065533	1.7288551675816584	1.8115784362600216	0.6178092215131533	0.884511065338129	0.40806838331160655	2.027608628039791	0
4.384328982236512	7.899599098327705	1.855516435030806	2.9625580435226824	1.043099578737851	1.4037658420318955	6.4806267543829215	4.4087050790724716	1
0.7192047148792349	5.032130605640862	0.5661657187991552	1.0282613525715871	0.3548452711077983	0.43339799379421934	4.0146842814140875	1.1010094132678312	0
3.142180508424139	7.344846565399612	3.3930307923290948	2.470165193132965	0.7314058926770358	1.1679517667467225	3.560142265193211	3.93538400010147	1
0.0893140571189715	4.467821230018219	1.265509950841506	0.7466405529999453	0.2814954748602346	0.6568099062982705	0.20230390650118565	0.7641646677952255	0
0.625997252665871	5.629368506972673	1.224510455543484	1.2308678677885803	0.3894373470309672	0.4696348112407359	0.8225073858656525	1.7209435083516407	1
0.3691191920962932	5.6548369484187075	1.58095612999845	1.0236013448555952	0.4172487409341962	0.9037322026267592	0.7526888632682612	1.3845678715941896	0
1.3656578862694482	7.195521997851309	4.3161004845577144	2.2110726924879383	0.4116260902216371	0.37297635107143234	2.9152052819672614	3.04664874695343	1
1.0067893546812579	6.114719694525022	2.1744107542705375	2.1544678420411048	0.6150721191335735	1.2311890591191759	0.8527117502312838	1.9718980895934752	0
1.122979645116404	6.257756281267272	2.3421999592280254	1.6041841354855524	0.3778335142736052	1.3102768746959748	0.7114781372446687	1.6105173296536646	1
2.225488042609079	7.037684165366293	3.283445595517501	2.060437095752138	0.6027956861289322	0.9762186404540429	2.055007958038569	2.344264319985534	0
3.2177632061374726	7.923948032002122	4.797667295795551	3.0185548460258413	0.702552808634041	0.9783261227936078	4.3859190493892255	3.6063778926021346	1
1.1317568872604118	6.506688882342206	1.7341833210904591	1.5764807422759919	0.6375181847989838	1.23602364449107	1.7578061920767032	1.8515052736250088	0
1.9018836207349035	6.265535785983711	3.1702736430289833	1.6879533005024658	0.38838676657341326	0.417420029087404	2.0941946770166755	2.1973690113495694	1
0.4668737362368079	5.658153807683779	1.5138296882189524	1.7143383222594701	0.42378951919790964	1.340198065226917	0.5974454240994876	1.6763673231160412	0
1.6007401967309045	6.730815215940592	2.8905606289477936	2.1661236978155602	0.7282729825353194	1.2939597499170947	2.0719132752590443	2.410578140497239	1
0.22901428478593694	5.050802994612866	0.875593729542051	0.8138149402849189	0.31177694545582546	1.70221762056656	1.1957692469752477	1.1965251391907785	0
0.8846349324701438	5.669749879911993	1.0556351958129693	2.567169967005217	1.783744098464923	3.1097080708674203	0.12561010187651286	2.398313367202905	1
0.22941186432696015	4.701868492807251	1.1445093830551138	0.8218921364505075	0.2841784419000789	0.7481560635907446	0.2841784419000789	0.7584198071761413	0
0.8058953402516986	5.3130636043749755	0.9913610979211336	0.9059575277343637	0.20855769298579135	0.3680677982109634	1.0602871743464417	1.4702218210551765	1
0.5387423017601989	4.995539253424101	0.8540748446662273	1.7449648127082034	0.9441004325134223	2.305600541954503	0.2567175826943075	1.5130811851899943	0
2.6768622057793774	7.03149432014909	2.8571711099553494	2.402041211957545	1.250732336728943	2.1516575466203562	1.4733890679708244	2.7302290878236515	1
0.2342496496543138	4.936850961873174	0.8432898389896647	1.174059839376183	0.39420865798579763	0.678378660854767	0.5118710770891736	0.4141010441697041	0
2.6916633334511975	8.150332462335722	3.79157366834721	2.349878900084188	0.5509151901262143	0.392102896737932	2.9303453926610237	4.303851556893401	1
0.37007969743736885	6.052653950581697	2.475563134784848	2.392124106151521	1.519250588368516	2.515936860885779	0.48845117216298417	2.027068717441136	0
0.1099031821072251	4.55525383791155	1.1553391279116565	1.113993390706412	0.2971595192356721	0.7979575449122904	0.2008570417349696	0.7890026662034667	1
0.5573217300241475	5.398901794836821	1.8424525835435732	1.3640231894736599	0.47787878861720967	0.9922883461006202	0.5918063528982694	1.4479067302474131	0
2.3380294539272404	6.236640590661759	4.325950869852044	2.3137129481150964	0.7372119117220459	0.9461989876128198	0.8796267475025636	3.1504856288787395	1
0.4427159335881579	4.921149585744721	1.3523238415487373	0.9628689276347335	0.2481795195854187	0.7196430443639105	0.261510053579385	0.7424134218628634	0
0.9836128751383112	5.340831688274467	1.36952961478716	1.1403938226830648	0.27656298386730394	0.7880936578688991	0.49298135762820705	0.9631743177730056	1
1.4322710473599147	6.571070199711534	2.1910947169606825	1.0551827307407737	0.23605187921492243	0.5286557186633627	2.1070445491058076	1.4863885339051899	0
0.6366667721165012	5.178347879848699	1.1912522399165557	1.0896724470986354	0.3183955476077251	1.3662191966888395	2.1145432062651848	1.6937606783459525	1
1.16358821413046	6.667191497708195	2.380184819016442	2.0883641168502467	0.33435571264945274	0.7620200448463207	1.284150887451187	2.3051817188413115	0
1.853183771215054	6.724534838313093	3.164846158448288	1.781961626747944	0.1429221610112164	0.21077942961043897	2.864461181666895	2.3856570539971225	1
0.42005154030308484	6.491997078284712	2.605773813517224	2.2518600581690733	1.2695638963163975	1.867964051481788	1.0233857424256394	2.7709373594905506	0
1.843149425610351	6.749088567215728	2.7981833669012617	1.9277752731454982	0.6899219852042506	1.2589438275704492	2.2107767745098577	2.8672452793884418	1
1.5386935079083426	5.48549917648687	2.3821907821119592	1.446024465327657	0.27276384701957157	0.6234058147352697	1.6246417461763731	1.3744494867519672	0
2.201935684844116	7.205321912797588	2.981967978778135	1.7920261003454858	0.3468962883485231	0.8375072310667812	2.620085642706759	2.5082161925569575	1
1.6067142065125037	6.770022271924964	2.555326280747199	2.509436647531278	1.0387207314275038	1.6415952772331566	0.5727125074181836	2.140912863767937	0
2.703935078922733	6.666333188359389	3.2521210278608694	2.0410774615117275	0.7503305940873992	1.6585518337123526	2.649672220363366	2.738068444709971	1
0.3949702290155128	4.507369908462178	1.1139605656149092	0.890193132752282	0.27486275498952156	0.9374258044041134	0.10156331540944123	0.4781329962193859	0
0.5913248426070612	5.526737770752543	1.8872363018117007	1.1161574678838586	0.26198727033721	0.5101734111215562	1.7993307347243732	1.6707211408509988	1
1.4103770316358477	6.478509642208569	3.588102860657609	2.3402180078008965	0.975653381267662	1.5327944208737683	1.756028659272256	2.649339995620877	0
2.6228190567395493	7.359662017834998	2.7970678974198626	2.6386000822364646	0.5730057410541824	0.3392612009848596	4.2624812657701066	2.951513892838402	1
0.1734742007736792	5.271362835247215	1.2447883988257111	0.955280649165351	0.2983920157164755	0.4845535144271281	0.7603384301002687	0.9798662895111645	0
1.8223694986718932	6.403588270683476	2.9078241309538853	1.2342789000896432	0.2921097557789327	0.6633784562863128	3.0332688770827168	2.516211499616413	1
0.15670455875763922	5.01415841394804	0.6906440503418269	0.7626732432085556	0.315832115868127	0.7054709302487772	0.2321905039470893	1.061740813892205	0
0.5584207884936337	4.2816412226387985	0.8897003196006243	1.402020061581373	0.3288144188079226	0.7376902433106169	0.16925320328982807	0.5391914817226583	1
1.093532742924811	6.355353209502481	1.4831941858598499	2.6624320009317093	1.2484393493962038	1.3903610807946518	0.8248331213853203	2.1799088551265315	0
3.1055010584994815	6.955463715437907	3.677290055723175	3.1577618333299338	1.0597675048445425	2.1139758098149026	1.4432652573795168	2.6790538406606186	1
2.8457404337505707	7.256141475972281	4.1249141802780045	2.326975220816122	0.7723279784343866	1.2219797026183938	5.503618280530218	2.69985000453687	0
3.5858966649781805	7.977016199892682	4.454978492356166	3.580536718276904	1.1786857650990523	1.4270043493676774	4.094899408266562	2.594635112062512	1
0.1180763259759059	3.957609949523514	0.5039399719828676	1.0156653678471834	0.31597065082472836	1.1398182094792337	0.08631438414654138	0.45632931044888847	0
2.2695038943919217	7.317521125641994	3.5544161988688483	2.4560355277069106	0.5850997249766594	0.6749017402185951	2.978504727887365	3.1918334537563173	1
0.1186804106727342	4.444000933501687	0.5236687960187222	0.855351060434799	0.48115373513042103	1.5665304114228238	0.1649380011830739	0.4630167779461691	0
0.3551187336714259	4.9606926660954205	1.3060599684092846	0.9360933591703348	0.22396721201258674	0.6198665583655306	1.178439588527664	1.255701503910885	1
0.9123228703127695	6.30637163267158	2.7079168588791975	2.1683677508742374	0.796831291836827	1.0051437453431542	0.9612258558679017	2.082524285139741	0
2.8646436093234335	7.0117311664846795	2.4987684627254723	1.9818562758287823	0.5801576377376279	0.5508690753002896	4.285234857846536	2.4190428063542453	1
1.4214442999026906	6.817833744315637	2.361269009329822	2.5875610071000956	0.8222437538943552	0.7887300504536751	1.724639842122784	2.3365999715813235	0
1.7104951823970915	7.588504015503697	2.3454338322788857	2.467082064875448	1.0120371801359194	1.5481793397132475	2.1177363455421467	3.226157250826392	1
0.18637167730531323	4.415218392839072	0.6684394428551899	0.776982686472178	0.2947942210575619	1.0458793620159064	0.17239747559626137	0.9790777199729198	0
0.41387630130103914	5.955521775628884	1.4686804747178384	2.0395175813061837	1.1080344272470144	2.021971314525286	0.21029333986870322	2.399648280836089	1
3.3400947289404845	7.881086655539503	4.172112376594597	2.818141508895865	1.1301755531242281	1.10489252662526	3.6221518720632266	3.9827815172543954	0
1.9413282395502016	6.767264295921387	1.9223197859076235	2.1999874238251476	0.3705699595302501	0.7699693231612298	2.8232164827087565	2.6884187591529827	1
1.7231058259110068	5.2711994778516935	2.4280981747123396	1.3750817339057875	0.1446716093420489	0.22659359307005786	2.1539342612373535	1.3168906909810114	0
3.7952891691695276	6.654351984824907	4.401189351388598	2.4677011470423333	0.7474459539673242	0.27812403963967314	1.900045700802085	2.9699476899802573	1
1.622452849511595	7.21468769389596	3.1557783981883656	2.8540074059009406	1.6502727068724363	2.163575867256626	1.5026986689899933	3.3677681322273125	0
1.2154170682101941	5.375557072557206	1.1811135101798533	0.8502363958027206	0.17468413244252118	0.5285496216198342	2.2001868521313326	0.703790340658425	1
2.4491067456568127	7.81014037408357	3.8457122481407247	2.039244351928423	0.4783437535207369	0.46007323569381814	3.1568046573087716	3.8206092247918306	0
2.9819882557617317	7.45085700008839	3.590643498398406	2.577303499053968	0.8674785674627196	0.6399468056919643	3.102548728817189	2.632794904356604	1
2.31603424631805	5.851415676072732	3.46912702145189	1.5278807251817614	0.9113987857937272	2.0366253726145804	3.2710659170124083	1.7461691799937584	0
0.10003536216227427	4.262050101309414	0.7124594915923183	1.0593169060604675	0.25413045954038743	0.9586986681237323	0.04230441519157637	0.9122425490275857	1
0.465198352373488	4.8299979182730075	0.9439058989071285	1.9087866637529294	0.9926960630765604	1.8666504680696812	0.08216783261050614	1.1075059558382294	0
2.5777061046009297	6.4232446908036644	1.892660054163788	1.4433833281040176	0.3882646921214098	0.7605254158898935	5.4510088393933	2.0715353701087387	1
0.9272702359171632	6.23116310496107	1.5216989981260935	1.943764992708925	1.0274384692135847	2.1714622261127796	0.49136141919837883	1.7294584430306756	0
0.4550866726002932	5.954546899861289	2.2344454288507407	2.5217447190059454	1.2999736546533633	2.503303060066149	0.1799520851452201	2.6113997902560193	1
0.06130392045262887	4.089718880232008	0.6999738259022227	0.6159421096509738	0.398051024924726	1.1936800148405038	0.08481070729138038	0.1485579266411456	0
0.22587581527918618	5.314827324049849	1.9921392132770392	0.7494802539001061	0.16484472274262174	0.40721690614693556	3.0957993034045947	1.0167150847010353	1
1.1365822199197384	5.890258722091235	3.2498006839203883	1.9489911122957708	0.4072235611230276	0.7254207411102409	1.3700125285456077	1.8224988041400785	0
2.4509619937350626	6.9728307809197085	2.2373423239321086	1.7812039552885384	0.3020582383962881	0.5475489903744223	4.532872574142818	2.8932675610081904	1
0.18570748473147575	4.598227138721373	0.8030324440891882	1.958798169157492	0.8872737828036625	2.0657735589144157	0.0971630077126326	1.385869270781794	0
3.5367766759039783	7.443950066913667	4.29706905628622	3.1623012405666153	0.6849587466543781	0.10046957448082477	2.476008848164889	2.8651679035328743	1
1.6289659922416457	6.467970428320398	2.946715333672891	2.2083513336412994	1.147561170399973	2.2539199210127645	0.609221945622184	2.050257294283867	0
2.485348218948654	6.948318936136168	3.3968445886556538	2.2831168097986474	0.7742201265864244	0.6517781614490167	1.9959376426549615	2.238665047227814	1
0.6471294197263716	6.417681178573256	1.7747997969030214	2.58325010335043	1.4601255092470913	1.9891885527022737	0.44544835097457464	2.7170760123095223	0
1.361694244251658	7.227901540598863	3.109168095978751	2.4158334179293837	1.0478451716144563	2.428362752976133	0.9557037342309902	3.210335459546299	1
1.465913902348058	5.962396639358018	2.299680879846656	1.5805856605270714	0.6693871329956066	1.7752912765207476	0.4653302258881397	1.9158632277030165	0
0.48487376866245596	6.676943652985751	1.7421314541595658	2.278835285822938	1.6859358834068254	2.4503755896686217	2.6846519171736505	2.601162594107788	1
2.6977169969624186	7.090113751761355	3.183057955469403	2.0017232138745262	0.41396884859938515	0.8334741806512233	3.0015751705372495	2.348284772245036	0
0.8623412814463992	6.3698521802675385	1.3137505496441784	2.317266787530028	1.581778904440126	2.9616841594144185	0.24467801145514823	2.189987340490564	1
0.3787651488114644	5.3016672494199195	1.9593903106120059	1.1302724413959786	0.2858554051103734	0.8450954368320035	1.8936840889499804	1.569011672925832	0
0.7002220942319071	5.922144211296155	2.70201871487045	1.7693434299437227	0.9168905519461227	1.7024545550006205	0.7941230978999475	2.0569147070982248	1
0.6051953614932588	5.306434830607804	2.34985028546116	0.9504602476442514	0.2569805675741927	0.5315689849038904	1.4488700196023714	1.4454826577974125	0
1.299701078534795	6.195411007751698	2.2568657091489213	1.718686858338729	0.5110555973200457	1.1911306963126382	1.203062390024574	2.190882285231528	1
1.3882923637825637	5.425120047078415	1.8363662922401653	1.2682144063874008	0.29757547099126624	0.43121732172466354	1.7360000763018137	1.8529329599962077	0
0.023169502026642384	4.294136235093434	1.1284299570772918	0.8633961561196307	0.35529399086180075	0.9486417487584813	0.11082555508888461	0.7571074095188223	1
0.3261621267696277	5.342443815340515	1.212298053071926	0.736829081646068	0.1763202515981109	0.8889606442021989	0.2341705300967091	0.8792117236327343	0
2.6146475341712048	7.018409140134466	3.877404645182437	2.2819741390899213	0.7848599884831448	1.228616635238696	2.873598537310334	3.3830605661308186	1
1.0561222370471575	5.50976073691401	1.5810795893290457	1.3334208715128224	0.271636528470813	0.7979575449122904	0.7196430443639105	1.3340795896711515	0
0.6536420269573147	5.184173388980601	1.3581520551736102	1.984540028359987	0.23988266731848626	0.5494846407359643	0.7650491498490232	2.142639320674209	1
0.18706860504386558	5.338149431249411	1.6679143461929533	1.382436930792586	0.3655662984327274	1.2859490261710156	0.2085495754108356	0.49670641520510717	0
0.4607862796961259	4.862812550581756	0.9249729322569888	0.9601544955205426	0.2991782375902073	1.0243196840862545	0.42156808968956194	1.2956856122491356	1
0.21951296871784481	4.559106352000812	0.5563361300177097	0.8965777005641351	0.2536106787675553	0.848996417022785	0.17105836451524395	1.0347846259219442	0
3.341089917763176	7.381967975164403	3.5034681288979015	2.1574899543761337	0.6425431222788208	1.2424239907001886	4.684008168271323	2.458468556398626	1
0.9244572945405486	5.773056639909685	1.9263777709528163	2.093085537595074	1.028046752620837	1.5475199546191107	0.63303086703296	1.4904516531944612	0
0.6162877342628865	5.668416402818335	1.133013715385442	2.3423729529814605	1.5387579042463597	2.533260210723602	0.1254425156905146	2.0794540416017115	1
0.602450840608096	5.036169828593658	1.8531210743075586	0.902070096234183	0.2320081444525919	0.4019723488532701	1.1423739581069785	1.4736869154522054	0
1.6505414673125176	7.386876342814274	2.915172765695574	1.5168400509665338	0.19471938512965056	0.30621919345019216	2.7648022360851585	3.4046381221863213	1
0.31246492487285543	4.754295115002916	1.3343692882549711	0.9578548509518475	0.23809521600732075	0.8797097316111543	0.037998813091211246	0.7388373064770608	0
1.5991653296633601	6.255855218563743	0.8930630457548512	1.2092289664716396	0.1775518665516047	0.5667786447451105	4.871168608128634	1.7705698805454515	1
0.18453577027965323	4.383584171084059	0.515353358089368	0.8831888603690381	0.24732871810256474	0.7396012849318295	0.2773135041495228	0.8026740050871876	0
3.106007193720053	7.797381819982121	3.322756446022139	2.305052047557833	0.5198468102268795	0.7502361475440723	5.07916521399321	3.2750065997569564	1
0.4227089088426761	6.685581257521931	2.03443110034981	2.2509970183209504	1.537039247812316	2.901514996314032	0.7032460152373596	2.929159685103425	0
2.5033685093756826	7.221774610850968	3.049538408112518	2.2841155767103842	0.5396929248397803	0.9175699133725354	2.618293240262531	3.0785603293107453	1
0.3707425298271886	5.0902477553809335	1.0623977192004577	0.5532009712086701	0.10229482121508582	0.2924531726306369	0.387755888105128	1.4612858714102421	0
0.12393297484268531	4.9410272334192324	2.8142943262621527	1.3819850895317922	0.571928248967661	1.8621713334684205	0.24050398319107225	0.8668483550602886	1
0.17620287578577742	5.556967820272622	1.157132737480118	1.1782241343031583	0.22632249312022557	0.4533977618634672	0.5335768408719603	1.526425800440036	0
0.04583437154378591	4.078704559171824	0.244027946229933	0.6948457371955268	0.3014074470702573	0.5617677565035055	0.060132265334754596	0.28516390452661167	1
0.4104791832638665	5.6434880899721485	1.9365089531142528	1.2138736290031984	0.36907079691506106	0.995508483980784	0.7877753096387278	1.7626224113731763	0
0.24885808059419878	4.056183953626036	0.5192163231845097	1.2280603558549963	0.38880035253908235	0.9674020096976959	0.10938341294471861	1.215950781085343	1
2.761679431731745	7.449650233469796	2.4787292757068466	2.0690123461892966	0.37043188184752657	0.0	4.278931606416022	3.4818645097293097	0
1.0952064955332768	6.539322047964738	2.1721004827820036	2.586778587427466	1.2955487478131456	2.2794802192789487	0.9776115818557389	2.7509819684857226	1
0.7022555729239363	4.920485907792319	2.0993789638123523	1.7841136476191657	0.3829127036376529	0.4791244081950548	0.6855886869820659	1.3220757887932395	0
0.4386484018983972	4.762841233471986	1.2990465925556105	0.8061633170286486	0.29353491112701613	0.891670116691908	1.5824777308513172	1.05347544299658	1
0.05047541001129067	4.392367978180548	0.5872754231292002	0.6860772473755808	0.43339151074900345	1.4228914432535773	0.16557375875198937	0.6325316212024463	0
2.8152829630127094	7.831052130582221	2.93782769905246	2.667818310214331	0.5161593739965907	1.316542272929432	5.23537117697739	2.5700670091454616	1
