0.07237647397557366	4.474056439928064	0.34331307038573794	0.7087744364456445	0.3791758882851944	1.2771489138590926	0.09797934169296821	0.7450752734203047	0
1.002835333274341	7.382597184868122	2.669385599956645	2.5807697070304543	1.404944363614936	2.5878692928458253	1.0533359437984742	3.2109484863854205	1
0.0924706977426028	4.4110391712346395	0.8898646176376324	0.6385009027799154	0.4561265362436073	1.3282679235975425	1.1878434223960523	0.9407101364148986	0
1.6674048881886325	7.330109820907557	2.114579412131746	2.6151817046281822	1.1930736234569355	1.6910547651064227	3.2384352853468243	3.418087274330423	1
0.18708519264297677	4.863274621020947	0.917010472798504	0.7023051183447108	0.17420537619169696	0.46681103834657134	0.20120055506175702	1.4037658420318955	0
3.65765964816919	7.901994120235794	2.756020982049831	2.2858457689897476	0.4187037558891752	0.3335393685365754	5.2162978729867495	3.6626766392419383	1
2.015622761466614	6.467043076430465	2.836443415870609	1.7504686148101742	0.27916086990809935	0.40045256628462006	2.1315713610827522	2.022447820159716	0
0.5584207884936337	4.2816412226387985	0.8897003196006243	1.402020061581373	0.3288144188079226	0.7376902433106169	0.16925320328982807	0.5391914817226583	1
1.3814828041226686	6.187920532234498	2.521608166788567	1.7617125478757583	0.5208749596189921	0.5394947099392007	1.752983990276648	2.0561729147404817	0
2.353202158790572	6.373826998808619	1.957866952158982	1.369961706498993	0.3453187052601422	0.4694347174461023	4.611149275553837	2.101704375478807	1
0.1304052613640054	4.889126576698813	1.0701785200055622	0.9962472819900818	0.34755346948917126	0.6049660287413527	0.06412062132960893	0.8206164858057496	0
0.10003536216227427	4.262050101309414	0.7124594915923183	1.0593169060604675	0.25413045954038743	0.9586986681237323	0.04230441519157637	0.9122425490275857	1
0.408493850168174	6.1756838853084295	2.219540383819634	2.677013507316752	1.451965053609536	2.1908263746437253	0.5305458947298044	2.315580288488857	0
0.8036146335859163	6.067052423662791	1.654545112332865	1.780749076708003	0.4368087243880946	1.024535085271794	1.4780755942372732	1.5514909524792508	1
0.0455707015424588	4.491963413249449	0.9919917202178372	0.8217162813546529	0.48981851136878535	1.3143686215483017	0.14221978895929333	0.6163687227544662	0
1.5775137148494562	7.730530795139632	3.1383770131950475	2.5072224562714154	1.2484680442124871	2.163265552744634	2.7268981244475543	3.812012596834529	1
2.49706576061181	6.496048934816239	1.9410268164000573	1.055321972569244	0.18066184690382858	0.13082648766528512	2.6782917789379344	2.099648498988324	0
2.0777025304759795	5.974888673238983	1.4729306677794374	1.4637413952534	0.25732079831577537	0.491862963598629	3.9068657295130382	1.543533125046382	1
2.7214269981438486	7.228082817063717	3.577945100106664	1.8990730763604213	0.40846061708796283	0.40846061708796283	4.318490277868509	2.2861507865306208	0
2.6146475341712048	7.018409140134466	3.877404645182437	2.2819741390899213	0.7848599884831448	1.228616635238696	2.873598537310334	3.3830605661308186	1
1.2762841635367137	5.2983943635836885	2.7202224840327665	1.9768134007949205	0.5635508923888715	0.7052239617853947	0.7132928862529031	1.6767413576437884	0
3.0710252575894224	7.645226379158745	4.401986112413486	2.847122050345404	0.6873302952383804	1.060217900680798	2.4106140452061453	3.1636294642418297	1
0.3174714306375328	4.620981525347798	0.9309428632064695	0.7695525117623508	0.3618057587677489	0.8516028662519182	0.22597952613341776	0.7560280785991463	0
0.9444504976680113	6.460293736969691	1.9570478934657694	2.825501329831731	1.6643994705080747	2.274226769888991	0.5251603883330089	2.755550645051063	1
1.1237925871984078	5.955561683798636	2.3267995425021817	1.8306916792298424	0.6377243186016933	1.2948367506310556	0.551376221461459	1.6899297500029349	0
0.859931998204771	6.192835996984397	2.2611274798443954	2.0100110744618367	0.8809536675844696	2.303584593327129	0.6699194944406412	1.9495890877396467	1
1.5237928743055242	4.943633296646626	0.6726536146206269	1.1052899434213501	0.32919582765043676	0.8245701019203636	3.3687981492154777	1.7281272039831994	0
3.921311731330403	7.292844739649433	3.832763324442514	2.3809525520680586	0.4952997182441699	0.4323277222647343	4.091358441531566	4.209795992910083	1
0.05524831298046546	4.559272833601054	0.8931449223668426	0.9441393346938943	0.5464263310588051	1.6655535605605878	0.09734447286274876	0.736110879992061	0
0.7914075497274649	6.0196471601169215	1.7500169122312639	1.274943718196515	0.27071392422162643	0.810619056700116	1.6040634960966456	1.867284294314301	1
0.30863844569177695	5.026743523802432	1.5434049418296625	1.0467223250808206	0.38859019088331953	1.3632048378948585	0.21956917082062116	0.955549905826272	0
1.5546226336607873	7.028000348012175	2.4627888445343813	2.1697848615774378	0.6934471355689432	0.6830463383805158	2.385822691564101	2.5760566729767116	1
1.4107430415222006	6.474047628482229	2.0652919060753936	1.7252100386778524	0.3764481590376718	0.8114634073779875	2.981339188266353	2.445862587697668	0
0.1612511261746629	5.170448198942934	1.0425003858679418	0.7232398208671145	0.22633844221072896	0.6010757503394561	0.4618580438593174	0.8378534015592038	1
0.10164462026203057	4.5203669147920635	0.6217639544503561	0.7922229887506329	0.34441914754102326	0.7912715785531442	0.45012612414628317	0.9403197096735162	0
2.1515179873946835	6.946058840911554	2.921267314611144	2.678216227671213	0.8843458852915029	1.4422965512351753	2.217430173538455	2.7567070230486297	1
0.501605246431917	5.794091990136111	0.5715500053121405	1.5963121452151725	0.948525562007513	2.47881312189944	0.435036855249742	2.071799918708489	0
0.6136168416031371	5.997433944748952	1.5057204906024284	0.9179693222527102	0.14366734981241305	0.44544194558379785	1.6272581840040166	2.1779398159243524	1
1.6786094346287306	5.932318394317394	3.014877822276221	1.631864544995657	1.4804447777497287	1.7232843208422248	1.8439407026143997	1.7261003204217806	0
2.6913176562763432	6.346875066999442	2.3438421928422475	1.8729707246528782	0.7617399720255572	1.2069882532863934	1.6415952772331566	2.3764023085964636	1
0.44156557373288713	6.072271424268091	2.4717031999430903	2.8410531207761656	1.497298919162802	2.3218581683376307	0.4958419267518503	2.13940712284727	0
1.2069882532863934	5.4772761923611135	1.700393168764211	0.8067883170489936	0.18066184690382858	0.2829132195266498	1.3824620270996657	1.6563024141813838	1
1.0168597867958507	5.477015282545368	1.6226699812028185	2.2042222585771416	1.0041184422396752	0.995508483980784	0.3428802329165432	1.620358069883091	0
2.004367718626882	6.956258830653559	2.137144251808125	2.691134602325765	1.569344818867656	2.193785336588707	2.434139532734347	3.1209630612788613	1
0.1186804106727342	4.444000933501687	0.5236687960187222	0.855351060434799	0.48115373513042103	1.5665304114228238	0.1649380011830739	0.4630167779461691	0
3.3653214684236583	7.576159716945223	3.002355292862225	2.4430945819735603	0.5750053305373859	0.37897053963669364	4.02997847066214	3.2969806560714483	1
0.06649254828243717	4.8853509437969365	1.3477094458043215	0.8332134244567861	0.32544740012213313	0.5820647704866433	0.23564113022417135	1.077116228323223	0
1.065434612862096	5.995534503587504	0.8068775708869679	1.6439552744596608	0.45148317960835654	0.11131773613195298	1.5676154175802617	1.457917104792858	1
2.102718518584329	6.879474933166802	3.512491260057789	2.6306506638407066	0.7507082910844769	0.6291738330150203	1.7914760957482494	2.6752790447716657	0
1.0930971079799996	8.034658446675667	3.6016998811619767	2.0139425594471403	0.5713071765250066	1.06398633674688	4.490267622784789	3.8704152856399565	1
0.4207805588859389	4.508235186879521	0.8185014817126469	1.0137803531514122	0.2690724832026096	1.002835333274341	0.42639781557739176	0.9901729642648595	0
2.2317977552723343	5.4919278792888155	2.992652536027068	1.8662483212187941	0.4244700317024148	0.6777390831572714	0.6753802797657839	1.3877183467709078	1
0.02827837118898548	3.692702138337602	0.08873954950558131	0.567754011151883	0.398299496323253	1.4617960045196678	0.0299179610372727	0.5867027443390814	0
1.5372327441848628	5.943894575700485	1.4371062896694937	0.8372475245337022	0.14802337474670788	0.4390932890881484	1.7234092483398218	1.7173771004566654	1
0.39804430862460133	5.0613315769745615	0.6236470375754177	1.2741609611746356	0.32495618065996534	0.47508444998822136	0.836944448307712	1.0869444838004279	0
0.22506969510767097	4.679824865812794	1.501095176597068	1.18674525865931	0.24557800642896943	0.7014625121636592	0.25110107218878025	1.3893895660271929	1
0.9941772705312262	6.703334360214964	2.857383582069184	2.6865950090728052	1.0017709372185541	1.5913757696156918	0.44287007122052374	2.283565359156791	0
1.627159945421717	7.0143142262338625	3.2992089519044128	2.7277286376805057	0.8444939330544694	1.2313642109178486	1.0268298155724107	2.5364390822464298	1
0.6401155340081397	5.814797175240601	2.4335607224364124	2.16171253411263	1.354906887878258	2.309739439515504	0.5569321903062209	2.1907816439226586	0
0.14122174590852885	3.586206989075397	0.5992979330741274	0.6913004764510688	0.15913822133829728	0.9669077976706814	0.040793514114692155	0.3019029743917175	1
0.1204904783346231	4.744680792433195	0.996579563102958	0.6639500629026452	0.2822423037014163	0.5786674330349364	0.4927614444930089	0.8495096981838037	0
0.43059339813506065	4.72169643221539	1.7254415881904066	1.2080046654393066	0.29750120658022317	0.6808620261263069	0.7018095536385981	1.272005214717763	1
1.754144133433359	6.463112292803256	3.1072333970296	1.9217930850907654	0.6111667634060653	1.2232164518926405	1.5526135604363396	2.2225998836674474	0
0.6173023162666151	5.462608175340131	1.4967618141458616	1.6059317731048126	0.49720528667088054	1.0478101017377235	3.03894500797681	2.1354437317951205	1
0.05820286820753948	3.320941317896493	0.3624949746553505	0.9958410106321641	0.30859437794495376	0.5005146478882229	0.009619781178138352	0.3798327207344365	0
1.2857555357412778	5.296230690954036	1.6723375914031458	0.9363286256106624	0.15598613720146187	0.331675034137409	1.873830886907928	1.5738314599647825	1
0.4427159335881579	4.921149585744721	1.3523238415487373	0.9628689276347335	0.2481795195854187	0.7196430443639105	0.261510053579385	0.7424134218628634	0
1.9364368472628317	7.180893754165569	3.602779479852453	2.428389206952829	0.43425986449569093	1.1948916955897435	2.094034543982736	2.627830255500738	1
0.4104791832638665	5.6434880899721485	1.9365089531142528	1.2138736290031984	0.36907079691506106	0.995508483980784	0.7877753096387278	1.7626224113731763	0
0.34003018532265755	5.111481033471949	0.7165218518763958	0.8877677929409168	0.23254719810940988	0.7906368018372024	3.39962614792067	0.8587463612095112	1
0.02276196961020362	4.1334450758440155	0.3879051641167501	0.4763024996438296	0.3879051641167501	0.9156505269867319	0.04318112957156725	0.42996257970855173	0
4.467969211533419	8.896907700463666	4.394296056533764	3.0730682443951927	0.9809917398100314	1.2994556964873503	4.239850843809158	4.662779442627595	1
0.7586071520317311	5.687083147140352	1.4053123669556526	1.6340329592894807	0.3461820859443255	0.4780586006830838	0.6699450816020286	1.7724747078161878	0
2.7151913092535764	7.738168114870652	3.6951100038645723	2.6246975772503336	0.5603012672265161	1.305436738159736	2.8109015714862333	3.8791981153236383	1
1.0667431529937148	5.512868508616068	2.508118491781787	2.1583335875959766	0.6521220404070134	1.4721509048795738	0.2875745666732419	1.566885254512847	0
1.0238887424721732	5.879694646264972	1.7627768343035723	1.5531849708833019	0.2633560801479785	0.5447399753597527	2.3011841120784178	2.230734570881539	1
1.1889708354075885	5.901682334897514	2.019611916269999	1.8996567645378513	0.8359913245894258	1.44933958033694	3.8300469300030557	3.0783393826454506	0
0.4142926967108435	4.392309830913299	1.1529426332131572	1.0551479172540255	0.26338681840404604	0.5561641235039723	0.8547556957563583	0.8626789624255059	1
1.0033487744415965	7.143711358182557	2.2247857005396336	2.612405298617832	1.0089792964280724	1.8984890472921192	1.239040675586429	2.469099031804703	0
1.853183771215054	6.724534838313093	3.164846158448288	1.781961626747944	0.1429221610112164	0.21077942961043897	2.864461181666895	2.3856570539971225	1
0.32905911290553863	5.595599089559958	1.2954666201593494	2.170572546338793	1.6565695591663714	2.855371902155897	0.17800391584941785	1.919126065148496	0
0.36433751134074355	4.78175615905718	1.8472099438884062	1.2651431595557403	0.3784843797763899	1.2054916502952058	0.28602820556759756	1.305653557956233	1
1.457893832471792	7.2119658746963005	3.096364629058525	2.692171465264745	1.2422796384805226	1.8493992486744695	1.4260197545929405	2.539071234739332	0
0.5488090333132313	5.01394647275528	1.4795797651758738	1.6575421271082469	0.3599097064486617	0.7848143690857692	0.5180613824105537	1.6309058190493413	1
0.13886588886518114	4.54810553245839	1.1977333795359169	1.0780693874367804	0.4204128321552854	1.029440829806811	0.2912805900140683	1.0072277268662573	0
0.9543569326806114	6.03423927380514	3.1774744958994794	2.168230504493895	0.8134160129508902	1.0927618749899342	0.7530185775973357	2.4304592636716333	1
0.16744477756352397	4.919376363555132	1.159205537443396	0.9543184259708124	0.3239223870880233	0.9612258558679017	0.3816504433421245	1.5209126628446517	0
1.087719847501686	5.736533587052533	1.5111633431657598	1.6666118817086182	0.3243490468189023	0.8158514205353968	0.8505354708086882	0.9149298062348136	1
4.053873200667367	7.302293572965822	3.608620681433371	2.8573778401731524	0.8809951054794305	1.3849434490489343	3.0660975362145546	2.775210282944733	0
1.322582165148289	5.109803476773176	2.022130174966722	1.0660202240674503	0.21512750851913204	0.38929507494552656	2.7885051314925944	1.4559370214483391	1
0.8931039848988195	5.168841738181344	1.1340116070199708	1.4058518603354213	0.32141661018140966	0.5827071191588203	0.31347408048545344	1.174430701944948	0
1.5731473023330624	6.681559449201772	2.7503111598167194	1.321595827180954	0.2316671222550866	0.3213223399957364	2.052699643236831	2.3149483519774443	1
1.0002641656503337	5.666385164759	2.7436232439467663	1.863614906328483	0.46879039357288155	1.1146168628098254	0.7227059828014898	1.8388656766553264	0
1.5693864543077487	5.897697675790236	3.503832185941537	1.9979602998119528	0.6998745013093718	1.406880994728279	0.7672801524011724	1.1275236321625297	1
0.163096262808822	4.582736420281094	0.5326145124324794	0.6269219043171543	0.20073432980108	0.5919889340989991	0.13009800528998886	0.5537989026138579	0
3.659368250739548	7.5807728107802115	2.8964311404795584	2.061175732872943	0.549923252421609	0.3226920096412305	4.671208831376428	4.110436063434519	1
0.36650942649758755	5.0753737952364935	1.5248381705679497	1.2023715229589622	0.2837945257245884	0.8535213116210748	0.5475489903744223	1.4496916062496823	0
1.488535015066438	6.208316749323313	2.7931753558481693	2.036690604612203	0.7247427421496959	1.6896898289911628	1.0589354715152113	1.3641765558662717	1
0.5010722135226866	5.3974271369387985	0.9176498079117861	2.372903751902999	1.827512638933873	2.5040391179371704	0.2761306104720123	1.4776421555791661	0
2.6768622057793774	7.03149432014909	2.8571711099553494	2.402041211957545	1.250732336728943	2.1516575466203562	1.4733890679708244	2.7302290878236515	1
1.0939681881744523	5.587061374946195	2.605722120000687	1.744982277669126	0.5272873824525997	1.5037662372600613	0.8198679333391019	1.3871440000744686	0
3.2177632061374726	7.923948032002122	4.797667295795551	3.0185548460258413	0.702552808634041	0.9783261227936078	4.3859190493892255	3.6063778926021346	1
0.09474274611700345	3.936789761611277	0.4890829558073087	0.6780284665948816	0.2774271702214595	1.212298053071926	0.10646590449041898	0.4983116495856273	0
2.328408773003504	6.452086808610337	4.355398994875341	2.514918423855972	0.4746304091727261	0.6460555730260947	2.6541500029198386	2.3899364121967737	1
2.36398118185912	7.428375261042169	2.8643585514832677	2.289601165435751	0.766815770485146	0.8819063050123243	2.549796671641956	3.0437459458554366	0
0.4355156987870624	6.703552341380267	1.1820338968071822	2.410147183406712	1.1675784931328326	2.7745804873580506	0.49428152170525913	3.0268384217274376	1
0.020484747540436332	4.052212682398775	0.48875791310426203	0.7493857270071347	0.3014592300699101	1.104229814118816	0.14672892086856654	0.7422706225194976	0
1.747128145082461	7.56836098254538	2.617928537637006	1.8777995413204396	0.7860453629266759	1.2325894152718142	2.0412073417623193	2.4239882348185833	1
1.2083930207594276	6.447529926185099	2.265682490943902	2.376745920893735	0.7257111714332081	1.298992032717094	1.1976126211732534	1.9555634060834517	0
1.8402956328881204	6.947681320256124	3.5641293924967528	2.4990560728924196	0.45890476407947195	1.1017739520056884	1.9955842761558646	2.5573048277429997	1
0.6583434979485577	5.719942856105595	1.7714377072047576	1.166302089304666	0.37334128567988983	1.2548750222530551	0.35960265401006736	1.4042079504047693	0
2.8152829630127094	7.831052130582221	2.93782769905246	2.667818310214331	0.5161593739965907	1.316542272929432	5.23537117697739	2.5700670091454616	1
2.354171344465479	7.824769908778956	2.7429861065384413	2.143624530873415	0.8695764116490622	2.4357776782298264	2.3173948846475256	3.5104672458495134	0
0.1904302588960261	4.974256884435334	1.0144332604255037	1.056365668739688	0.2295231582782488	0.4672247717952996	0.2944516073586005	1.9149795491866475	1
1.1516157864904102	5.870781968085703	2.3358747908586874	1.5999732636183148	0.5517045766640867	0.89134208651019	1.356479276040705	1.3491634627816833	0
0.8651237452989107	5.607855471322018	1.3742217798856213	1.2526772505359745	0.3061750189609524	0.6912503827758858	0.36957537441124244	1.0505068899932624	1
2.761742615298984	7.36635747065343	3.822483344110461	2.0778527802665385	0.8011940846430792	0.643767842861871	4.0112998530476895	2.594993478809913	0
0.5154310027099787	5.4331082781454185	1.3029127521808397	0.502864014095297	0.2951143842690768	0.4685588360344926	2.3095408455600515	1.008869913167248	1
0.5573217300241475	5.398901794836821	1.8424525835435732	1.3640231894736599	0.47787878861720967	0.9922883461006202	0.5918063528982694	1.4479067302474131	0
0.20749372917389472	5.675040005790547	1.2080644222291896	0.7290450715569298	0.2842537023011018	0.6197428069765324	0.6653699403938311	1.6492738209312996	1
0.0804078717622451	4.7137034631109795	0.7865464448184951	0.8673105496524365	0.4366148771003804	1.3240997575267728	0.07245181576923695	0.5894186657972433	0
1.0630541932673956	6.157196970299737	2.1814226034104345	1.008103895146607	0.18647956694261839	0.6226764318359228	2.7077968356745674	2.430529658321669	1
4.03041207962829	8.091624075201258	2.817621837531501	2.539489527558292	1.1270053631693275	2.2421979429789505	5.922423370882947	3.919310387838714	0
0.3353144237573619	4.853419142730765	1.2188811210590544	0.9749746482099314	0.2967062319663974	0.8954347499947777	0.6012456845862753	1.1686357400362506	1
0.03512387100561205	3.855668503658398	0.1456057038572955	0.6045563751114182	0.7536306159394559	1.9987194366014733	0.08180484650225513	0.6643309525419049	0
3.3492231537375905	7.359807364119594	3.00350697210789	1.981346237013422	0.6161473386710775	1.360899627099946	4.341869783480084	2.024536469510503	1
0.13033503972693475	4.321203868228096	0.14969505396686053	0.6942965198164668	0.29242331497699836	0.6565091294620421	0.08363961565245633	0.5732312468929204	0
1.1506353167352616	5.699508018839115	2.2311964969063927	1.875610301397999	0.4472146723026271	0.44108318570991023	1.7657747722560613	1.938756047962396	1
1.6292797546476396	5.458447845968466	2.280973230017585	1.649831014993346	0.22170251351780554	0.5937576916766131	1.1838415230289463	1.2039028018758215	0
0.2358307276462144	4.945748979152096	0.8948627844605347	0.7571074095188223	0.3231336721820324	1.212060014508555	0.8970263596926973	0.8028084347694637	1
0.38550726876721847	6.67879697974098	2.141359444494824	2.4856813496305716	1.3214091132128731	2.276826162088319	0.7147129584745059	2.577979480106668	0
3.0897142990244224	8.239038020249984	3.9053145540006926	2.2322591905588585	0.9397728560213585	0.7816615940906841	5.497031740569749	4.339732202482475	1
0.5790485989588336	4.9565254052490655	1.309305319591755	0.6855886869820659	0.20072614847005932	0.6883155268977641	0.29652783309578373	0.8914241041440274	0
2.399657355781526	7.073995809723114	0.46791394738065284	3.0137342610631053	0.7956135121044353	1.5314763709643886	5.204203920372283	2.390421962504285	1
0.5670169034157331	6.340829034656744	2.753151028347306	1.6080769867947589	0.7898200678202062	1.785456312674942	0.6661818623294925	1.5219391439612633	0
0.7084298040911023	4.826004673465117	0.30982754138525676	0.8997547632340556	0.39254871617493753	0.7538659155946511	1.9148321934844519	1.2322395100342451	1
2.8086976275835096	7.6137672520940844	3.5710048517654513	2.5723221117909496	1.0947715892821719	1.4307178624218133	2.9492117817285086	3.3282359314880297	0
1.7104951823970915	7.588504015503697	2.3454338322788857	2.467082064875448	1.0120371801359194	1.5481793397132475	2.1177363455421467	3.226157250826392	1
0.44576856821268346	4.9799148841162655	0.736254561593879	1.156598137866763	0.5958595468818195	1.0975450527076869	0.2555255490523707	0.7721893878998983	0
2.591868382812798	7.278504089806435	2.6302255871944284	1.9730666228001008	0.4597259948346013	0.8096404959957497	3.3877135486701517	2.5375149125588736	1
0.12037522857496863	3.8348071318249826	1.4026843090994925	0.8178396245172636	0.221606370456857	0.5695661187885908	0.1407788164877347	0.7284177946418646	0
1.8402003660615451	6.130861205383723	2.0768882848921186	1.1257409560563623	0.11455115207564333	0.5199657254820632	3.272431757558007	1.736158665213257	1
0.3652332172202856	4.518905075926562	0.6920816130444736	1.1607416601336584	0.3937635781338235	0.7472091386584758	0.15171629053321664	0.8452242834402949	0
2.1372386404060526	6.7808202538382965	2.6019560830906325	2.3970312632859914	0.8452672286207785	0.7034934726140896	3.0546519133024366	2.015929160547149	1
1.8037209776272984	6.038623858349885	2.2485089827953746	0.8111524137508502	0.1597521053676028	0.48175926025658905	2.705674046949274	1.699863454523518	0
0.10298068610854462	4.588854811152843	0.6853921881868782	0.7102992393775109	0.16286686895981925	0.8657129709051838	0.3065872383263774	1.0492819786461685	1
0.46292866057377213	5.426752357048919	1.4541866271628092	1.027510051174961	0.4072102511265545	0.838285946226184	1.6877313988040072	1.5465407102619877	0
1.972371231823287	6.096704580508113	2.4285831814017116	1.8775242361888484	0.3769764663738773	0.6980849695895691	2.2900063107871858	1.7491824633536808	1
0.4912390531278901	4.968230798080761	1.4190277307365262	1.2988829041089212	0.37061137911757885	0.601514231447946	0.4521132973466517	1.5496029787319145	0
2.51072058468098	7.644343916273628	4.145110550941784	2.9984286351017335	1.1777930865425508	1.8488641779222044	3.740890615773109	4.006376363988622	1
0.26670866005411925	5.155583186447302	1.7726955690058286	1.1283976024708018	0.23003177295003077	0.8333438110532289	1.243260822906464	1.5403021735992384	0
0.6879838736030652	5.607562647915189	1.3046232449753328	1.511758929229005	0.6471922433334096	1.5443445707454013	0.5752753909650475	1.7305398787862176	1
0.09765288806461998	4.725022190961721	0.931061110777605	0.7157400292125798	0.3039490449156529	0.6853417976602866	0.46627167415605747	0.577079547758431	0
1.843149425610351	6.749088567215728	2.7981833669012617	1.9277752731454982	0.6899219852042506	1.2589438275704492	2.2107767745098577	2.8672452793884418	1
0.43104188255774456	5.190225903022146	1.2985554468118838	1.4301437683981517	0.562132618059697	0.7132928862529031	0.7198864777495668	1.2369529316205274	0
2.3614953048727654	6.966971568387395	2.9355203790539184	1.9599116686911269	0.9341306500024861	1.9249345483804714	1.508467745077567	3.713747661042817	1
3.0824923689750516	6.886456052339629	3.642379914459885	2.260574892836981	0.9207209041534703	1.032508098065066	3.675155712894126	2.376792345933553	0
1.3399362371417411	7.216383295482578	1.6815725101932995	2.4541467098025826	1.2876887573657685	1.3435695156598937	1.4946105046033493	2.7592691593935683	1
0.3787651488114644	5.3016672494199195	1.9593903106120059	1.1302724413959786	0.2858554051103734	0.8450954368320035	1.8936840889499804	1.569011672925832	0
0.19319555334583294	4.001472408016634	1.0966770840335993	0.7571543105342378	0.2931247342604606	0.7418421020987039	0.7774423720553393	0.5518082453850227	1
1.1725440548222756	7.498599210123979	2.7817342738994837	2.4732388449203184	0.7436026240484385	0.6389127230842527	1.9841001113872196	2.477143259170166	0
2.482637410343957	6.719474159217312	3.2753053064348934	2.0976006622957457	0.4420541563387799	0.6813680785236494	2.6917378756099053	1.913150801958409	1
2.9980695400174775	7.389376660042921	2.4483550380788515	2.379638722436337	0.7221718596005616	1.1182841884655739	4.725284723802007	1.8818286663169226	0
2.012433306641337	7.084982213532116	3.728020837197594	2.6335134190739558	0.8859964592405543	1.1131724399994394	1.7273631602000845	2.9719517448885875	1
2.8666310532087835	6.6094621747957545	2.263345179656442	2.47799112591281	1.283901659364661	1.5121117018045962	4.626338546912054	3.1152027735301577	0
1.8739076511419739	7.805238533833784	3.5123838932000453	2.2027426580201244	0.7279350060456093	1.3543650013257176	3.566369953800486	3.58764375303306	1
0.8817406941147486	5.667330086153886	1.275251062326566	0.9953606588576352	0.2236074436994973	0.6235130320702711	1.3223423346273735	0.9143288085606144	0
2.502001365633136	6.554696787787944	3.8246115484171765	2.6684982330900957	0.9695281352565722	0.9742577076286874	1.4897079828089723	2.8238817041272832	1
0.21591750622247025	5.276423433996633	1.8268530878872573	1.3039719736163924	0.42253197046591895	1.4905868065937748	0.535551406537933	0.7025032754839701	0
2.4293498937855427	7.094122806453547	3.4964378620678365	2.2268481024022906	0.5245569165772876	0.5655694581872167	2.1370970541679983	2.890755017776047	1
2.6710611293172843	7.281816197167825	4.226652706983928	2.7403431262984723	0.46239979321900365	0.7307800953667962	3.6617240613685644	2.9640506697627163	0
0.6217693243995833	5.003152030860958	1.723159377735798	1.2926977123823062	0.39682791471250073	0.8588734610042044	0.5105815939931476	1.378110968311871	1
1.0004480398808784	6.488721379782656	1.772168819463051	1.8329973772442998	0.8939224160121468	2.1164723587600816	1.1964344622876348	1.7396061560074945	0
1.9940198096258406	6.367617041001176	2.551918671798495	2.52862843584587	1.3994326742601182	2.205567456314532	0.9569719164811595	2.430855169134581	1
2.225488042609079	7.037684165366293	3.283445595517501	2.060437095752138	0.6027956861289322	0.9762186404540429	2.055007958038569	2.344264319985534	0
1.692509873437177	6.115383828551614	1.5954201206658964	0.9882392311867392	0.1554983427500789	0.5538046502192618	3.102571195829998	1.7557522539220527	1
0.29144498381230877	4.937550490634573	1.2264776596660054	0.8774667400165729	0.2605703486699847	0.915930667058599	0.12466596055578867	0.9150499624380222	0
1.1780394222994315	6.958574430981949	1.085628361109815	2.274216482193589	1.2668630928741496	2.0738132324209846	0.9894668414073118	2.6628436082641307	1
1.1365822199197384	5.890258722091235	3.2498006839203883	1.9489911122957708	0.4072235611230276	0.7254207411102409	1.3700125285456077	1.8224988041400785	0
0.0893323481177887	4.385623906725456	0.5950546335594982	0.6085256728291992	0.3364793794528457	0.8127507802057776	0.21854901256746667	0.5986661569106286	1
0.7486291900189495	6.282885807574846	2.083172074581003	1.3290359422796088	0.40949696922153506	0.9266370239282993	1.2100940313308721	1.4647820141686319	0
2.080865527330853	6.728139857299413	2.5144816331284034	2.157362769836977	0.6245096030914555	0.8106635139877844	1.0515206811342592	2.7413624680726487	1
0.48646120731337444	5.023899599611644	1.4419892044628524	0.8003410146620605	0.30659459784241555	1.1189703172559895	0.22020323281138884	0.9466647357291373	0
1.5448780577356371	6.18259386808291	1.5691157929554964	1.4040851621284396	0.28016640041011814	0.6111613362185696	1.7079248591487544	2.3943982562664976	1
0.7346729273884436	6.5131974694300245	1.7145363937639306	1.66587495503726	0.5831090753510079	0.5776409260691663	0.2795238847503174	1.888523137660363	0
0.9801665334616281	6.30040296910131	2.3540003799402016	1.8875392357289837	0.209669178312192	0.3608372694307821	0.7877298230458931	2.448061113667178	1
0.7181324332538539	5.929816777053854	2.3336476184458634	1.6981079131465995	0.9148096355923567	1.7425517178812329	1.028046752620837	1.7211402759965195	0
0.23568853294983694	5.064112235922736	0.6002914860405933	1.9707699950481594	0.7272587101887131	1.7239801468067655	0.23067511772955632	1.0509964347264464	1
2.3790274811344405	6.430544782542957	3.2929512250628905	2.4443450380318774	1.263052704261852	1.1761595776804523	3.994553692435796	2.9336015180874844	0
2.184814557259538	6.622977651211053	2.5040145914015017	1.8360633947845795	0.8747601530339826	2.050887734261775	2.5713901096761376	2.8355459156123857	1
2.2799610893560995	6.084454992954216	3.304565328568169	2.08986205900772	0.48686689181933185	0.9904701300484066	2.0737503776845454	1.9225830323224111	0
0.7711262218765339	4.986445055295038	0.8789626266081558	0.927982120463739	0.3546278500711059	0.6447759286345256	2.7741624832280727	0.5039037225870202	1
0.017040974303271658	3.8030225398497244	0.4987429210230092	0.7681618843653911	0.41863796381841184	0.7326563136546578	0.24461537296534186	0.34077013028744013	0
1.1515841734342154	5.046453430172352	2.6884187591529827	1.7836096830876016	0.5798496947662322	0.5447805740159427	0.9259241808423931	1.692049625079043	1
1.0067893546812579	6.114719694525022	2.1744107542705375	2.1544678420411048	0.6150721191335735	1.2311890591191759	0.8527117502312838	1.9718980895934752	0
2.6833680884567137	6.304679854338034	3.5892497084031856	2.1146880218669057	0.34811844125561153	1.2823772477001176	2.54970295019764	1.8699389036240455	1
0.2547352373029999	5.351113780684867	1.6541626812136085	1.34192441338395	0.5479422017016616	1.681516684295651	0.2882344198798507	0.8836848921252404	0
5.223503299013788	8.210486791914049	4.008632340964091	2.7991332774618933	0.7030975114131134	0.6109007965743608	4.869308260938552	4.61095144227495	1
0.11325725418443273	5.0223016434962116	0.707296603664365	0.9028812249642212	0.3792717032255544	0.8015979165647495	0.3390118661732226	0.999896315728952	0
2.573726113425584	7.350937855552612	3.2475410240819653	2.7826689951451646	1.2322686734807833	2.5760262431554843	5.329328026954629	3.8897794414685105	1
1.143490047446195	4.6621354145022895	0.21127337874372232	1.4024137429997738	0.7522176541369335	1.714680421129379	3.219771423699814	1.4157560712695096	0
0.5111035851311508	5.808265004997695	2.3638965377171495	2.2674241279004566	0.8437630488670719	1.8846120862426714	0.36371212479674536	1.394783228515797	1
0.15802886422491008	4.307711140989056	0.9303514155224893	0.766397642299538	0.22572421852625793	0.7555584406813424	0.13647829623566168	0.9097493838307328	0
1.1587662114878567	6.936023540095732	2.5420743228443414	2.805739367055461	1.4004930805197036	2.3117727568530393	1.518221342364528	3.4340355904113027	1
0.5512148846705588	5.766775740000766	2.388450813970371	1.2810727247067843	0.555940470795552	0.9828272556743992	0.41985441698867204	1.3002734025948408	0
1.9588404766057248	6.982248369825278	3.625580164811316	2.191195326767988	0.8246577827621558	1.6063732210612554	2.098275562773547	2.559604328982722	1
0.31147672101749807	4.707849510463104	1.5547071377275958	1.6125331173414028	0.5737553514891418	1.3373929407617184	0.13180865957169388	0.8476263778480045	0
1.5151931648552381	6.4689524429784075	2.065596134857783	1.0800069443425404	0.1750619360646944	0.25699603511941616	2.110019242143974	2.919979102648823	1
0.009040412052093659	3.739776920171789	0.39598699907405405	0.8253589528684497	0.43200317127817145	1.0354239667123517	0.06589073148893458	0.5591642574394411	0
0.829817391934811	5.883488391422121	1.6755252335615218	1.4821725613882242	0.1998012266745998	0.7251302264129961	1.8530583734689143	2.2519442173140662	1
1.6054700508727149	5.507851934294069	2.0600293381583743	1.3838413549588238	0.36974811641458105	1.089975095272446	1.7361939037783463	2.4148864650811905	0
0.6940467758027815	5.866611672682384	1.5695113502279776	2.2876135770639	1.3970859221980894	2.048853459911812	0.536575238508322	2.1183016128865506	1
0.27679047374498567	4.942556290618988	0.7720969835383465	0.9086617047096639	0.15987142795636272	0.9624106674877083	0.15621711470784636	0.9241001587656369	0
0.7811580578826587	5.501422686813682	1.5941415168081086	2.641981621132505	1.7198695481997297	2.0797539928618813	0.11189909249740881	2.051903321686363	1
0.11637760405546112	4.865622624079626	0.4308404144393925	0.8335610842751591	0.44171988876733553	1.1316923919363004	0.17456656442088758	1.2240695060250584	0
0.21915962601189995	4.844989913712832	0.9548573850229718	0.9338948658225121	0.2972783802501422	0.7606656322907681	0.2581167951892737	1.250760965824695	1
2.0970112857898955	5.47372591681236	2.015942480116927	1.2325894152718142	0.3074111676327763	0.7634658394688982	4.306909692142235	1.0388268979320714	0
1.926057234780479	7.337315292634115	3.0322281237918314	1.992043726396182	0.6036162685696558	1.7663561875055191	5.477534108388513	2.7149265050416425	1
2.354560654584388	6.889443130370541	3.35911765208021	2.3749429631837486	0.881699287104536	0.6940967295955335	1.8386907639124872	2.896729283711983	0
0.12983456778023292	4.479981042696079	1.1509200682914544	0.9192862408539536	0.280279742685019	1.0328285481221067	0.1659041930218768	0.753583549363776	1
0.37007969743736885	6.052653950581697	2.475563134784848	2.392124106151521	1.519250588368516	2.515936860885779	0.48845117216298417	2.027068717441136	0
0.34428449842578335	5.371274569678143	1.2607878258801684	0.8871090585105748	0.3413389463832076	0.5999183332795975	0.7439828702624408	1.4322710473599147	1
0.08270285864017508	4.494410677518081	0.44412155953163174	0.9769718226844216	0.5728760521663648	0.6842930986063205	0.16131069988225022	0.7761547195435535	0
0.41387630130103914	5.955521775628884	1.4686804747178384	2.0395175813061837	1.1080344272470144	2.021971314525286	0.21029333986870322	2.399648280836089	1
2.0471507609812742	6.91667963816176	3.2457397370172307	2.1825507751024262	0.670216265269224	1.0727473224730553	2.240964975836507	2.213721091864682	0
2.2695038943919217	7.317521125641994	3.5544161988688483	2.4560355277069106	0.5850997249766594	0.6749017402185951	2.978504727887365	3.1918334537563173	1
0.027638513063954658	3.5402779325225446	0.13929226687749677	0.6952449786420914	0.5129613414964067	1.375940949040399	0.02308449098737037	0.33097860278133845	0
0.28258158706282227	5.55257579035167	1.3650962606037105	1.4051406489162506	0.27268771686742677	0.582355274904912	1.0660202240674503	1.9354123826723693	1
0.059386208239972774	4.506753285320156	0.9763693222896328	0.9794908577602464	0.3208000672269174	0.643883404253989	0.2233835225188169	0.6769314127850908	0
3.1178968075233935	8.080055604024233	3.7113134203209137	3.235205762685408	1.2446731914523117	1.5969401396041198	2.9042637053018545	3.6957731379798022	1
2.2128463637946494	5.808434039067469	1.3647131530862864	0.918528226814347	0.1845440851470518	0.5634085861741189	4.075791853452201	2.5717721828095823	0
1.877493642050683	6.573178365101496	2.2608251587458144	1.3626162337653134	0.21656193994865539	0.2566324845412728	2.3262039585926795	2.6382927516857464	1
0.08861692074751962	4.056575195356091	0.6155477356875094	0.6875817220870638	0.176404083029917	0.8336914255522537	0.0416533288660797	0.7877753096387278	0
3.7398909588024987	7.358785355904039	4.375719285099215	2.8008299092346696	0.391007769269227	1.406709545862483	3.3131818643286772	2.9133393061825563	1
0.09922070554022512	4.29888548595239	0.2775408233748885	0.9078149133931115	0.40437785059119846	1.5713413671672556	0.05852076319827671	0.6230519159466283	0
0.8326047287858181	5.547634579499293	2.762696202215535	1.7058565685605738	0.7495747718585888	1.6844526162395461	0.6059048678157977	1.3983464421440321	1
0.6977864027083703	5.740157797369024	1.692693913484811	1.7018894647990122	0.6386065138987522	0.9208801842079622	0.34839374930234573	1.6511746884141814	0
0.7626266003297486	6.116510697924557	2.807473124093283	2.2925347571405443	1.0669496081592682	2.1072998698082324	1.1199170551619388	1.6528996198446362	1
0.27275623426516277	5.309352257567999	1.634286610403491	1.3536420288446411	0.6230358266618236	1.4683120403295316	0.10211425224176181	1.1741525679134566	0
0.3329374251010812	5.619327826448261	1.1165504337991228	0.8539897056767758	0.1729948647709935	0.49926505717883546	0.8120851046314591	1.7582716250670656	1
0.8893716425228915	5.26350747141884	1.4252987047131207	1.643259460909611	0.783399134536972	1.5365230743665816	0.0	1.163744383605892	0
0.6162877342628865	5.668416402818335	1.133013715385442	2.3423729529814605	1.5387579042463597	2.533260210723602	0.1254425156905146	2.0794540416017115	1
0.5834662341565369	6.0635877473329325	1.2306049981266065	2.5065295148706044	1.2441257750997043	1.8952933175444737	0.45410922986789104	2.2509970183209504	0
1.1314988810023288	7.4686598931669455	3.3480180993906736	2.5504056470206957	1.2648326925826985	1.8161593560515903	2.2492054130908046	3.295592391678472	1
0.05046114824997232	4.886642266290427	0.6265959686518313	0.5598786105373937	0.34492923235368134	1.1118904096139524	0.17195130445276485	0.8339954891473249	0
0.2569032262591971	5.632145037958625	1.4880609262675006	0.8569228200668016	0.3900807060644171	0.9074114272675599	0.8464689455035949	1.2325311062338968	1
1.0271520901173015	6.391899525298234	2.262294207410467	1.589969629238702	0.5020048347401944	0.5721878558340275	0.44318469513517855	2.617833693163632	0
2.7232015048695537	7.147044347136062	2.3566091554382558	2.117146683858485	0.6554920412561319	0.6899520816634045	4.628340665111106	2.44574126843722	1
0.9743331992680241	5.560165728730056	2.2976429004547265	1.7843151623388185	1.0229184442989092	1.73252242594577	0.4093309594000126	1.848659516360867	0
2.0468666957476573	6.295318398590877	2.188060492865896	1.3605662125471594	0.353631316801274	0.38645216892623374	3.115783845246763	1.9556199983784257	1
3.3830266221451804	7.51883699497449	2.1408540882961	2.3942796534080295	1.028797651052415	1.2908291693018243	3.472121719998854	4.273254751356799	0
2.8034452257919544	7.813224711219907	3.393598583786825	2.189371601052032	0.6144880985681025	1.4898432367484495	4.737904010639819	3.173815695461603	1
0.8577289808758901	6.885684603608303	2.4953354140284465	2.1808128610641346	1.241702021135943	2.0064809879128656	1.2388958341151657	2.494526893164991	0
4.00424296085822	8.593615958079022	4.50376517034858	2.6278230319722606	0.7104466776380065	0.1957723545180778	5.588897111688318	4.581045512090005	1
0.3499101139858446	4.790254589270974	1.417187224562261	1.0605642210305797	0.27323572464458457	0.9893553027311601	0.08957558659236467	0.5562787978004278	0
2.083346407757048	6.418315505677036	2.2546125944449495	1.7575302776773947	0.19702952899950343	0.5336824059089182	2.907179709545532	2.4514963567353845	1
2.885085588466914	7.467370152631427	3.9101973399145735	2.331658340479753	0.5957383000230668	1.4682659764850348	3.134967990540331	2.326194191966219	0
0.2687973737302308	4.976121831103094	1.5419296526513395	1.1013751351570378	0.32561349328633693	0.8123958083779389	0.6460084021022435	1.4088627679623635	1
0.06145063351599729	4.964530620766233	0.763092931246612	0.7092665624398284	0.3178280808947898	0.8196036045125046	0.29525581908833176	0.9589670061545914	0
0.17003808962710426	4.986356945686628	0.9680479186469931	0.7716348336086865	0.14896296113924787	0.5687737257201884	0.7845862408767268	1.151868654968541	1
0.37045949890934904	5.257036412555327	1.6998086404801465	1.2533913424556633	0.4079619883067517	0.8500227160224249	0.6298984938947986	1.6447085265160197	0
1.5786900034853197	6.9488587378875755	3.684148279738035	2.878389141125993	1.0577555713228022	1.3146909422601978	3.8347034200227026	3.745788948087016	1
0.20665638180874857	4.875320979677512	0.8263660243461681	1.109519257506784	0.36312112261369395	0.9999331068107978	0.20086522199518358	0.8001613282144274	0
1.472517927868508	6.330033690824872	1.604767020784202	1.144668560426795	0.19073605539497296	0.3564779245316836	2.4111524611993382	2.060589961994474	1
0.4899042909520718	6.4126991603981605	1.6310036903486609	1.689800568918557	0.8113301362376556	2.290897053198855	0.3147231447628209	1.654430398352929	0
1.1253840391655374	6.172165416296983	1.9536515356215363	2.149247415923799	0.45438224834277885	1.181512448395753	0.7405077519197829	1.9255179194063934	1
1.424937984712095	6.166160435592479	2.552588662474851	1.1567868527191818	0.25725121508066795	0.9246159806201453	3.3087859962905393	2.1627021432977966	0
0.8954347499947777	5.5056509970943335	1.6430660934140844	1.3183366679366635	0.28366652090540867	0.6201301515728077	1.3959971365812758	1.7704507082818035	1
1.1247022984278503	6.618604395021341	2.4619620917928855	1.9204311559202227	0.40334953853477296	0.4336183923275166	0.7128027382183865	2.452503974236055	0
2.471728531897241	7.7417771304312675	3.3672647950221357	2.173159545553588	0.4872355531527772	1.463463713890977	3.0615059690495428	3.675153178345054	1
0.11989635657539491	5.117491890067619	0.4870266617509706	0.8255779677404349	0.41179171949732146	0.9050275395954444	0.4870266617509706	0.9660708820361809	0
2.3215932871647187	7.586089233456705	2.3480268001905777	2.8519138648327558	1.186378935924888	1.8515209735677045	5.129460157232245	3.5402634297851527	1
1.7231058259110068	5.2711994778516935	2.4280981747123396	1.3750817339057875	0.1446716093420489	0.22659359307005786	2.1539342612373535	1.3168906909810114	0
0.6366667721165012	5.178347879848699	1.1912522399165557	1.0896724470986354	0.3183955476077251	1.3662191966888395	2.1145432062651848	1.6937606783459525	1
0.160442274742107	4.60711329692468	1.1124494454561313	0.8316474578050503	0.2666320675034733	0.8351674405803743	0.19265960125536497	0.3862754928816866	0
1.2640984781591136	5.885785925304204	2.1104555952090056	1.2311014717141886	0.26145615995768207	0.6169948123597017	1.739061680227606	1.8861904747931548	1
0.3989170496236313	6.273099623274659	0.7605254158898935	1.9328249095066579	1.7996945695473787	3.5190130093800045	0.6212053222253099	2.600249673999109	0
2.173512317376468	6.716767760979092	2.4727834599856897	1.6505414673125176	0.2271754124275803	0.4993560995226925	3.8658324593217306	2.3806843749770974	1
0.9442560321558571	7.275469505205608	2.2476536094678274	2.5525730863934815	1.086438487736401	1.7875171499699225	1.6742139053730112	3.02987762884049	0
1.9081489417336153	7.7752179279679545	4.550551368171964	2.6768690836186355	1.175665918110401	1.7774238704606888	3.7955543555881435	4.346174043025866	1
2.632622383977206	6.471027960656479	2.981481207784131	2.2059089807285845	0.34752521252029456	0.7192047148792349	2.501730990178303	2.1422872245248508	0
2.6115906944080303	6.903422204760653	2.916120722918899	2.0966304621005167	0.3777718313580399	0.8769260083518784	2.7938119086913065	2.479249008810455	1
0.07590400118470975	4.986986519850363	0.803659403357374	0.5911753612241355	0.1980718668851864	0.7603851798256225	0.15399066702589279	0.7726051018946608	0
1.1722034606369511	6.367154749625955	3.119537141528869	2.8204439256600726	1.4064645679092738	2.2520073320250744	1.9870658021910554	2.9554413879704122	1
0.12158911666533456	4.569864200280604	0.30419989892731236	0.8955981086490659	0.3167431780473598	0.8551809924071783	0.18201317591612576	0.5404504432458249	0
0.8036146335859163	4.942268655056257	1.2502455166566147	0.7482980250247934	0.15554970074096555	0.6509335932233944	0.9482931479996493	0.863859948686182	1
0.37019020001702585	5.093459360970945	1.2978182756046241	1.2847875216156555	0.3452903850720942	0.8339954891473249	0.20575321211012762	1.1229471136829037	0
0.9922512726767	5.692402635876602	0.23007944231532215	0.8792947421874291	0.14829068641214227	0.8180602922587419	4.00539130099513	1.4727013888606295	1
0.4153164241585386	6.791492324916114	2.165940287296453	2.4463910213374014	1.3412708442196062	2.083968778261839	1.0219472037326243	2.6376635015452115	0
0.36241841856579815	4.638962731722841	0.8581106198076925	1.0370205326614688	0.32492727788168374	0.662827138648991	0.42295132911543964	1.002174807031104	1
0.08436596430230534	4.880816619843054	1.0748658949381091	0.6663770363945607	0.2658734845612639	0.7209082513453358	0.22173455915078968	0.7620200448463207	0
3.109676840595469	8.351441701644227	4.035139349234832	2.650096176730475	0.4247447228401206	1.32183583678249	5.3214541352944815	3.6728288292452356	1
1.6490623902173178	6.144885818124157	2.3052016667771995	2.2158500414593845	1.1922847645307448	2.094170042834283	3.5800295241918416	1.9457672817074025	0
1.4848039627659577	6.734469060305716	2.5952770947659585	1.7527760612490069	0.4004592664296783	0.7084790445569269	2.19642425716545	2.093874385302101	1
1.0575472090495102	5.870695087774279	1.409766717305033	1.9267127671326232	0.4319772026482749	0.842170451952385	0.5299574378820164	1.7615751380507396	0
0.48487376866245596	6.676943652985751	1.7421314541595658	2.278835285822938	1.6859358834068254	2.4503755896686217	2.6846519171736505	2.601162594107788	1
0.49007582804738903	6.549704961078677	2.2647066785546257	1.6180209723645742	1.283375307112049	2.0597489083341	0.5569722969900052	2.3984587503786927	0
0.9334624503824743	6.15525971187097	1.0917555012048965	1.5944054896001383	0.3262992381223016	0.3202339637455039	0.467205969442498	1.5579972387657044	1
2.0227521354856637	6.134685933483088	2.3794627973244253	1.5027876765556951	0.28168412064814485	0.5544251972398645	1.5906627571077663	2.063858250452677	0
2.503908302795131	7.346137492135147	4.0320861064255284	2.31984527532809	0.23597290212613484	0.6013169387416559	4.897707701674079	3.2364524470405334	1
2.6848702771545927	6.159692884374317	0.7282729825353194	0.8547982335618395	0.18249654148324085	0.6016073839194308	4.7181005777010165	1.6238337927178328	0
1.1564408482805821	6.244649502639269	2.8133527150779716	2.4389325168780496	0.6761993743813892	1.2578073669543415	0.6631826960404722	2.62224536867214	1
0.2724364462362148	4.85384736199649	1.1083975894029068	0.7750036270297777	0.2941982956795776	0.7951169541436623	0.2782148998588601	1.3868941811918583	0
0.2671451256089848	5.208767862145528	0.5862354624093826	1.069286459286281	0.33818505462488774	0.6891843388646799	2.686084035043013	1.6356708016038624	1
0.9256864535145174	5.592718689192714	1.0846823831346117	1.279822116609374	0.22843353464729882	0.426678504507362	1.174554292243267	1.4013307459460038	0
1.8555789819410091	6.122513642630708	3.074048876981745	2.1815467646169897	0.2527955530960372	0.20547640226044267	3.8099814204660536	1.93956146732737	1
0.5278538176433691	5.578366633109928	1.6404907436893488	1.3373929407617184	0.4173673281651256	1.181266966790298	0.937621602575984	1.07404633472286	0
2.9050249841775337	7.226521324961672	3.899170768114327	2.6966588992154406	0.5385147180273686	1.2248924545784394	4.416901379310303	2.749985176029928	1
0.2131821003992141	5.41387971608296	0.4164314243235372	0.804017489391369	0.4775376768998157	0.6785917625507467	0.41131463289705594	0.8656708948737888	0
1.2948915376465466	6.0254487370356955	2.246702335746372	3.355833839910625	0.7912262507195804	1.7327169285942718	2.4774371557794552	2.280247455272331	1
0.277578704889093	4.92358682550965	1.311058830433984	1.1907963752093038	0.32069848250517213	0.7202758479481978	0.15633685982196097	1.4640652594183479	0
2.7636551867749315	6.56446648231479	3.1512520157874873	2.3215638515918267	0.54920174958655	1.1715839011239324	3.1542775686131894	2.2157846028571293	1
0.7819818942604361	5.896276009904896	2.460016100942874	1.5632054744923976	0.7695525117623508	1.4182047651094034	0.33309511197827607	1.403692138296311	0
1.7681154733136573	7.234034168081166	2.677769671811678	1.9573304032848644	0.4999143113178829	0.34986078016856	3.147457156370478	2.521294829462306	1
0.6471294197263716	6.417681178573256	1.7747997969030214	2.58325010335043	1.4601255092470913	1.9891885527022737	0.44544835097457464	2.7170760123095223	0
3.5858966649781805	7.977016199892682	4.454978492356166	3.580536718276904	1.1786857650990523	1.4270043493676774	4.094899408266562	2.594635112062512	1
0.09206400759294156	4.788362197160021	0.3171729112188122	0.8251398900184422	0.30144443520077036	0.6660277506290272	0.1288416630131172	0.659585226386918	0
0.45304819484632214	5.472822622160215	1.6209711482477733	1.4960228233944024	0.711281750755428	1.5644196257824357	0.40080761212610727	0.6925019724579566	1
0.9635940769900216	5.986097671158731	2.121255044493246	1.8226765718627764	0.6683215591242895	0.899551407869857	0.41045264961920336	1.3615148697556676	0
1.2966157939752108	7.441242028876226	3.100227414883439	2.837925752608982	1.42980872795085	1.7861604908275734	1.6390549654062225	2.8738696777966584	1
1.622452849511595	7.21468769389596	3.1557783981883656	2.8540074059009406	1.6502727068724363	2.163575867256626	1.5026986689899933	3.3677681322273125	0
1.1413205031564795	6.770471712893721	2.2587690374096105	2.8589269560527035	1.1311117467586964	2.3168528231250547	0.7253239122551665	2.3026450911941176	1
0.04493034368479518	4.2922824360173015	0.5040849564274988	0.6841064359077962	0.4423112092288273	1.3927236488847945	0.03563834258082298	0.27524252105819047	0
0.8623412814463992	6.3698521802675385	1.3137505496441784	2.317266787530028	1.581778904440126	2.9616841594144185	0.24467801145514823	2.189987340490564	1
1.422481631881603	6.210666942259003	1.8385158205698282	1.6588564505638277	0.32173561257663263	1.377304069281758	4.4787051959988435	2.2676933961139354	0
2.4438068389025744	6.875832423567606	2.9710245358492355	2.2393151002673237	0.5180077702942024	0.8144794657274703	2.3992307442955765	2.4688788887108033	1
2.0842424986208776	5.256038060665219	1.0577555713228022	1.5840790779672103	0.19266784884809893	0.5925585944475174	3.961382531289967	1.770757122556297	0
0.9834632809123693	7.32755955474241	3.110122894807372	2.546456333798516	1.326889307827351	2.8119176026197	3.588476075967086	3.921911948258494	1
0.021424840208792997	4.312884198431251	0.6383266200453479	0.4672122369327128	0.29750863326951654	1.2920386251941702	0.06632785682122343	0.4972904349810422	0
0.29539723390660744	5.3069846964895895	1.989940704918633	1.2985554468118838	0.19430776763174185	0.828289774502239	0.8020015854720274	1.330490911254454	1
0.7022555729239363	4.920485907792319	2.0993789638123523	1.7841136476191657	0.3829127036376529	0.4791244081950548	0.6855886869820659	1.3220757887932395	0
1.9413282395502016	6.767264295921387	1.9223197859076235	2.1999874238251476	0.3705699595302501	0.7699693231612298	2.8232164827087565	2.6884187591529827	1
0.5484103840932619	6.22063867786954	0.9193261204176765	2.533276090545113	1.4501842344309386	1.9391444561411133	0.4443844938156085	2.1643684560192358	0
1.3705206070038498	5.376116482327411	1.7317617342103582	0.8012389629107854	0.17891576365912185	0.31654645888518634	2.0695174604821425	1.9954483327081294	1
0.5492075236753265	6.199903513994238	1.9109341287192523	1.7064738749456947	0.7542422799197561	1.7679106671960654	0.43208756466827153	1.3300414195690922	0
0.3301666840579362	6.171815204621963	0.5621554174874324	2.2624191332359205	0.974031198510727	1.5628074145057875	0.577955160322163	2.5988601398638456	1
1.9386984931774192	6.910871219393727	0.8560310434614247	1.9403662385140106	0.3697619344858548	1.397382658105311	3.4865061990081916	3.390449833115391	0
0.8664279927017509	6.757580551238203	1.7164969847275082	2.5890188866699524	1.3469556410040615	2.3300348767021455	0.7333289701927771	2.714376812491367	1
0.04797935936556049	3.5610830137402707	0.2839827383451765	0.6606601452255292	0.43654379034542845	1.6486586255873816	0.03942549987535682	0.26359427692269105	0
1.6505414673125176	7.386876342814274	2.915172765695574	1.5168400509665338	0.19471938512965056	0.30621919345019216	2.7648022360851585	3.4046381221863213	1
0.4668737362368079	5.658153807683779	1.5138296882189524	1.7143383222594701	0.42378951919790964	1.340198065226917	0.5974454240994876	1.6763673231160412	0
0.0701135765956515	4.552033087574963	0.606581158930348	0.817795485125056	0.3415805952827488	0.8578138021151792	0.20431948507094935	0.7882300618066373	1
0.9491450687451022	5.811057456553499	1.1323049296345793	2.3429685913889258	1.2368948764681162	1.8235487917174624	0.36698065718065254	2.1340007471691838	0
0.35504862219414834	5.338128770593713	1.238403216130443	1.0595942216473806	0.5899953351044754	1.4799440721996437	0.2741103924216863	1.0903448742496826	1
0.12226187953295534	4.599225551609759	0.9061191765526586	1.050786659185505	0.325873409825712	1.2380263444507877	0.297122372271132	0.45373450177954167	0
0.35954681616316014	4.175727909298445	1.0571303542131687	1.0345358829609759	0.16668324668049103	0.31642986630325715	1.1170086989462586	0.4356968230517403	1
0.6282726029617266	6.52084878941791	2.5116946265443834	2.3378074387038064	1.424529011349806	1.7307879122365715	0.47070962996856536	2.366404605707	0
0.9731246486261736	6.523121680453905	1.4601255092470913	2.4566100506328867	0.7473985953918612	2.1114488003148155	0.43744169712035363	2.3956837382484775	1
0.22580400915568874	4.574859421093484	1.3460971713684775	1.1257085143298107	0.3494871736987075	0.7438402948754634	0.18608114733510356	1.4217821540494437	0
2.5805198139909464	7.136883923838115	1.7899077558645806	1.6779560045645014	0.519430495439313	1.0175829833560273	5.586776636903269	3.4979852570152232	1
2.203107240494375	6.893914637674711	3.5197652944071014	1.8284931178397035	0.3699070127074503	0.4180983055011582	2.5216884938805286	2.346822049887096	0
0.04583437154378591	4.078704559171824	0.244027946229933	0.6948457371955268	0.3014074470702573	0.5617677565035055	0.060132265334754596	0.28516390452661167	1
0.1416037235153957	4.682853188669476	1.3714091236204446	1.1691639446190545	0.5477629627727992	1.7006853048286599	0.20075069226232187	0.7400307664587957	0
0.3551187336714259	4.9606926660954205	1.3060599684092846	0.9360933591703348	0.22396721201258674	0.6198665583655306	1.178439588527664	1.255701503910885	1
0.1449052147835224	5.182993492174402	0.7013137432263387	1.0834648093378973	0.40709045318560483	1.2636181232523764	1.5559316449109593	1.550430731854068	0
3.134354436192153	7.790278036465665	4.040057316748275	3.005207243916509	1.0828893282028733	1.4595912901813475	3.3738775710071924	4.235117587483543	1
0.5474390948618081	5.707289650651618	0.797507195884188	2.5310027119309466	1.5044106745663945	2.1129246724963844	0.37808020789508523	2.2588003806230237	0
1.1699402095817282	4.86676877278385	1.4377951339822936	1.3003006479529144	0.18022769953737672	0.04409248064550751	1.8664494148594988	1.5949941010016888	1
0.4846459059826057	6.394185894545083	2.3868435174180247	2.4121656915627785	1.6200612840712314	2.2718681203319853	0.7338571688077321	2.423855374467902	0
1.8223694986718932	6.403588270683476	2.9078241309538853	1.2342789000896432	0.2921097557789327	0.6633784562863128	3.0332688770827168	2.516211499616413	1
0.9049870857027629	6.267595916293534	2.679300871149554	1.7573750423662242	0.8604819950455765	1.5183966080019577	1.8795108501250202	1.1618061561640467	0
1.2908566731867497	5.365850773534604	2.228066267220764	1.713635752446476	0.5944477637751244	0.7840841755520473	2.4222862878063327	1.9390437722094644	1
1.1261950297538372	6.433919034641025	2.8908383157078075	2.154201087227788	0.5676349766912661	0.9391866093510595	0.5333011462811604	2.303614562908007	0
1.2325602611778486	5.864018316558455	2.2224482142198836	1.7072177673514735	0.6327547192921646	1.475792227564182	0.7079865307565851	0.8833955701698858	1
0.32491282617927303	5.525912594430275	0.9524683579927433	0.8848826207144748	0.4312433100948692	1.142342051529435	0.3022208700728616	0.9632888150347378	0
0.9943622672943107	6.033040897030642	1.107076367080239	1.0049607325866543	0.29254274024304827	0.8057613249290797	4.709524795892319	2.126110409872001	1
0.06927323218221858	4.453475986540865	0.41670174003415206	0.7882755256515227	0.4472082782158786	1.1096181678446433	0.059999485282831846	0.6472184186715311	0
2.1722371990844964	7.484097145759855	3.0367302525880633	2.4890978544064684	0.7517462228628812	1.169101817382454	2.540759118660319	3.3900825063235334	1
0.20410751011581185	4.752278123825874	1.1662086299049188	0.6794690601249725	0.276631236264696	1.216543461499788	0.14966061455439347	0.9300752868447717	0
0.10316109871265844	4.583907733665671	1.027975209068669	1.0363822121319755	0.33930393785396307	1.0612218994495506	0.0662651546476369	0.5777082702935827	1
1.0404887033176016	6.3606212438588745	2.5243356745762395	1.4177203511197434	0.3233435745058427	1.1696918703490617	2.3203464225726878	1.4837839823971477	0
0.4386484018983972	4.762841233471986	1.2990465925556105	0.8061633170286486	0.29353491112701613	0.891670116691908	1.5824777308513172	1.05347544299658	1
1.1566610467746852	5.865864475381167	2.6007693242119814	1.9367396569060276	0.6399257126505579	0.9173701490937192	2.5806712717723794	2.525616638035787	0
1.8325654636203088	6.8485711441659545	2.392690844132649	1.8238716431440414	0.8200441137482962	1.4144444045362368	2.667443461190797	2.4214253473754943	1
0.0664785131356222	4.531462287640324	0.4419834552084966	0.6998248353131858	0.3099302363958366	1.054207494691204	0.12014468920048271	0.6701190569389052	0
2.4509619937350626	6.9728307809197085	2.2373423239321086	1.7812039552885384	0.3020582383962881	0.5475489903744223	4.532872574142818	2.8932675610081904	1
0.13506396763126846	4.97608180581815	0.46972859142630174	0.6316174617667899	0.2552931692497773	0.583839998159605	0.27276384701957157	0.9057150055019704	0
0.3901145556032203	4.768235865990564	1.4570556680028028	1.3922018773343519	0.305909931038573	0.6056320403392872	0.39884994273575514	1.0640898546296869	1
0.5080999123875459	5.921996294788323	1.8660317136026425	1.898968275743499	1.2767305796597495	1.556796341108503	0.5233074012680465	1.9635676200051049	0
1.0829231892034692	5.871154226806426	1.6009419235128362	1.4627923320926155	0.3351570864759687	0.5857345607759882	1.5451980133711856	1.556016038438026	1
0.03270723876786032	4.094906071213083	0.734049171880371	0.7415563197676327	0.3174059096180022	1.1131067348185624	0.03459850874466914	0.4329181348894651	0
2.6225068369633364	7.568276215006101	3.7284702910706438	2.712440549403503	0.5606267053576053	0.9372691382593468	4.299791107862175	3.1268175518788164	1
0.7192047148792349	5.032130605640862	0.5661657187991552	1.0282613525715871	0.3548452711077983	0.43339799379421934	4.0146842814140875	1.1010094132678312	0
0.6241239514693494	7.056167697864739	3.8748443658226894	2.725215366423223	1.315308433386604	2.2927872505139346	0.45931546375952853	3.5785622298030666	1
1.413787925428813	5.682934320987756	0.8969040180739649	1.855250567009253	0.6802240352694557	3.0656360633621773	3.565725458138416	2.0445783208520147	0
1.8350903139500694	7.657918649379788	3.2262168137536493	2.4295524896559226	1.189031740456636	1.3360794324553882	2.933957928559086	3.759696660489575	1
0.6603088565607914	6.614432795946676	2.7047246776736333	2.8071712919700174	1.4637876679848876	2.179049291867437	0.6849990747232236	2.752130880337385	0
0.6877828180607947	6.129481271824168	1.8475410096868157	1.8844601867390907	0.5571556213485969	1.3757135815757036	0.4616059673779786	1.7487823763729144	1
0.9417245331309652	6.286028820293806	1.475723645946315	2.767764604874289	1.5883368425260462	2.173751221150577	0.75122739163647	2.1649997800414216	0
1.129432431007996	5.955093310338061	2.802311346013302	2.051684864634793	0.3092478503663415	0.6803000079092123	1.3131858892992523	2.4539834171344905	1
1.3317589747218659	6.483237923971992	2.9285823456599167	1.945109828884544	0.9617228832719896	2.2174192846217387	0.6225530277060201	1.5960689446951462	0
0.3066461129381899	5.11179379363717	1.3068722941424	0.8654184015003984	0.2047433002286847	0.3267609486235963	0.3628567968515228	1.855625889556469	1
0.1691772138438813	4.508640562965019	1.2047724844965002	0.8525412327101953	0.2840128490773967	0.766815770485146	0.352268248703829	0.723870353202786	0
2.3380294539272404	6.236640590661759	4.325950869852044	2.3137129481150964	0.7372119117220459	0.9461989876128198	0.8796267475025636	3.1504856288787395	1
0.06130392045262887	4.089718880232008	0.6999738259022227	0.6159421096509738	0.398051024924726	1.1936800148405038	0.08481070729138038	0.1485579266411456	0
0.8879735584923744	5.629782086458707	1.7819784573729496	1.3089542481451106	0.46665427642058693	0.5718492248031594	0.7086267514083316	1.6125929301274005	1
0.0646278921438638	4.445988036184953	0.6971890013862769	1.2948641445140034	0.5233370287030535	0.8147008761125217	0.2779801607400227	0.6736483071258897	0
3.142180508424139	7.344846565399612	3.3930307923290948	2.470165193132965	0.7314058926770358	1.1679517667467225	3.560142265193211	3.93538400010147	1
0.2356727322909492	5.398921689431641	1.2053418667321738	0.8795437565070389	0.28683171099694205	0.19037239498366548	0.7790037243196284	1.0003377193997691	0
3.449076019406464	8.916054972134148	4.075504871153982	2.7360997744156195	0.6086072923787591	0.9550113199857541	4.751341976108713	4.6884096248214515	1
