1.1146     -1.2307     -1.0838     -1.0539    -0.53126     -1.0054    -0.35918    -0.52827           0
-1.0228      1.2062       1.471     0.75662       1.407      1.9118      1.2143     -1.9538           1
0.14976    -0.54701    -0.21242    -0.63907     -1.0054    -0.22172      -1.025     0.92878           0
-0.69252     0.82309      1.3076     0.55079     -0.1092       1.407      1.0162    -0.16421           1
0.42149   -0.090945    -0.48695    0.048023    -0.19388    -0.50161    -0.19189     0.25978           0
-0.37305   -0.080527    -0.42291       0.394    -0.76529     0.12749    -0.31659    -0.50161           1
2.1305     -1.1746     -1.1305     -1.6479     -1.9118     -1.6896     -1.5043      1.9282           0
0.3057     0.54626      1.1416      0.4666    -0.28132     0.26784       1.063    -0.69169           1
-0.72927     0.77576      1.3076     0.83867    -0.62482     0.80772     0.15764    -0.45794           0
-2.4999     0.95917      1.8692      1.4035     -0.1079     0.72758      2.1305     -1.8509           1
-0.023356    -0.56139    -0.42291      -0.952    -0.68594    -0.79876     -1.2881      1.3092           0
-0.43073     -0.5523    -0.84792     0.44071   -0.040231     0.64705     -1.1982     0.84051           1
-0.83131    0.027249     0.47384      1.6135       1.581     0.05322     -1.0272      -1.294           0
-0.99684     0.33712      1.1416       1.628      1.0676      1.0791     0.47748     -1.0316           1
0.56747     -1.5948     -0.4928   -0.059067       1.105    -0.63748     -1.8027      1.1876           0
-1.2335      1.0955      1.1416     0.75404     -1.3436    -0.24438      1.1366    -0.99471           1
-0.30162  -0.0038923     0.42717     0.25442     -1.2008    -0.20645           0    -0.73946           0
0.25978    -0.52977    -0.93379    -0.85538     0.16816     -1.1798    -0.17474     0.56291           1
0.53725   -0.031143     0.16816     -0.3954    -0.46515   -0.023356    0.024654      1.2116           0
-1.7404      1.2821      1.3076      1.4577     0.12749       1.217      1.1003      -1.025           1
0.80592    -0.92281    -0.26448    -0.90312     -1.3729      -1.407   -0.085735      1.2143           0
-1.0272     0.96535     0.33026    0.059717    -0.71077     0.85725    -0.97993    -0.17738           1
0.46949     0.19454     0.85632   -0.070118    -0.72083     0.16684    -0.46226     0.78103           0
-1.1342     0.71747      1.1416      2.0499      1.1219      1.1317     0.85913     -1.4884           1
-1.1579      1.4652      1.6064      1.6951      0.5523      1.4729       0.387     -1.5676           0
0.17474   -0.096158       1.046    0.081829    -0.70744    0.022707      1.1466     0.23437           1
0.61695    -0.47675    -0.82491    -0.74117     -1.0404     -0.9002     -2.0606      1.3484           0
-0.049972     -0.1629      0.7091    -0.51046     0.67286    0.070118    -0.46371    -0.40243           1
-1.4193     0.59203      0.7091     0.77576    0.024005     0.90118     0.69747     0.48987           0
-0.93278     0.74801    -0.56139       0.824    -0.82948     0.34675      1.5458    -0.57052           1
-2.7959     -1.6736     -3.2808     -2.6404     -3.2808     -1.8582     -3.2808     -2.2949           0
0.055818    -0.30706    -0.23103     0.16421    -0.66152     -0.3385     0.12095    -0.54325           1
0.56291      1.8094       1.471      1.2763       2.228      1.6736      1.1122    -0.44357           0
0.34124    0.011677   -0.054519      -0.569    0.076623    -0.29078   -0.032441    -0.17869           1
2.1698     -2.2602     -2.0191     -1.7833     -1.7346     -2.3528      -2.374      2.6404           0
-0.50603     0.68758     0.89438     0.70079      1.3184      1.0272    0.089642    -0.40595           1
1.9901    -0.83223     -1.4373     -1.6041     -1.6041     -1.8027    -0.91884      2.1564           0
-0.28942     0.29484     0.18595      2.1305      1.3001       2.228     0.72589     -1.9626           1
0.74973    0.061017       -0.32      1.0382   -0.062317    0.042828     -1.2589     0.57894           0
-0.25576    -0.55381     0.58894     0.14452    -0.85913   -0.084433     0.28672     0.64386           1
0.023356     -1.6951     -1.0838    -0.33438  -0.0077846     -1.5331     -1.6736    -0.10268           0
0.087037     -1.3092     -1.4652    -0.46805    -0.26247    -0.35503     -1.6896      1.4577           1
-0.048023    -0.17342     0.85632     0.76703      1.9199     0.59203   -0.038933    -0.28942           0
-0.08834     -1.0119     -1.0991    -0.62324     0.85538     0.12161     -1.9199    0.061017           1
1.1317    -0.60133    -0.18661     -1.1929    -0.73096    -0.95302    -0.56139     0.88763           0
-0.91884     0.83315      2.5816      1.2617      2.1305      1.1567    -0.71077     -1.0908           1
-1.7645     0.67775      1.6816      1.6428     0.90703      1.0119      2.0828     -2.6002           0
-0.64705      1.3092     0.85632     0.38281     0.66475     0.73605      1.6135   0.0077846           1
0.54626   -0.027249    -0.40595    0.035038    -0.77576    -0.72336     -0.7828     0.18661           0
0.42646     -0.2277     0.33026     0.37166    -0.34951    -0.89729     0.59978    -0.97574           1
-0.21972      1.4963      0.3968     0.24371    0.083131     0.35365     0.28267    -0.34124           0
-0.61538      0.3898     0.95917     0.59823     0.33575     0.35503     0.18133    -0.27862           1
1.8094     -2.4999     -2.2949     -2.1061     -1.9716     -2.7364    -0.85538      1.6479           0
0.28942    -0.22105     0.18595     0.30434   0.0090821     0.34262     -1.8582     0.65829           1
-0.75662    -0.22637     -0.5928      0.4565     0.94184   -0.049322    -0.71412     -1.1617           0
-1.9282     0.31659       1.046      1.2035     0.68184     0.45794     0.26515    -0.75317           1
0.74117     0.22371   -0.054519    0.012975    -0.16027    -0.44931    -0.15107     0.33644           0
0.1537      1.0076     0.18595      0.5149    0.035038     0.50455     0.21308     0.68102           1
0.66637     -1.0195    -0.66394    -0.71747    -0.74973    -0.59978      -1.383      1.0162           0
-0.14452   -0.077924     -1.0991     0.81493     0.17474      0.2571    -0.35365     -1.1292           1
0.071419      2.9571      1.3076      1.5948     0.71412      1.4923      1.5948     -1.7707           0
1.414    -0.86855     -1.1086     -1.2225    -0.69582     -1.0294     -1.9282     0.36749           1
0.6099     0.84607    -0.98308      1.0955     -1.4176     0.79697    -0.70245      1.0097           0
0.63114  -0.0077846     0.10463     0.14189    -0.64705    -0.22637    0.085735   -0.087037           1
0.29078    -0.24371     -0.7828    -0.93078    -0.34262    -0.40383    -0.59049     0.55381           0
-0.86101      2.2949      1.5437       2.198     0.89341      1.7117      2.7364      -1.228           1
-0.67286      1.2225      1.0011      1.4319    -0.37862      1.7288     0.94387   -0.076623           0
0.042179     0.41088      1.3076      1.0699      1.0184      1.0427     0.08834     -1.2363           1
-0.41088     0.32821       1.046    0.097461    -0.93781     0.59667     0.89341      1.0206           0
0.36472     0.41937     0.58894       1.163  -0.0064872      0.6359     0.28807      0.1288           1
-0.14845     -1.4884     -1.1342    -0.24238    -0.78456     -1.2035    -0.32069     0.52455           0
-0.63272      1.4265     0.33026    -0.17408     0.88955     0.69087      1.2617     -0.3571           1
-1.35      2.5469       1.046      1.3898    -0.97993      1.8655     0.83867     -1.8229           0
-0.76355     0.96329      1.3932      1.0653      1.1122      1.5501      1.8881    -0.61225           1
-0.91489      1.5654      2.3426     0.60444      1.1668      1.7061      1.9716     -2.9571           0
-0.77052      1.5206   -0.036985     -1.4767     0.19586     0.80951   -0.055818    -0.47094           1
-1.5676      1.8881     0.95917     0.59978     0.76529      1.7584     0.26717    -0.65507           0
-1.4001     0.98203       1.046      1.9626      2.0092      1.6329      1.0184    -0.98203           1
1.1466      -1.297     -1.1942     -1.3898    -0.87234    -0.94285     -1.8094      1.2763           0
-1.1416      1.9199      1.9901      1.9808       1.063      1.9038     0.34813     -1.2252           1
0.17079     0.70411      1.3932      1.5331      1.5373     0.74117     0.62324    -0.76877           0
-1.7833      1.1617      1.9901      1.0814     0.95098     0.76355     0.57129       -1.35           1
0.97574      1.6896   -0.077274    -0.90899    -0.01038     0.40383    -0.14583    -0.34813           0
0.4529       1.036   0.0084334    -0.19586     0.50603    0.036336     0.57971     0.26583           1
2.2127     -2.9571     -2.0092     -1.8094     -2.6404     -2.1061     -1.5289      1.6896           0
-0.31046     0.35849     -1.0584     0.65346     0.49427     0.18859     0.10137    -0.10529           1
0.76877     -2.1061     -1.4373     -1.3184    -0.31932     -1.0404     -1.9716     0.80772           0
-0.76877     0.83498     0.30706     0.30706     0.91588     0.41795     0.94083    -0.65668           1
0.7549    -0.54476    -0.17276    -0.86101     -1.7117     -1.3277    -0.73266      1.1643           0
0.54325    -0.12357      0.6843    0.061017    0.085084    -0.19983    -0.20248     -0.3385           1
1.3898    -0.21308     -1.1305    -0.76355    -0.80861     -0.7091    -0.79519     0.32479           0
-0.58278     0.93078    -0.36403     0.78986     0.69417     0.70994     0.73605    0.095506           1
1.9538     -2.2772     -1.7404     -1.9282     -1.7288     -1.4923     -2.1564      3.0799           0
-0.4782     0.26448     0.58894     0.12357    -0.17606     0.54325     0.73266    -0.64705           1
0.88475    -0.36195    -0.56139    -0.15567    -0.30842    -0.82583    -0.54325     0.78456           0
-0.41724     0.92878       1.046      2.2602     0.56139     0.65186      1.1772    -0.75662           1
3.2808      -2.228     -2.9571     -1.6232     -2.9571     -2.2438     -2.1182     0.97366           0
-0.72251      1.2252     0.33026      1.0471     0.40806     0.98098     0.46082     -0.6359           1
-0.67775    -0.18133    -0.29687    -0.50603    -0.14517    -0.19718     0.21176    -0.42504           0
-0.44716    -0.24104     -0.6983     0.41371    -0.41795     -1.4539    -0.21574    0.035038           1
0.18925    -0.25174    -0.16224    -0.49134    -0.60756     -1.2116     0.81493     0.11769           0
-0.97574      1.5043       1.471      1.7707      1.5247     0.69747      1.2896     -1.2225           1
1.6428     -2.1433     -2.0943     -2.0191     -2.0661     -2.0092     -1.2116      2.3326           0
-0.76703    0.050621     0.33026       1.723     0.82857     0.75835    -0.57817   -0.013623           1
-0.35089     0.50455    -0.43358    0.089642    -0.78633    -0.25442     0.12488    -0.73435           0
0.34537     0.84236      1.1929      1.6632     0.48111     0.32752      1.5994   -0.054519           1
-1.2617     0.38141     0.47384    -0.38002     0.42788     0.44071     0.10007    -0.93479           0
-0.04153   -0.049322      1.0011     0.91096     0.44429    -0.55079      1.0943    -0.32889           1
0.87996    -0.62956    0.025951      -1.217    -0.48549    -0.82948    -0.89341     0.42504           0
-1.5501     0.37862       1.777     0.27323    -0.25576     0.41371     0.69913     -1.1466           1
0.013623    -0.28132     -0.5928    -0.98203    -0.52529    -0.62167    -0.37584    -0.70079           0
0.87519    -0.02076    -0.64465    -0.50161    -0.58278    -0.33987    -0.64705    -0.24371           1
0.074021     -1.0676      0.9238    -0.50455    -0.62956    -0.87234     0.52678     0.86289           0
-0.57971    -0.10137     0.89438     0.36056     0.76703     0.73435      0.6599    -0.95302           1
1.3647    -0.17211    -0.60289    -0.75145     -1.3565    -0.61695    -0.83867      1.1579           0
-1.6088     0.58124       1.471     0.70577     0.40243     0.89341     0.85725     -1.1503           1
-2.6404     0.24639      0.7549      2.0191      1.2197      1.0494      1.1441    -0.59049           0
0.011677      0.1288     0.49867     0.37584    -0.26515     0.38141    0.037634     0.61225           1
0.12095     0.45074    0.049972     0.76008    -0.53875     0.29349     0.41512    -0.40947           0
-0.61382     0.78103      1.3932      1.6684      1.3663      1.2733      2.3963      -1.572           1
0.29349     -1.1026     -1.1681     0.34124    -0.65025     -1.3153     -2.6002      1.2617           0
-0.62324     0.39821     0.47384     0.31114  -0.0038923     0.51194     0.15895    -0.91489           1
0.32889    -0.49427   0.0084334    -0.41653     -1.0584    -0.87044   -0.057118      2.0499           0
0.045426    -0.14189   0.0084334     0.91884     0.51935     -0.5523   -0.045426     -1.2391           1
1.9716     -1.0494     -1.8367     -2.0716     -2.0828     -1.1668     -1.1694      2.2438           0
0.18661    -0.52232      0.7943     0.47239     -1.0494     0.24104     0.23037     0.14845           1
1.4392    -0.98835      -1.471     -2.2772      -1.658     -1.9451    -0.32752     0.94691           0
-0.89535       1.572      1.3932      1.3309       1.291      1.2035      1.5856     -1.8729           1
1.5124     -1.5765     -1.7833     -1.5003     0.18265    -0.54325    -0.93781     0.99259           0
0.91687    -0.80054     -1.2792    -0.16553    -0.90118     -1.7346    -0.92878     0.76703           1
-0.45722     0.70245      0.7091     0.98203    -0.48695     0.70744    -0.32205     -1.2532           0
0.0051897     0.89148    -0.82491   -0.022058     0.52977      0.7549     0.57129   -0.038933           1
1.2792     -1.6632      -1.117     -1.6684     -1.8438     -2.0828     -1.1902      1.9366           0
-0.80054    0.067517     0.89438     0.82948    -0.32479      1.1026     0.38141    0.087037           1
1.0607    -0.57511      -0.344    -0.87614     -0.6843    -0.34951    -0.18265     0.60133           0
-1.1798      1.9118      1.9901     0.61069    -0.60289      0.4972     0.36195     0.37862           1
0.47966     -1.4502    -0.21242    -0.37584     0.33712     -1.1592    -0.67449     0.20446           0
0.3926    0.054519     0.27862   -0.080527     -1.0327    -0.37027    -0.48403     0.23303           1
1.3763     -2.6002     -2.0716     -2.2438     -2.6853     -1.3404     -1.1195      2.2127           0
-0.88571     0.64386      1.1416     0.66313      1.0768     0.72927     0.25978    -0.50603           1
-2.4198     0.93881     0.89438     0.44644       1.228     0.68594      1.0562     -1.6896           0
-0.50161     0.62956     0.72927     0.51786   -0.012975     0.72251     0.28402    -0.83867           1
1.1876      1.1746    -0.37584    -0.27457     0.48257      1.0184       0.569    -0.13011           0
-0.58663     0.99684      1.3932      1.7524     0.31796     0.86289      2.4714    -0.47239           1
-1.9808       1.117      1.1929     -1.4577     0.14583     0.65829      1.6951    0.012975           0
-1.5544      0.1985    -0.10007      1.6329      1.3468     0.31659    -0.39821     -1.8367           1
-0.035687     -0.1537   -0.054519     0.37723    -0.84051     0.39821    -0.18397     0.64226           0
-0.013623      1.0097      0.6843     0.99684   -0.036336       1.291      1.4465     -0.4293           1
0.43643     -1.1955     -1.3184     -1.3663    -0.40383    -0.96742    -0.78456   0.0090821           0
-0.52977    0.083131    -0.67124    -0.21574      -1.291     0.89148    -0.20645    -0.66799           1
0.77927      1.4465      1.3932     0.21707      1.0011      2.0499      1.3966    -0.30298           0
0.4601    -0.21574     0.52306     -0.3842    -0.67857    -0.64545     0.18793     0.96329           1
1.4539    -0.26113    -0.91292      -1.414    -0.99898      -1.572     -1.3436      1.7404           0
1.1342     -1.2335    -0.60289    -0.99471     0.11899    -0.61852    -0.33575     0.29755           1
0.0077846  -0.0051897   0.0084334    -0.83131   -0.070118    -0.22904    -0.45506     0.24906           0
-0.36749     0.61695     0.52306     0.54476     -0.4565     0.92679     0.43928    -0.16816           1
-1.1074      0.7828    -0.84792     -0.7463     0.38281      2.1564    -0.04153     -3.2808           0
-0.12684       1.407     0.10463    -0.73096    -0.77052   -0.059067    -0.67612     0.43786           1
-0.41724     0.85538     0.08834     0.17474     -1.2391   -0.033739      1.7173    -0.23437           0
0.19983      -1.105    -0.13665     -1.4001    -0.65266     -1.2391     0.17738      1.2225           1
-0.47094     0.16421     0.89438      0.7242     0.61852     0.67775     -0.3884    -0.62956           0
0.28402     0.69252    -0.71328     0.22504    -0.84421     0.10529     -0.1092     0.84978           1
-1.3184     0.55079     0.49867      1.0768     0.60756     0.85913    -0.13927    -0.56747           0
-0.20645    0.035038    -0.47602    -0.23437    -0.98203     -0.4222     0.52827     0.13665           1
0.71663    -0.50455    -0.49793    -0.05192    -0.98835     -1.3468     -1.2532     0.49867           0
-2.1061      1.1268      1.6816      2.1182      2.2127       1.228      1.2197     -1.8438           1
1.4577    -0.71412      -1.294     -1.3532     -1.2143    -0.96329     -1.0011      1.2089           0
-0.44931    -0.16158    -0.20115     0.27997    -0.52306    -0.11181      1.0768     -0.7463           1
0.2038     -1.1466    -0.46226    -0.28402    -0.77927    -0.80772     -1.0768     0.54025           0
-0.085084     0.32342     0.77576     0.69913    -0.77752     0.20115     0.11965    -0.10007           1
0.47384     -1.0338   -0.077274      -0.824    -0.63114    -0.79697     0.30638     0.92181           0
0.58278     0.71412      0.7943     0.23303     -0.2397    -0.43215      1.0427      1.2589           1
1.4001    -0.60444     -1.0584     -1.0722     -1.1074    -0.79164     -1.9118      1.6529           0
-0.33712     0.17474    -0.52827     0.71579    -0.21972     0.31932     0.91096     0.05322           1
1.3966    -0.32752     -1.5588     -1.0054     -1.0979     -1.8094     -2.0828     0.41653           0
-0.37027    0.044127     -0.6983     0.36333    -0.15633    -0.13404    -0.21972    -0.20778           1
1.4652    -0.97574     -1.4301     -1.1441     -1.6329     -1.7404     -1.6379      1.3031           0
-0.4928     0.74117      1.9901       1.185      1.3277      1.3092     0.32137     -1.6843           1
-0.33575   -0.024005      0.7091    0.068818      1.2335     0.14583    -0.33438    -0.15239           0
-1.0206     0.82036       1.046     0.80772     0.49134      1.0539      0.5874    -0.79341           1
-0.25442     0.57052  -0.0090821     0.61617     0.14845     0.84236      1.1317     0.48403           0
-1.3881     0.18001     0.89438     0.58278     0.75317   -0.020111    -0.12357     -0.9248           1
-0.42788  -0.0064872     0.62403    -0.11181     0.46949    -0.66475     0.44071    -0.48695           0
-0.96846     0.12749      1.2405      1.1824     0.71244     0.59049     0.73435     -2.4198           1
0.63748    -0.16421   -0.054519    -0.48257    -0.11051     -1.2335    -0.78986     0.47675           0
-0.98835      1.7833      0.6843     -1.5124    -0.46226     0.65507     0.44931     0.68758           1
0.15239     0.57664     0.65266     0.12749     -1.0768     0.26113     0.64545    0.090945           0
-0.15633       1.291      1.5437     0.81312      0.2571      1.8881    -0.11312     0.17738           1
0.48549    -0.44859    -0.52827      0.2397    -0.86477      -1.363     -0.1537    -0.05192           0
-0.50898      0.7549      0.7943     0.53276      1.9808     0.54175    -0.40243   -0.025951           1
1.1772     -1.1122     -1.3184    -0.31523    -0.55835       -1.35     -1.0791     0.93881           0
0.057118      1.4465      1.1929     0.27592     0.18001     0.88763      1.7897    -0.36611           1
1.3277     -1.3215     -1.7584     -1.1772    -0.45218      -1.469    -0.80054       1.469           0
-1.4283     -1.0814     0.60522     0.35089     0.63272    -0.18265     0.21574    -0.71915           1
-0.031792      1.0449      1.3076     0.70744     0.27727      0.3968      1.2062    -0.44931           0
-0.84792     0.28402       1.777      1.1541      1.4319     0.56139     0.60133    -0.84792           1
0.64067    -0.21176    -0.82491    -0.16947   -0.059717    -0.74459    -0.33163    -0.16158           0
0.75145    -0.43073    -0.71328    -0.88955     -1.0791     -1.0768    -0.84792     0.58201           1
0.41229     -1.0294    -0.84051           0    -0.27053     0.11051     -1.4614     0.99047           0
-0.16947      1.1317      0.9238     0.72927      0.2397      1.3122     0.56747     -1.0033           1
1.2225     -1.2704    -0.91292     -1.1955     -1.3153     -1.2197      -1.291      1.0184           0
-1.2475      1.4319      0.9238    0.024654     0.33438      1.1366       1.014     -1.3309           1
0.25777     -1.3309    -0.44143     -0.5874    -0.96535      -0.435    -0.26784     0.56595           0
-0.43786     0.60444      0.6843     0.73266    -0.12618     0.64545     0.57511    -0.29213           1
1.0838    -0.67449     -1.6763     -1.2851     0.13796     -1.2589     -1.6789      1.2792           0
0.35987       2.385     0.95917    -0.16816    -0.27188     0.58586      1.1668     0.45506           1
1.9199     -2.1305      -2.374     -2.0394     -1.6379     -1.9366     -1.0119      1.4355           0
-1.7707     0.43928      1.0011      1.2143      2.2438      1.1466     0.07272      -1.628           1
0.70744    -0.73096    -0.14911    -0.64865    -0.32069      -1.297     -0.2962     0.59513           0
-2.2602     0.74288      1.1416      1.8509       1.414      1.8959      0.3856    -0.39961           1
0.07272    -0.62324     -1.0687    -0.47384     0.75576     0.62482    -0.75835      0.8304           0
-0.12095     0.49573     0.62403    0.084433     -1.2763    0.054519     0.51638     -0.3884           1
0.097461     0.21574     0.47384   -0.037634    -0.58124     -0.1985    0.061667     0.21043           0
-1.9199     0.99471      1.9901      1.3796      1.2225      1.8438      1.5676     -1.7464           1
0.81312    -0.88571     0.23637    -0.89923       0.569    -0.28132     -1.0076    -0.47966           0
-1.8094      1.5331     0.89438       1.228     0.75576      1.7645     0.94691    -0.24104           1
-0.12422    -0.44644     0.25308     0.22904    -0.75835     0.12488    -0.20513     0.84699           0
-1.3215    -0.41653     0.42717    -0.15107     0.81493     0.14976    -0.22504    -0.20513           1
-0.26919    -0.16947   -0.036985    -0.45794      1.1366     0.10398    -0.25442     0.54325           0
0.43358     0.53725      0.2038     0.14583    -0.85351     0.67286     0.51342     0.95302           1
-0.93479    -0.80861    0.038283    -0.54175    -0.35365    -0.21574     -0.3856     0.97679           0
-0.69747     0.73266    -0.10007     0.48111      1.0272     0.94488      1.4729    -0.41795           1
-0.30842     0.58894     0.37514     0.35365     0.50308      1.2763     0.27592    -0.58894           0
0.98624      0.2277     0.35779     0.11573    -0.53276    0.028547     0.36958    0.095506           1
-1.0653    -0.98624     0.56671    -0.71915     0.12095     -1.9996     0.41937     0.71579           0
1.7404     0.14714     -1.4845    -0.78721     0.37166     0.74459    -0.25844     0.77576           1
-1.7897      1.2661      2.9092       2.374     0.24371      2.5638      1.2532     -2.4999           0
-0.85725     0.63748     0.85632     0.42362       1.117     0.93278     0.43643     -1.3277           1
1.0516      -1.117     0.21906     -1.1982    -0.55987     -1.8805     -0.3125     0.99684           0
0.15961      1.0539     0.15501     -1.0861    -0.54476     -0.3968     0.37862   -0.058417           1
-1.2035     0.54476      0.7549      1.6789     0.70577     0.48549     0.84607     -1.6135           0
-0.096158    -0.62797     -1.0438      0.3898    -0.34124    -0.37166    -0.33987     0.75317           1
-0.81855    -0.10007     0.82127    -0.29484     0.25442    -0.42362     0.87996    -0.38002           0
-0.029845      1.3932     0.52306      1.2225    -0.26113   -0.075322     0.13142   -0.070769           1
0.66313    -0.43786    0.068818    -0.67124    -0.66799      -1.291    -0.32889     0.22904           0
0.22172     0.69582      1.1416      0.3057    -0.24238     0.60756     0.39821     0.18133           1
1.5003     -1.6041     -1.2851     -1.4652    -0.31796    -0.50529    -0.79876     0.60912           0
-0.1079      2.0552      1.1416     0.58432     0.53425      1.7897     0.84051    -0.70577           1
-0.44214      1.3325    -0.66394     -1.1122    -0.72251     0.91292     0.50014   0.0019461           0
-1.5247       1.469       1.777      1.1195      1.9626      1.1876     0.88379    -0.91292           1
0.0064872      -1.172     -1.4247    -0.90118    -0.42504      -1.172    -0.76355     0.18793           0
-0.72083      1.9408   -0.054519    -0.45362      0.3842      1.8509       2.374     -1.4614           1
-1.7117     0.56747     0.62403      1.4001     0.65507     0.35227    -0.16684    -0.52977           0
-1.0449     0.90118     0.42717     0.94691      0.1079      1.2419     0.57664    -0.66961           1
0.49867    -0.78633    -0.63669    -0.37305       0.344     -1.1824     -1.5415     0.21972           0
-0.2091     0.49867     0.95917     0.68102    0.067517     0.60289     0.86289    -0.07272           1
2.6404    -0.47094     -1.0584     -1.1541    -0.46805    -0.10007    -0.37166     0.38141           0
-0.81493    -0.45074      1.3932     0.67938      1.1876     0.22105   -0.036336    -0.80592           1
1.6088      -1.572      -1.628     -1.4428      -1.297    -0.95507     -1.1146       1.723           0
1.0097    -0.25308    -0.40595    -0.68102     -1.2704    -0.67938      -1.572     0.89341           1
-0.46515      1.5144     0.89438    -0.91292     -1.1516     0.23303      0.1288     0.87805           0
0.11442     0.98413       1.471      1.1122       1.334      1.6183     0.55835    -0.97366           1
-0.69913      2.8672      1.3076    -0.67286     0.29823     0.95098       1.025     -1.3898           0
-0.27457     0.19718      1.2405      -0.435    -0.26381     0.17211     0.53126      -0.435           1
1.3231    -0.58432    -0.89148    -0.93881     -1.4729     -1.3372     -1.2447      1.5765           0
-1.1466      1.9996      1.6816     0.42078     0.36333      1.5289      1.3309    -0.45074           1
0.53875     0.75835     -1.2102    -0.40383    -0.83131      0.2038      -1.063     0.47239           0
-0.73946     0.42788     0.30706     0.28807    -0.69747     0.56595    -0.30978     0.43073           1
0.55835     -1.4319     -1.2532     -0.2091     0.31523    -0.69913     -1.5247     0.71244           0
0.56139    0.071419    -0.76182    -0.57205    -0.21441    -0.33163   -0.090945     0.46226           1
0.93479    -0.46082    -0.54777    -0.40665    -0.01038      -1.036     -1.0861     0.78809           0
0.27323    0.058417     -0.2766    -0.07272    -0.61225   -0.093551    -0.16816     0.57358           1
0.44644     0.12357     0.45218    0.079226     -1.0033    -0.45794     0.33163    -0.79519           0
-2.1564      1.1707      1.1929      1.1798     0.54325     0.91884    0.029196     -1.0427           1
0.606    -0.40806    -0.60289     0.17342     -1.0294    -0.90312    -0.68758     0.31387           0
1.0861     -1.5856     -1.0316     -1.3696      -1.185    -0.64386     -1.0404      1.2675           1
2.1182    -0.97993    -0.50898     -1.6088     -1.8297     -1.6479    -0.98835      1.7707           0
-0.23637    -0.22504     0.35779    -0.39821      1.3436     0.42078     0.22504     -1.1243           1
1.6183           0     0.26247     -1.4923     -2.3326     -1.0908     0.15501       2.374           0
-1.0607     0.21308      0.7943      1.1219      1.6329     0.30706     0.83131    -0.78986           1
0.85913     -1.0516    -0.96329    -0.65186    -0.61695    -0.60289    -0.72927     0.91687           0
0.95302      1.1292   -0.077274    -0.42291      -0.435     0.44644     -1.4963     0.18265           1
0.018165    -0.29213     0.23637    -0.81493    -0.90899    -0.89148     0.33987     0.22704           0
-1.658     0.29213       1.046      1.0838     0.90899     0.43786     0.17606    -0.77576           1
-0.14189    -0.40172    -0.20115     0.22238     -0.1629      0.1079    -0.85351     0.38281           0
-0.061667     0.13011    -0.23103    -0.57664     0.53126      0.1092     0.70577     0.76529           1
-0.3856      1.8729       1.471      1.0932      2.3133      2.5306     0.93278     -1.5373           0
-0.88379     -1.8438    -0.87139    -0.23037     0.27188      -1.658     -2.4714    -0.51194           1
-1.3532     0.55835      1.2405      1.1567      1.0404      1.4502     0.88763    -0.81855           0
-1.8805      1.2792     0.62403      1.1902      1.7707     0.76877     0.11442     -2.1837           1
-0.24505      1.3001     0.58894    -0.74801   -0.096158     0.71747      1.0908    -0.67449           0
0.3842    -0.78456    -0.81674    -0.99684   -0.076623    -0.96123     -1.3932     0.86101           1
1.4176     0.30842    -0.28604    -0.62956    -0.43786    -0.78633    -0.43073      1.1772           0
-0.78633     0.34331     0.35779     0.33026      1.1003     0.44214     0.17211     -1.1668           1
-0.71244    -0.31114    -0.13665    0.063617     0.55835    -0.22438    -0.98518    -0.44644           0
-0.07272    -0.75662    -0.18661    0.077924     0.40383   -0.071419    -0.70079    -0.12357           1
0.077924    -0.23704    -0.37584    0.037634     0.31114   -0.028547      0.2571    -0.36472           0
-1.4392     0.90508      3.0799      1.2503      0.6099      2.0828      1.7464      -1.297           1
1.8582     -3.0799     -2.4198     -2.3528     -1.9199     -2.0291    -0.99684     0.77752           0
-0.71579     0.89729      1.1929     0.67775     0.47602      1.3597      1.8094     -0.4222           1
0.063617      1.0471      1.5437     0.52529     0.74801     0.73096      1.5501     0.50014           0
-1.2792      1.1592      2.5816     0.78103    -0.17869       1.777      0.6843    -0.31659           1
2.4198     -2.0291     -2.1182     -2.5638     -2.0394     -1.9626     -1.1026     0.83498           0
-1.1317      1.2447    0.038283     0.43073     0.42362      1.1219    -0.22238    -0.54852           1
0.46805    -0.78986     -1.4943     -1.0516     -1.4428    -0.83315     -1.5501       1.297           0
1.1292     0.38281   0.0084334    -0.24906    -0.75145     -0.1288     -0.4972      1.5544           1
-0.3947     -1.1592      0.3968    -0.30842    -0.12095    -0.67775    -0.80233      1.0861           0
-1.3138     0.51638     0.95917      1.3277    -0.29349      0.6843     0.46805     -1.2475           1
1.1668     -1.0979     -1.2293    -0.79697     -1.4577     -1.3898    -0.62561     0.69417           0
0.82127    -0.66961    -0.49793    -0.30978     0.19057  -0.0064872     0.43073     0.12618           1
0.97157     0.12618    -0.24906    -0.82036   -0.049322     0.53725    -0.97157    -0.19586           0
-0.13993    -0.32069    -0.18661     0.17869     0.13142     0.15107    -0.38002     0.40947           1
0.64386    -0.73266     -1.0687    -0.21176    -0.91096     -1.2763    -0.55684      0.8304           0
-0.33163    -0.35089     0.72927    0.028547      0.3125      0.3954    -0.52381   -0.057118           1
-1.9626      1.0908      1.3932      2.8672    -0.17211      1.5043      1.3001     -2.3326           0
-0.89923    -0.72589     0.08834      1.1694      1.0076     0.64386   -0.092248    -0.10985           1
0.71244    -0.55079    -0.42291    -0.29755    -0.74117    -0.60912    -0.76529    -0.22172           0
-0.29823     0.71077     -0.5365     0.67286      0.2091      1.0294      1.1146    -0.37444           1
0.62956    -0.83682     0.37514     -0.1079    -0.57817      -0.606      -0.394     0.34951           0
-0.01038    -0.43928     -0.5928     0.74031    0.038933    -0.11965    0.075322    -0.62324           1
0.031143    -0.93278     0.27862    -0.26515    -0.30434    -0.05192   -0.093551     -1.0119           0
0.57281     -0.4782    -0.94184   -0.057118    -0.47966    -0.57664    -0.82583      1.0382           1
-0.13404    -0.27053     0.33026    -0.29891     0.28672     0.13404    -0.35779    -0.10659           0
-0.54476     0.16158    -0.72589    -0.70245     0.69913    -0.83498    -0.95507    -0.32342           1
-0.82948     0.64226     0.54476      1.1292    -0.38281      1.3404     0.17474    -0.80412           0
-0.31932    -0.13534    0.068818   0.0064872     -0.2337     0.47966    -0.72673     0.17079           1
0.87044      1.8509      1.6816    -0.49573     0.20049      1.0471     0.76529     0.25174           0
-0.89341     0.48695      1.3932      0.1432     0.15764     0.28537     0.31114     -1.4392           1
0.34882    -0.96329    -0.62797    -0.05322     0.46371    -0.27997    -0.82765     0.33026           0
0.73776    -0.24772     -1.6684     0.36472     -0.2504    -0.15107     -1.5373     0.52827           1
-2.2127       1.363      1.6816      1.7645     0.15633      2.3963      2.5638     -2.0943           0
-3.0799      2.0092      1.5437      2.6404      1.8438      1.2704      1.5901     -1.5165           1
0.19321     -1.2419    -0.50898    -0.31659     -0.6884   -0.042828     -1.5588     0.74459           0
-1.5856      1.2391      1.6064       1.014     0.75835       2.198     0.24906    -0.90703           1
0.3898     -0.6843    -0.86572     -1.2008     0.13927     -0.3057    -0.90118    -0.67775           0
0.7352    -0.86477    0.068818    -0.24371    0.090945   -0.077924     -1.4539      1.1541           1
-0.9248     0.22105     0.85632     0.50308     0.14058     0.68758     0.24505    -0.85538           0
-0.42362     -1.0791     -1.2102    0.070118    0.059067    -0.77752    -0.88955     0.15895           1
0.52083     -1.2089    -0.77139    -0.91884    -0.23704    0.046724    -0.62324     0.90508           0
-0.21839    -0.97783    -0.88187    -0.32889     0.24371     -1.0471    -0.24371     -1.0471           1
0.26919    -0.94894     -1.5352     -1.1876    -0.66961   -0.097461    -0.34951    -0.17606           0
0.27592    -0.76008       -0.32     -1.0908    0.070118     -0.9248    -0.88379       1.025           1
0.21308     0.26113     0.56671     0.94894     0.84607     0.79164     0.61931      -1.172           0
-0.23637     0.16027     0.26247     0.39961     0.24839     0.42362       0.394     0.21707           1
-0.94894     0.31796      1.3932       1.256     0.42646      1.2008      0.3884     -1.7645           0
-1.6951      1.4539      2.5816      1.7464    -0.26919      1.7833      1.4001     -1.5948           1
0.35365    -0.62482    -0.49793    -0.83867     -1.7404    -0.86666     -1.1243      1.0584           0
-0.51935      0.7242     0.42717     0.60133  -0.0019461      1.1772     0.18265     -0.1537           1
-0.28807     -1.0404    -0.61225    -0.16027    -0.33438    -0.53425    0.057118      -0.136           0
-1.2252     0.62639      1.3076     0.83498     0.41229     0.52083     0.34537    -0.89923           1
1.6232    -0.53725    -0.87139    -0.84792    -0.94691     -1.1982     -1.3729     0.44644           0
-0.31659     0.01038    -0.40595     0.28267     0.18661    -0.21839     0.17935    0.031143           1
0.7091     -1.1441      -1.294      -1.581    -0.51786    -0.98624    -0.57971     0.16027           0
0.29484    0.097461     0.65266     0.45362    -0.67286     0.74801       1.217     0.67042           1
0.89535    -0.26247     0.23637    -0.50898     -1.1541     -1.0539     0.21043     0.10659           0
-2.6002      2.7959      2.3426     0.85165      2.4448     0.62009      1.8438     -1.4577           1
1.2763     -0.9695    -0.66394    -0.77052     -1.3932     -1.5523     -1.8229      1.1694           0
0.01557      0.7463     0.85632      1.0494     0.81855     0.53126      1.0404    -0.18925           1
-0.055818    -0.70744      -0.344     0.01557     -1.4035     -0.1629    -0.77052      1.5948           0
-1.9996     0.86101      1.1929     0.94285    -0.70162     0.97574      2.2438     -1.7524           1
1.1086     -0.6359    -0.96329    -0.71244     -1.2035    -0.35779     -0.7242      1.4392           0
0.31659     -1.2475     -1.5352     -1.1902     0.20049    -0.54626    -0.22371     0.55987           1
-0.057118     -0.2665    -0.64465     0.13011    -0.76703    -0.92679     -1.9901      1.0033           0
-0.23303     -0.2317    -0.48695   -0.055818      1.1643   -0.036336     0.16027    -0.16027           1
0.64705     0.32479     0.89438    0.066217     -1.3309    0.059717     0.55381    -0.74801           0
0.95507    -0.86289     -1.3184     -1.0791    -0.58894     -1.5289    -0.97574     0.25308           1
-0.51638    -0.75835     0.23637     0.14976    0.044127    -0.50308    -0.35227     0.93278           0
-0.087037      0.6599      0.6843     0.34675    -0.72927      0.7463     0.99259   -0.048673           1
0.71663    -0.81132    -0.33301     -0.1537      0.2317    -0.38211    -0.86101      1.3729           0
0.96846    -0.56747    -0.33301    -0.92679    -0.32684    0.083131     0.22238     0.53575           1
2.7959     0.36472     -1.3581     -1.2821     -2.1564     -0.9002     -1.0449      2.6853           0
-0.36888     -1.4428    -0.49793     -0.1092     0.10463     -1.1441     -1.6428     0.49134           1
-0.48695     -0.4753   0.0084334     -0.5523     0.27323      0.4753    -0.55381     0.62324           0
-0.25978    -0.33438     0.27862  -0.0090821      0.3912    -0.11704    -0.70744    -0.92878           1
2.1564     -2.0828     -2.3133     -1.6951     -2.1061     -1.9901    -0.51564      1.0338           0
-0.42646    0.036336    0.025951   -0.084433   -0.084433    -0.12226     0.20513    0.092248           1
0.77226    -0.42788  -0.0090821      0.3125       0.606     0.14189     0.21839    -0.17079           0
0.26381     0.73096      0.7549     0.28402     0.98835     0.67938    -0.32342     -1.1146           1
0.12488   -0.038283     -0.2766    -0.10398     -1.0206     -0.4972     -1.1955     0.96742           0
0.2618    -0.12749    -0.28604    -0.48841    -0.67612    0.089642    0.018165     0.83682           1
-0.73266     0.33438     0.95917       1.063     0.40524     0.81493     -1.1317    0.036336           0
1.6135     -1.1416     -1.5247    -0.84236     -1.2881      -1.014     -1.8438     0.90118           1
0.30978      1.0516      0.7549       1.414      0.6884      1.5994     0.16816    -0.68922           0
-0.64067    0.090945     0.60522     0.59049    0.097461    -0.19586    -0.10659    -0.24639           1
0.49647    -0.43358    -0.23103     0.60756    -0.90703     -0.1092    -0.64226    0.048023           0
-0.76182     0.15501     0.35779     0.72251     0.50972    -0.32069   -0.014272     0.29484           1
1.4283     -1.7061     -1.5185     -1.2349    -0.11965      -1.185     -2.1305     0.69252           0
-0.28402    -0.91884    -0.10007    -0.70744     0.32342      -0.394    -0.95711     0.36888           1
-1.7524    -0.10398   0.0084334     0.18925     0.82857     0.17869    -0.87234    -0.56595           0
-2.3963     0.60133      1.6064      2.2127     0.87614      1.2225      1.2008     -2.5638           1
1.0494     -0.3898    -0.56139     -1.2391    -0.14976    -0.53575     -1.2062     0.87234           0
-0.74117     0.14058      0.7549      0.2038     -1.0382    -0.16947    -0.19586    -0.81674           1
0.67449    -0.29755    -0.14911    0.014272     -1.1772    -0.77401    -0.59667     0.59049           0
-0.38141     0.79697     0.15501     0.67612     0.50455     0.01557     0.84236    -0.92281           1
1.2335   -0.084433     0.18595    -0.86477     -1.3262    -0.87996    0.087037     0.17342           0
0.57281     0.63907     0.56671    -0.56291     0.36611     0.21176     0.65186   -0.094854           1
-1.7584      1.1026       1.777      2.5306      2.7364      1.2197     0.88955     -1.4176           0
0.76442   -0.062317     0.60522    -0.98835    -0.12488   0.0064872    0.059717    -0.59203           1
-0.56443      1.8367      0.7091     0.30162    -0.28672      2.0291      1.8297   -0.035038           0
-0.7828     0.42078     0.25308     0.33987     0.66961     0.31114    0.084433     -1.3932           1
0.66475     -1.1824     -1.1491    -0.96123      0.2504    -0.55532    -0.15895     0.51638           0
0.54777   -0.097461    -0.26448    -0.26381     -1.0562     -0.1537     -0.5075      1.2252           1
1.1026    -0.88955     -1.3983    -0.68266     -1.2821    -0.88955    -0.82948    -0.11704           0
0.54175    -0.11116    -0.29687     0.30026     0.16092     0.16816   -0.087037      0.2317           1
1.063     -1.4845     -1.8655      -1.723    -0.49793     -1.4465     -1.4577      1.5415           0
-0.80412    -0.15107      0.7549     0.55835     0.10659     0.34537     -0.2317     0.56747           1
-0.46949    0.049322     0.29484    -0.11442    -0.19983    0.090945     0.81674    -0.19321           0
-1.2293     0.17342     0.58894      1.3436      1.5331      1.6951    -0.67205     -1.7897           1
-0.42504       0.606      1.9901     0.97993     0.58048     0.94083     0.81132    -0.67124           0
0.57971    -0.32889    0.025951    -0.58894    -0.42646   -0.031143    -0.12226     0.89729           1
