0.49647     0.87044    -0.84792     0.43786    -0.43643     0.52827     0.13796    -0.93078           0
-1.5632     0.94894      1.1416      1.1342     0.69169      1.3864      1.7524     -1.6736           1
-0.50308     -1.7173    -0.94184    -0.16158     0.35987    -0.32479     -1.1592     0.51194           0
-0.52977    0.083131    -0.67124    -0.21574      -1.291     0.89148    -0.20645    -0.66799           1
1.383    0.089642      0.3968    -0.28604    -0.27592    -0.41937    -0.31932     0.17474           0
-1.5063     0.77927       1.471     0.88379     0.86007       1.294      0.5149    -0.72758           1
-0.56747      1.5373      1.6816      1.9451      1.8655      1.5856     0.89729     -0.7549           0
0.68102    -0.19454   -0.054519     -0.4565    -0.96329     -1.4105    -0.44787     0.31114           1
2.1433     -2.1182     -2.3326     -2.7364     -2.0943     -2.1564     -1.6843      1.4614           0
-1.2391      1.6088      0.6843    0.062317     0.81132      1.4319     0.18661    -0.85913           1
1.9626      0.3856       1.777      1.7006    0.048023    0.068818    -0.52977     -2.8672           0
0.20778     -1.0011    -0.96329    -0.46082    -0.33163     -1.1772    -0.36749     0.48257           1
-0.56291     0.20778      0.7943     0.33712    -0.81493    0.071419    -0.40524    -0.11834           0
0.95302      1.1292   -0.077274    -0.42291      -0.435     0.44644     -1.4963     0.18265           1
-0.41724     0.85538     0.08834     0.17474     -1.2391   -0.033739      1.7173    -0.23437           0
0.35987    0.080527     0.42717     0.14714   -0.093551     0.61617    -0.56747      1.0722           1
2.9571     -1.5501     -2.4448     -1.8027     -2.3528     -2.3326     -2.7959      1.7464           0
0.97366     -0.2962  -0.0090821   -0.093551     -1.1592    -0.55381    -0.61382      1.4176           1
-0.67124      1.5654      1.5437     0.19586      1.0791      1.5165    -0.53425    -0.62009           0
0.42859      0.3968     0.65266   -0.061017    -0.13665      0.9368     0.43786    -0.15501           1
1.7897     -1.0908    -0.45003     -1.7464     -2.4198     -1.6843   -0.023356     0.14058           0
-0.28402    -0.91884    -0.10007    -0.70744     0.32342      -0.394    -0.95711     0.36888           1
0.71663    -0.50455    -0.49793    -0.05192    -0.98835     -1.3468     -1.2532     0.49867           0
-1.4652      1.3246      1.3076     0.51935      1.9451      1.0979     0.77401      -2.198           1
1.2503    -0.71244     -0.6983    -0.99047     -0.5874    -0.13796     -1.3763     0.62482           0
-2.1061      1.1268      1.6816      2.1182      2.2127       1.228      1.2197     -1.8438           1
0.28267    -0.66637    -0.28604     -0.1288      1.1516    -0.71915     -0.9248    -0.72251           0
-1.1863      0.3057    -0.91292    -0.63114      2.0716    -0.21972    -0.81493    -0.28807           1
-1.3932    -0.64386     0.52306     -0.2665      0.3863    0.011677     0.82765    -0.73605           0
-0.50898      0.7549      0.7943     0.53276      1.9808     0.54175    -0.40243   -0.025951           1
1.3372    -0.86101     -1.3729    -0.66313     -1.5043     -1.0427     -2.9571      1.3404           0
-0.89341     0.48695      1.3932      0.1432     0.15764     0.28537     0.31114     -1.4392           1
-0.035687     -0.4293     -1.1541    -0.54852    -0.87805     -1.4428    0.074021     0.96123           0
0.65829     -1.3061      -0.344    -0.80951     -0.8695    -0.94083    -0.59203     0.30026           1
-0.77226     0.18397   -0.077274     0.21441    -0.94285     0.22238       1.777    -0.31796           0
-1.1798      1.9118      1.9901     0.61069    -0.60289      0.4972     0.36195     0.37862           1
0.17869     -0.2038      0.3968    -0.02076     -1.2419    -0.70079     0.26247      1.2851           0
1.0791     -1.3696     -1.1268    -0.88763     -0.3842    -0.88763    0.022058     0.82036           1
0.25777     -1.3309    -0.44143     -0.5874    -0.96535      -0.435    -0.26784     0.56595           0
-0.6843    -0.40524    -0.58355      0.6843     0.30434     -1.0011     -2.0499     0.66799           1
1.4035     -1.3932     -1.2184    -0.86666    -0.91391     -0.2038     -2.2772     0.81312           0
-0.049972     -0.1629      0.7091    -0.51046     0.67286    0.070118    -0.46371    -0.40243           1
1.8881    -0.43643     -1.1086    -0.13273    -0.38071    -0.46515     -1.0206      1.1342           0
-1.2116    0.084433     0.52306       0.387    -0.62009    0.022707     0.61225    -0.32205           1
0.42362     0.42646     0.77576    -0.14058      -0.344      0.3125     -0.0266     0.27997           0
-0.91884     0.83315      2.5816      1.2617      2.1305      1.1567    -0.71077     -1.0908           1
0.49134    -0.12488     0.85632     0.26784     0.45146    0.066217    -0.29484     0.02076           0
-1.6329      0.4972       1.471      1.6736       1.128     0.73266     0.75317     -1.7346           1
0.48987     -1.0562    -0.14911    -0.40243    -0.37027     -0.2665    -0.68594     0.52678           0
-0.025951      2.3326     0.54476     0.24639    0.075322      1.6479     0.48257    -0.15895           1
-0.7463     -1.2589     0.23637    -0.37027     0.32205    -0.18133     -1.3325    -0.84978           0
-0.25241      1.5901      1.3932      1.1466    -0.66313      1.1643      1.7404     -1.3122           1
0.14255     0.72758     0.10463     0.73605    0.035038   -0.038933     0.37723     0.47457           0
0.058417     0.54325      0.6843     0.22704    -0.92878     0.19454      0.7463     -1.3468           1
0.64386    -0.73266     -1.0687    -0.21176    -0.91096     -1.2763    -0.55684      0.8304           0
-0.99047    -0.48111     0.89438     0.20645     0.87044    -0.16684     0.25308     0.74801           1
-0.64306       0.387      1.6816      1.6479      1.1824      1.4963     0.42362    -0.30706           0
-2.2772      1.5458      1.9901      1.0884    0.037634      2.1369     0.84978     -1.8161           1
1.5124     -1.5765     -1.7833     -1.5003     0.18265    -0.54325    -0.93781     0.99259           0
-1.6088     0.58124       1.471     0.70577     0.40243     0.89341     0.85725     -1.1503           1
-1.4502      1.1554      1.8692      2.4999      1.1441      2.6002      1.2675     -1.1902           0
-0.45218     0.68102     0.65266     0.94083   0.0012974      1.0932      1.0033    -0.71579           1
-0.018165    -0.73435      -0.344     0.02076   0.0077846    -0.21176     -1.0908     0.83867           0
0.72927    0.075322     0.15501    -0.41371     -1.0471    -0.40947   0.0051897    0.057768           1
2.1698     -2.2602     -2.0191     -1.7833     -1.7346     -2.3528      -2.374      2.6404           0
-0.30434     0.48403    -0.99684    -0.01557     0.52232    0.097461     -1.5331    -0.56139           1
0.9368    -0.21972    -0.26448     -0.4782     -1.1366    -0.65025   -0.076623      1.2733           0
-2.1564      1.1707      1.1929      1.1798     0.54325     0.91884    0.029196     -1.0427           1
1.3277     -1.3215     -1.7584     -1.1772    -0.45218      -1.469    -0.80054       1.469           0
-1.2293     0.17342     0.58894      1.3436      1.5331      1.6951    -0.67205     -1.7897           1
0.98835     0.01557    -0.14911    -0.30434     0.25576    -0.17606    -0.48987    -0.22904           0
0.57664     -1.1902     0.45218     0.77226     0.11377    -0.91687     0.60522     0.50161           1
1.1003    -0.58048    -0.30706    -0.28604     0.38141   -0.050621      -1.036     0.36333           0
-1.3696      1.6379      2.2053     0.41088      1.2363      1.0584      0.1092    -0.34537           1
-1.3184     0.55079     0.49867      1.0768     0.60756     0.85913    -0.13927    -0.56747           0
-1.3309      2.2053      3.2808      2.6002      1.5994      2.4999      2.6853     -2.6404           1
1.4247     -2.6404     -2.2127     -1.8582     -2.1182     -2.9571    -0.82036      1.8655           0
-0.029845      1.3932     0.52306      1.2225    -0.26113   -0.075322     0.13142   -0.070769           1
1.7346      -0.435     -1.1231     -1.3729     -1.7645     -1.6232     -2.0943      1.6379           0
0.065567    -0.85258     -1.0584     -1.7707    -0.49134      -1.334   -0.053869    -0.17211           1
0.14976    -0.54701    -0.21242    -0.63907     -1.0054    -0.22172      -1.025     0.92878           0
0.2618    -0.12749    -0.28604    -0.48841    -0.67612    0.089642    0.018165     0.83682           1
1.3031     -3.2808     -2.2602     -2.1564     -1.9366      -2.198     -1.3898       2.228           0
0.15633     0.28942    -0.45003     0.15107       0.394     0.15895     0.45938   -0.090945           1
-1.0184      1.0861     0.56671     0.54175      1.4729      1.7006     -1.6632     -1.4105           0
-0.50455     -0.3912    -0.74973    -0.01038     0.37653    -0.31523    -0.74544    -0.47384           1
1.2062    -0.52529    -0.29687    -0.53425      -1.581    -0.95917    -0.69913      1.4465           0
-0.23637     0.16027     0.26247     0.39961     0.24839     0.42362       0.394     0.21707           1
0.084433    -0.74288    -0.81674    -0.15567    -0.56443    -0.57205    -0.22105     0.74117           0
1.1902     0.32616     0.49867     0.37305     0.44143      1.1074    0.048023     0.66637           1
0.3125    -0.79876     0.13404    -0.18925    -0.58432    -0.48987     -1.2089     0.86477           0
-0.76703    0.050621     0.33026       1.723     0.82857     0.75835    -0.57817   -0.013623           1
0.43073    -0.62167     -1.1681      -1.572    0.027249    -0.60133    -0.50161    -0.50014           0
-0.98835      1.7833      0.6843     -1.5124    -0.46226     0.65507     0.44931     0.68758           1
0.2164    -0.74973    -0.61852    0.036336     -1.3663    -0.44214    -0.37444      1.4211           0
1.5901     0.41371    -0.12618     -1.0228     -0.9695     -1.1268     -0.2766     0.80233           1
0.41018  -0.0090821      0.2038      1.0119     0.59823      1.0162     0.34124     -0.4529           0
0.17474   -0.096158       1.046    0.081829    -0.70744    0.022707      1.1466     0.23437           1
2.1837    -0.82765     -1.2293     -1.5415     -1.8229     -1.1416     -1.2763      2.0606           0
-0.97574      1.5043       1.471      1.7707      1.5247     0.69747      1.2896     -1.2225           1
0.34882    -0.96329    -0.62797    -0.05322     0.46371    -0.27997    -0.82765     0.33026           0
-0.11704    -0.21707    0.049972    0.080527   -0.090294    0.050621    -0.79164     0.34675           1
-0.35503    -0.52678      0.3968    -0.29349     0.84978     0.41653     -0.3057    -0.34951           0
-1.8805      1.2792     0.62403      1.1902      1.7707     0.76877     0.11442     -2.1837           1
1.291     -1.9808     -1.9366     -2.6853     -1.9808     -2.1837     -1.3031      2.4714           0
-0.62324     0.39821     0.47384     0.31114  -0.0038923     0.51194     0.15895    -0.91489           1
0.79697    -0.69087    -0.58355     -1.0699     -1.2503     -1.0791    -0.98518      1.1982           0
-0.68266     0.56291     0.33026      1.4176     0.10463        1.35     0.48768    -0.53276           1
1.1541     -0.7549    -0.96329    -0.61538    -0.99047    -0.70577     -1.2035     0.76877           0
-0.45722    0.048023     0.62403     0.93881     0.36749     0.35918     0.30298    -0.96742           1
-0.89729     0.80233       1.046      1.4806     0.92679     0.96123     0.11834   -0.028547           0
-0.42646    0.036336    0.025951   -0.084433   -0.084433    -0.12226     0.20513    0.092248           1
0.023356     -1.6951     -1.0838    -0.33438  -0.0077846     -1.5331     -1.6736    -0.10268           0
-0.4928     0.74117      1.9901       1.185      1.3277      1.3092     0.32137     -1.6843           1
0.32889    -0.49427   0.0084334    -0.41653     -1.0584    -0.87044   -0.057118      2.0499           0
-0.34951     0.52529      0.7943     0.31932   -0.044127     0.28267     0.52232    0.071419           1
1.2377     -1.3597     -1.3468      -1.383    -0.92679    -0.61538     -1.3215     0.92181           0
-0.083131     0.87805      1.3932       1.105      1.1098     0.82218      3.0799     -3.0799           1
-0.12684     -1.0838    -0.10007    -0.36472    -0.42149    -0.23704    -0.52827    -0.51046           0
-0.70411    -0.46949    -0.47602     -0.3926    -0.32684    -0.80951     0.90312    -0.59513           1
-1.4923     0.81855      1.0943      1.8161      2.1061      1.4806     0.86101     -1.3372           0
-0.50161     0.62956     0.72927     0.51786   -0.012975     0.72251     0.28402    -0.83867           1
0.48549    -0.44859    -0.52827      0.2397    -0.86477      -1.363     -0.1537    -0.05192           0
-0.01038    -0.43928     -0.5928     0.74031    0.038933    -0.11965    0.075322    -0.62324           1
-0.78103     0.40665     0.89438      1.3696     0.57817      1.1183    0.031143     -1.2733           0
-0.093551      1.4845      1.3932     0.58124     0.94894      1.7404     0.58586     -1.0979           1
0.36611    -0.67124     -0.7828    -0.93278    -0.28875     -1.4035     -1.0979      0.1985           0
0.25308    -0.44357    -0.21242     0.24238    -0.84607    -0.17079     -1.8509     0.70411           1
0.34262     -1.8229    -0.57281    -0.21441    -0.96742     -1.1195     -1.0838     0.77052           0
-0.51935      0.7242     0.42717     0.60133  -0.0019461      1.1772     0.18265     -0.1537           1
1.1466      -1.297     -1.1942     -1.3898    -0.87234    -0.94285     -1.8094      1.2763           0
-0.54476     0.16158    -0.72589    -0.70245     0.69913    -0.83498    -0.95507    -0.32342           1
1.9808     -1.7464     -1.8161     -1.9366     -1.9282     -2.4198    -0.81855      2.7364           0
1.2574    -0.30502    -0.58355    -0.69087     -1.3184    -0.78456    -0.99047     0.86855           1
-1.2617     0.38141     0.47384    -0.38002     0.42788     0.44071     0.10007    -0.93479           0
-1.8094      1.5331     0.89438       1.228     0.75576      1.7645     0.94691    -0.24104           1
1.1317    -0.60133    -0.18661     -1.1929    -0.73096    -0.95302    -0.56139     0.88763           0
0.47602    -0.12095    -0.67124    -0.57358    -0.34813   -0.044127    -0.47966    0.025951           1
-0.46949    0.049322     0.29484    -0.11442    -0.19983    0.090945     0.81674    -0.19321           0
-0.3385     0.60912      1.1929     0.96123     0.72251     0.87805      1.2763    -0.77314           1
0.41866     0.91292     0.60522    -0.48111   -0.054519     0.47094     0.68102     0.72758           0
-1.1416      1.9199      1.9901      1.9808       1.063      1.9038     0.34813     -1.2252           1
-1.7584      1.1026       1.777      2.5306      2.7364      1.2197     0.88955     -1.4176           0
0.3926    0.054519     0.27862   -0.080527     -1.0327    -0.37027    -0.48403     0.23303           1
-1.9626      1.0908      1.3932      2.8672    -0.17211      1.5043      1.3001     -2.3326           0
-0.3884      1.4614      1.1416      1.8881      1.0838      1.9538      1.7645     -1.4539           1
-0.87996    -0.35503     0.42717    0.090945     0.84792   -0.024654    -0.19388     -0.2091           0
0.5149   -0.098765     0.33026     -0.2571     -1.0449     -1.1929    -0.40947   -0.093551           1
-0.027898      1.9282     0.95917     0.75145     0.59049      1.8582     0.41088    0.081829           0
0.065567     -1.5043     -1.5352     -1.5901    0.022058      -1.628     -1.9451     0.66313           1
0.55381     0.84978       1.471     0.77052     0.64067     0.97783      1.4211    -0.87234           0
-1.3881     0.18001     0.89438     0.58278     0.75317   -0.020111    -0.12357     -0.9248           1
0.78986    -0.79519    -0.40595      -1.291     -1.3966     -1.0653    -0.27457     0.85165           0
-0.64067    0.090945     0.60522     0.59049    0.097461    -0.19586    -0.10659    -0.24639           1
0.038933    -0.99259    -0.72589    -0.52232    -0.60912     -1.2532    -0.13665     0.65346           0
-1.1668   0.0077846     0.49867    -0.16684     0.77576     0.36195     -1.4283    -0.30978           1
0.0077846  -0.0051897   0.0084334    -0.83131   -0.070118    -0.22904    -0.45506     0.24906           0
-0.46805    -0.41512   -0.077274      1.8229     0.22105     0.68922     0.71579    -0.96535           1
-2.1698     0.83775      1.6816     0.81041      0.7463      1.8161    -0.05192     -1.7962           0
-0.18661    -0.53575    -0.58355    -0.54476     -1.0932    -0.62482    -0.15239    0.080527           1
-0.023356    -0.56139    -0.42291      -0.952    -0.68594    -0.79876     -1.2881      1.3092           0
-1.9199     0.99471      1.9901      1.3796      1.2225      1.8438      1.5676     -1.7464           1
-1.5901      2.0943      1.8692      2.1837      1.6951      2.1369      1.7584     -2.1061           0
0.0051897     0.89148    -0.82491   -0.022058     0.52977      0.7549     0.57129   -0.038933           1
0.11312     -2.0606     -1.7739     -1.5206    -0.40102     -2.0606     -1.4319      1.0119           0
0.22371      2.1182     0.62403    -0.63272      2.4198      2.3528      1.9038    -0.33026           1
0.569     -1.2062    -0.73861   -0.054519     0.48841    -0.36195    -0.81132      1.1929           0
-0.76877     0.83498     0.30706     0.30706     0.91588     0.41795     0.94083    -0.65668           1
-0.73435      1.1219     0.13404     -1.4283    -0.37444     0.27592   -0.098765      2.3963           0
0.042179     0.41088      1.3076      1.0699      1.0184      1.0427     0.08834     -1.2363           1
0.31796     0.70744     0.89438     0.44357      0.7369      1.0316    -0.11573    -0.52529           0
-0.50603     0.68758     0.89438     0.70079      1.3184      1.0272    0.089642    -0.40595           1
-0.33026    -0.48987   -0.022707     -1.3031    -0.60055    -0.53875    -0.49867    -0.57817           0
-0.10659    -0.05322   -0.022707    -0.35296     0.12226    -0.49867    -0.56443    -0.71244           1
-0.21972      1.4963      0.3968     0.24371    0.083131     0.35365     0.28267    -0.34124           0
-0.36888     -1.4428    -0.49793     -0.1092     0.10463     -1.1441     -1.6428     0.49134           1
1.2675   -0.057768    -0.68348     -0.1432     -0.7828    -0.28672     -1.7117     0.24238           0
0.31523     0.85165     0.29484    -0.72589     0.21507     0.91096    -0.41088     0.35503           1
1.4845    -0.87614     -1.6232      -1.105     -1.3898     -1.4176     -2.4198     0.56443           0
-1.0404     0.90312      1.0943     0.70245     0.69747      1.2881      1.6329    -0.93881           1
-0.11051    -0.51342    -0.52827     0.50161    -0.64545    -0.14583    -0.50308     0.55835           0
1.1929    -0.87044    -0.23837     -1.3565     0.22504    -0.94691   -0.096158     0.63748           1
-1.2225      1.2419      2.5816     0.79164     0.73266      1.7962      1.0382    -0.29891           0
-1.7346     0.64067     0.52306      2.7364      1.6232     0.81855     0.18925     -1.6041           1
0.013623    -0.28132     -0.5928    -0.98203    -0.52529    -0.62167    -0.37584    -0.70079           0
-1.1342     0.71747      1.1416      2.0499      1.1219      1.1317     0.85913     -1.4884           1
-0.61774     0.88283    -0.22238     0.68758     -1.0838     0.51342    -0.74288    -0.26515           0
0.24639      1.2851    -0.46226    -0.64386     0.58048     0.58432     0.28132    -0.21176           1
0.89535    -0.26247     0.23637    -0.50898     -1.1541     -1.0539     0.21043     0.10659           0
-0.93278     0.74801    -0.56139       0.824    -0.82948     0.34675      1.5458    -0.57052           1
-1.383     0.45938     0.72927      1.8367     0.91884     0.38281     -1.6329     -1.6789           0
-0.019463    -0.52827    -0.24906    -0.27323     -1.7173    -0.10659     -1.0516      1.7061           1
0.17079     0.70411      1.3932      1.5331      1.5373     0.74117     0.62324    -0.76877           0
1.0722     0.27794     0.13404    -0.76008   -0.097461     0.28132     0.20248     0.29349           1
1.1086     -0.6359    -0.96329    -0.71244     -1.2035    -0.35779     -0.7242      1.4392           0
-1.9118      1.3898      2.7959      1.6896      1.0294      1.6529      2.4999     -1.5124           1
0.35365    -0.62482    -0.49793    -0.83867     -1.7404    -0.86666     -1.1243      1.0584           0
0.48184     0.55987    -0.26448    -0.92082    -0.56139    0.019463    -0.84051      1.1391           1
-1.3468     0.67124      1.8692      1.2821    0.019463      1.0562     -0.2766    -0.27457           0
1.5632     -1.8367     -1.7464     -1.5588    -0.51046    -0.62956    -0.72083      1.4767           1
-1.2503       1.063      1.3076     0.69252     0.86855      1.3153      0.5523    -0.42788           0
-0.3057     0.33163     0.95917      1.1929   -0.061017     0.50235     0.19057    0.062317           1
1.6329     -1.3763     -1.5856     -1.1026      -1.407     -1.7645     -1.7962     0.82583           0
1.1824      -1.777     -1.6555     -1.4465    -0.94488    -0.94488     -1.0814     0.84699           1
-1.5331      1.5289       1.777     0.47094      1.8297      1.1798      1.9199      -1.291           0
-1.2763      1.8655      1.6816     -1.3372     0.65668     0.55381      1.6041      1.3565           1
1.0676     -1.7006     -1.5124     -1.2475     0.24639     -1.2419      -0.387     0.87044           0
0.86855      1.0338     0.58894     0.30842     -1.5994     0.27727   -0.081829   -0.081829           1
-0.93881     0.68266      0.7549     0.79697      0.3891     0.52232    -0.41371     -0.9695           0
-1.0607     0.21308      0.7943      1.1219      1.6329     0.30706     0.83131    -0.78986           1
1.1366    -0.95711    -0.80592     -1.0745     -1.3262     -1.2252    -0.90899      1.3309           0
-1.2008      0.1432       1.046           1     0.40665      1.0206     0.38281     -2.0191           1
0.7091     -1.1441      -1.294      -1.581    -0.51786    -0.98624    -0.57971     0.16027           0
0.11834     0.25308     0.65266   -0.027249    -0.54025    -0.48111     0.52977     0.41088           1
1.0494     -0.3898    -0.56139     -1.2391    -0.14976    -0.53575     -1.2062     0.87234           0
-1.1195     0.77052      1.3076      1.3597      1.0814      1.2546   -0.083131     -1.0206           1
1.0076    -0.80233     -1.0438     -1.1003     -1.3404     -1.1342     -1.3092      0.3884           0
0.3057     0.54626      1.1416      0.4666    -0.28132     0.26784       1.063    -0.69169           1
-0.18067   -0.011028     0.85632     0.45938    -0.61069    -0.10268     0.59667     0.14583           0
-1.7006      2.4999      1.0011    -0.33987     0.59513      2.4198      1.8229    -0.71747           1
0.83959     -1.0449     -1.8094     -1.9716     -2.2602     -1.7897     -1.0699      2.4448           0
-0.36749     0.61695     0.52306     0.54476     -0.4565     0.92679     0.43928    -0.16816           1
-0.25442     0.57052  -0.0090821     0.61617     0.14845     0.84236      1.1317     0.48403           0
-0.71412     0.89923       1.777     0.93278      1.0873       1.658      0.6359    -0.21574           1
-0.824    -0.13796      0.2038     0.29484     0.31387     -0.1432   -0.029845     0.67612           0
-2.9571    -0.36472      0.9238     0.54626     0.71999    0.040231     0.76008     -2.0828           1
0.5874    0.070118     0.12226    -0.34813    -0.48184    -0.13534     0.34675     0.69005           0
-0.15501     0.13927      0.7943     -0.1629     0.24371     0.13273     0.54025    -0.86101           1
0.15107     0.82309      1.1416      -1.297     -1.1643   -0.016867      1.1929      1.4923           0
0.08834    -0.63748     0.62403    -0.22371     0.18529    -0.58432      0.5112     -1.5632           1
-0.4753     0.79341      2.2053      1.1391      1.4247      1.9716     0.84792    -0.30162           0
-1.7404      1.2821      1.3076      1.4577     0.12749       1.217      1.1003      -1.025           1
1.5206     -1.5901     -1.8438     -1.7645    -0.61382     -1.3092      -2.198      1.0516           0
0.96846    -0.56747    -0.33301    -0.92679    -0.32684    0.083131     0.22238     0.53575           1
-1.6183    -0.95098     0.27862    -0.77489     0.31932    0.057118    -0.42788    -0.97157           0
0.55532    -0.77752     -1.2461    -0.30298     0.56747   -0.083131    -0.46949    -0.59978           1
1.2143    -0.61382    -0.73861    -0.76529     -1.4963     -1.0494    -0.90605      1.1292           0
-0.38141     0.79697     0.15501     0.67612     0.50455     0.01557     0.84236    -0.92281           1
-1.414      1.1772     0.27862     -3.2808    -0.95098     -0.4753      1.2035      1.5043           0
-0.063617     0.59049     0.49867     0.86477    -0.22238      1.0838     0.44644     0.36195           1
-1.8959      1.4884     0.35779    -0.35503     -1.0272     0.32479     0.12749    0.050621           0
0.54476     -0.5149      0.6843    -0.27188       -0.44    -0.49573     0.30638     0.84236           1
0.3863    -0.40383    -0.18661     0.15633    -0.62797    -0.71412    -0.11442    0.089642           0
-0.1079      2.0552      1.1416     0.58432     0.53425      1.7897     0.84051    -0.70577           1
2.2949     -1.0228      -1.407     -1.5458     -1.7006     -1.6529    -0.45362      2.0291           0
-1.5501     0.37862       1.777     0.27323    -0.25576     0.41371     0.69913     -1.1466           1
-0.65025       1.294      1.9901      1.0316     0.30094     0.98835     0.37444    -0.73266           0
0.29213    -0.65507     0.42717     0.41653     0.37305     -0.2504     0.36611     0.45938           1
-0.26919    -0.16947   -0.036985    -0.45794      1.1366     0.10398    -0.25442     0.54325           0
-0.40524     0.52232       1.046     0.55987    -0.29891     0.66313    -0.34675    -0.40595           1
2.0044     -1.4729     -1.7739     -1.5544    -0.44716     -1.0699     -1.9538      1.0054           0
-1.0382      1.0011      1.8692     0.81855     0.83867     0.66637     0.72251     -1.8959           1
0.027249    -0.54928     -1.0108     0.25844     -1.0955     -1.0119      0.2962      0.3125           0
-0.21839    -0.97783    -0.88187    -0.32889     0.24371     -1.0471    -0.24371     -1.0471           1
-0.085084    -0.34124     0.27862     0.49573    -0.45506    -0.01038   -0.042828     0.35227           0
-1.0316     0.94691      1.5437     0.50455     0.35779      1.1982     0.48403    -0.82218           1
0.44214      1.1811     0.29484    -0.80412     0.46805     0.64067     0.35089     0.39821           0
-0.32069    -0.69417     0.27862    -0.11573     0.47602    -0.17738    -0.28875     0.40032           1
-0.69087     0.65507     0.82127      1.3763      0.5075     0.61617   -0.053869     -1.2447           0
-0.63114      2.0394     0.85632    -0.42504    -0.01038    -0.36611     0.52083      0.2397           1
-0.15239    -0.71915    -0.95098    -0.99898    -0.59126    -0.46371    -0.23637     0.62797           0
0.18529      1.3983     0.82127     0.34262     0.43215     0.59978       1.046     0.91292           1
0.14058   -0.050621     0.42717    -0.20513    -0.13796    0.064917    0.070118      0.1537           0
-0.57971    -0.10137     0.89438     0.36056     0.76703     0.73435      0.6599    -0.95302           1
-0.27592    -0.41937     0.29484   -0.018165      -1.105    -0.35641     0.79164      1.3484           0
-0.37305   -0.080527    -0.42291       0.394    -0.76529     0.12749    -0.31659    -0.50161           1
-0.7242      1.6017      0.7091      0.1079    -0.26784      1.0011      1.3122    -0.34262           0
-1.1541     0.88283     0.82127     0.81041     0.19454      1.0745     0.77226    -0.74117           1
-0.94488     0.67449       -0.32     0.74801      0.3091     0.76529    -0.38281    -0.70744           0
0.37584     0.92281     0.65266     0.32889    0.080527     0.28942     0.57817     0.19321           1
1.4502    -0.32205    -0.10007    -0.72927   -0.020111     -1.1541    -0.12488     0.57894           0
-0.18793     0.93479     0.29484     0.68266    -0.57281     0.96742     0.32889      1.7117           1
-0.5149     0.59667      1.8692     0.28132     0.36195     0.59513     0.91292    -0.85258           0
-1.2197     0.46949      1.0011      1.9538     0.80054     0.46805     0.63907     -1.3031           1
0.74117     0.22371   -0.054519    0.012975    -0.16027    -0.44931    -0.15107     0.33644           0
0.49427     0.84421     0.13404    -0.10268   -0.024654     0.27188     0.54626      1.4652           1
0.19454     0.38002     0.33026   -0.098113    -0.71244    -0.16421     0.40102    0.017516           0
0.38141     0.45218      1.1929     0.34813    -0.13076     0.11181      1.0664     0.46949           1
1.1243     -1.1694     -1.1681     -1.1617     -1.5289     -1.0873     -1.9996      1.8509           0
-0.58432      1.6479      1.6064      1.4845     0.89923      2.0394     0.42504    -0.10985           1
-0.29349    -0.12618     0.37514    -0.88379     -1.8094    -0.76182    -0.01557     0.86666           0
-1.8229      1.8263       1.777       1.025     0.45506      1.5415      1.1098     -1.5765           1
0.23037    -0.15764     0.33026     0.21176     -1.2617    -0.14976    -0.78809      1.3696           0
-1.581      1.7584      1.6064      2.4714      1.7346      2.6404      2.0499     -2.3528           1
0.019463     -1.7707    -0.85819    -0.48549     -1.3763     -0.5075    -0.69747      1.5165           0
-0.16947      1.1317      0.9238     0.72927      0.2397      1.3122     0.56747     -1.0033           1
0.2038     -1.1466    -0.46226    -0.28402    -0.77927    -0.80772     -1.0768     0.54025           0
-0.61382     0.78103      1.3932      1.6684      1.3663      1.2733      2.3963      -1.572           1
0.37723     -1.1195    0.038283    -0.31114     0.67775    -0.12488     -1.2008    -0.23103           0
0.087037     -1.3092     -1.4652    -0.46805    -0.26247    -0.35503     -1.6896      1.4577           1
1.217     -1.2391     -1.6763     0.12618     -1.0162    -0.29213    -0.19057      1.8438           0
-0.087037      0.6599      0.6843     0.34675    -0.72927      0.7463     0.99259   -0.048673           1
0.79876    -0.99898     -1.6329    -0.72758     0.16553   -0.014272     -1.0539    -0.67938           0
0.23704     0.41229      1.3932     0.38002    -0.28267     0.51638     0.27323    -0.12749           1
0.13665     -1.5247    -0.99047     -1.0596    -0.10007     -1.0562     0.17079     0.71412           0
-2.2602     0.74288      1.1416      1.8509       1.414      1.8959      0.3856    -0.39961           1
-0.070118     0.21043     0.14452     0.32479    -0.48914     0.30298    -0.87424    -0.35503           0
-0.2038     0.50603      1.1929     0.57052     0.65186     0.43928  -0.0071359    -0.60756           1
0.10398     0.68922    -0.11442  -0.0025949     -0.2277     0.22371     0.36749    -0.58278           0
-0.085084     0.32342     0.77576     0.69913    -0.77752     0.20115     0.11965    -0.10007           1
-0.16027    -0.77226    0.068818   -0.074021    -0.20248     0.25174    -0.56291      0.3912           0
0.26784     -1.3184     -1.0022    -0.30026     0.77401     -1.6632     -2.1837    -0.18793           1
0.97574      1.6896   -0.077274    -0.90899    -0.01038     0.40383    -0.14583    -0.34813           0
-3.0799      2.0092      1.5437      2.6404      1.8438      1.2704      1.5901     -1.5165           1
-0.52083    0.087037      1.0943   -0.065567     0.42008     0.77401      1.1516    -0.44071           0
-0.99259     0.97783       1.471     0.96329       1.172      1.3898      1.5289     -1.2675           1
0.76877     -2.1061     -1.4373     -1.3184    -0.31932     -1.0404     -1.9716     0.80772           0
-0.4782     0.26448     0.58894     0.12357    -0.17606     0.54325     0.73266    -0.64705           1
0.90118     0.12226     0.30706    0.054519     -0.3125    -0.40172   -0.070118     0.75662           0
-1.5458      1.0584      1.9901      1.6529      1.0584      1.1491     0.87234     -1.3436           1
0.43643     -1.1955     -1.3184     -1.3663    -0.40383    -0.96742    -0.78456   0.0090821           0
0.27323    0.058417     -0.2766    -0.07272    -0.61225   -0.093551    -0.16816     0.57358           1
0.71663    -0.81132    -0.33301     -0.1537      0.2317    -0.38211    -0.86101      1.3729           0
0.29484    0.097461     0.65266     0.45362    -0.67286     0.74801       1.217     0.67042           1
0.62009     -0.2397     0.18595    -0.42788     -0.7369     -1.2851     0.11181     0.22371           0
-1.0228      1.2062       1.471     0.75662       1.407      1.9118      1.2143     -1.9538           1
-1.217      2.0716      1.9901    -0.28267       1.128      1.5458      1.3404     -2.5306           0
-1.1098      1.3388     0.85632     0.29078     0.98413      1.2821     0.78986     -1.0814           1
2.3133     -1.5676     -1.8881     -2.2602     -2.8672      -2.374     -1.7707      1.5458           0
-1.2589     0.66961     0.95917      1.6183      1.5083     0.22637     0.95917    -0.43358           1
0.86666   -0.054519     0.47384    -0.18397    -0.50898   -0.048023     0.14714     0.30298           0
-0.63272      1.4265     0.33026    -0.17408     0.88955     0.69087      1.2617     -0.3571           1
0.7549    -0.54476    -0.17276    -0.86101     -1.7117     -1.3277    -0.73266      1.1643           0
-1.3404    -0.76182    -0.18661     0.45218     0.46226   0.0077846     -0.9602      0.1432           1
0.60444     0.40806    -0.76182     -0.6843    0.054519     0.53575    -0.25576     0.89148           0
-0.12684       1.407     0.10463    -0.73096    -0.77052   -0.059067    -0.67612     0.43786           1
1.5165    -0.89148    -0.92579     -1.0382     -1.0539     -1.5458    -0.82218      1.3597           0
-0.15633       1.291      1.5437     0.81312      0.2571      1.8881    -0.11312     0.17738           1
2.4198     -2.0291     -2.1182     -2.5638     -2.0394     -1.9626     -1.1026     0.83498           0
0.4529       1.036   0.0084334    -0.19586     0.50603    0.036336     0.57971     0.26583           1
0.5928     0.48841    -0.57281      1.1746    -0.19189     0.78986    -0.21176     0.33918           0
-1.2792      1.1592      2.5816     0.78103    -0.17869       1.777      0.6843    -0.31659           1
-0.98203      2.4198     0.85632    -0.59513    -0.54626      2.4714     0.67938     0.12488           0
-0.88187     0.60756      0.9238     0.92679      1.2763      1.1146     0.46949    -0.87614           1
-0.71244    -0.31114    -0.13665    0.063617     0.55835    -0.22438    -0.98518    -0.44644           0
-0.2317    -0.14714  -0.0090821    -0.21043     0.22371    -0.60756    -0.71747    -0.53725           1
1.7707     -1.9366     -1.8729     -2.4448     -2.4999     -2.0394     -1.3468      2.2949           0
-0.76182     0.15501     0.35779     0.72251     0.50972    -0.32069   -0.014272     0.29484           1
0.97783     0.11051    -0.79519     0.43429    -0.37653     0.44501     -1.0676     0.13534           0
-0.04153   -0.049322      1.0011     0.91096     0.44429    -0.55079      1.0943    -0.32889           1
0.70411   -0.045426    -0.52009    -0.61695    -0.29755    -0.36472    -0.60912    -0.14976           0
1.2617     0.55532       1.471     -0.2504    -0.41371    0.055818       1.228     0.44214           1
0.71999    -0.90508    -0.26448    -0.27053     0.20645    -0.93479    -0.27862     0.22238           0
-0.31932    -0.13534    0.068818   0.0064872     -0.2337     0.47966    -0.72673     0.17079           1
-0.30162  -0.0038923     0.42717     0.25442     -1.2008    -0.20645           0    -0.73946           0
-0.44716     0.35503      1.1416      0.3954      1.2447     0.55079     0.31523    -0.31114           1
1.063     -1.4845     -1.8655      -1.723    -0.49793     -1.4465     -1.4577      1.5415           0
0.22172     0.69582      1.1416      0.3057    -0.24238     0.60756     0.39821     0.18133           1
-0.75317      1.0228     0.77576      1.2062      0.5395      1.5083     0.47748    -0.57205           0
-0.85725     0.63748     0.85632     0.42362       1.117     0.93278     0.43643     -1.3277           1
0.54626   -0.027249    -0.40595    0.035038    -0.77576    -0.72336     -0.7828     0.18661           0
0.67124    -0.75317    0.025951     -1.0471   -0.023356    -0.53725    -0.13534     0.64705           1
0.56443    -0.66799    -0.33301     0.19983    -0.52678    -0.29755    -0.67205       1.334           0
0.82765     -1.3372     -1.6428     -1.0206      0.4782     -1.6088      -1.217      0.3968           1
-1.2733    -0.73776     0.23637     0.54325     0.48549    -0.27323     -1.1403    -0.23303           0
0.25978    -0.52977    -0.93379    -0.85538     0.16816     -1.1798    -0.17474     0.56291           1
0.19057     0.14452    -0.17276   -0.040231     -1.5206    -0.13665     0.42788     -1.3796           0
-2.0291      2.0191       1.777      1.6843      1.1146      1.4355      1.9996     -1.8881           1
-1.036     0.83131     0.95917     0.98624     0.97574     0.98098     0.53276     0.36611           0
-1.4465     0.76529     0.35779     0.72589     0.51638      1.1098     -0.2091    -0.64386           1
-0.10463      1.3597       1.046       1.334      0.3954      1.5373     0.69252    -0.69913           0
-0.23437      0.4293     0.45218    -0.22504    -0.39821     0.48403     0.46226    -0.57664           1
0.50455     -0.4928     -0.7828    -0.38141     -0.3905     -1.1146    -0.61147     0.70827           0
-2.8672       1.297      1.3076     0.78633      2.0394     0.82036      1.1798     -1.6232           1
-0.3947     -1.1592      0.3968    -0.30842    -0.12095    -0.67775    -0.80233      1.0861           0
0.34124    0.011677   -0.054519      -0.569    0.076623    -0.29078   -0.032441    -0.17869           1
0.63431    -0.48403    -0.22238    -0.19189      -0.394    -0.47675     -0.6599    -0.81132           0
-0.60756     0.94285      1.3932     0.32616    -0.33987     0.97366      1.3932   0.0051897           1
0.018165    -0.29213     0.23637    -0.81493    -0.90899    -0.89148     0.33987     0.22704           0
-2.2949     0.56595     0.82127       1.658      2.3963     0.85538      1.9282     -2.1433           1
0.098765     0.50898     0.16816     0.74031     0.64226    -0.12749     0.56291     0.73946           0
0.69417     -1.3246     -1.2881     -1.0316    -0.50308     -1.6428     -1.6041      1.4806           1
1.1195    -0.41795      0.3968    -0.73435     -1.2733    -0.71244    -0.58432  -0.0064872           0
-1.5588       1.228      1.6816       2.228      1.0033      1.2307     0.74973     -2.4448           1
0.6099     0.84607    -0.98308      1.0955     -1.4176     0.79697    -0.70245      1.0097           0
0.7463   -0.087037     -1.0239    -0.82218    -0.39961    -0.94894     -0.2397     0.33644           1
-0.13993      0.2397    -0.73861     0.13404    -0.10529     0.13796     -0.2277      0.3856           0
-0.72589      1.3565      1.3076       1.407      1.6843      3.2808       2.228     -1.4806           1
-0.62009     0.29078      0.6843     0.14845      1.2116     0.19321      0.3919      0.1079           0
-1.256    0.014272     0.95917      1.3864      1.9118     0.50898     0.72927     -1.7833           1
0.66475     -1.1824     -1.1491    -0.96123      0.2504    -0.55532    -0.15895     0.51638           0
1.0861     -1.5856     -1.0316     -1.3696      -1.185    -0.64386     -1.0404      1.2675           1
1.0516      -1.117     0.21906     -1.1982    -0.55987     -1.8805     -0.3125     0.99684           0
-0.068818      0.4753     0.10463     0.16947    -0.37305           0     0.14452    0.079226           1
-1.3092      1.0184      1.6064      1.5083     0.21176      1.4845      1.4577     -1.6379           0
-1.6736      1.6843      1.8692      1.1592      1.3565      1.5676      1.1982    -0.99259           1
-1.2821     0.17606       1.471      1.2089      1.5206     0.57052     0.35987     -1.8618           0
1.3729     -1.5588    -0.60289     -1.6183    -0.49573    -0.57511     0.04153      1.3061           1
0.78633    -0.58586    -0.24906    -0.73605     -1.1668     -1.4247     -1.1219     0.67938           0
-0.25978    -0.33438     0.27862  -0.0090821      0.3912    -0.11704    -0.70744    -0.92878           1
-0.13142     0.80412    -0.56139    -0.60367    -0.21308     0.37166     0.29891     0.40524           0
-1.8582      1.4355     0.82127      1.7117      1.4767      1.8297      1.4884     -1.6088           1
-0.78809     0.56139      0.6843      1.6088      1.4614      1.1746    0.079226    -0.27053           0
-0.46371      0.3954     0.72927    0.071419   -0.083131     0.45506    -0.59358    -0.66313           1
-1.363      1.0316      1.5437      1.5632      2.0191      2.2127      1.3864     -2.3133           0
-1.6896     0.45794      1.3076      2.1698      3.0799      1.9199     0.47966     -2.7959           1
0.94488      -1.228    -0.67124      -1.025    -0.10659    -0.88187     -0.1432     0.13273           0
0.57281     0.63907     0.56671    -0.56291     0.36611     0.21176     0.65186   -0.094854           1
-0.86666    -0.39821     0.16816    -0.42078    0.098765    -0.57817    -0.30842     0.40665           0
0.057118      1.4465      1.1929     0.27592     0.18001     0.88763      1.7897    -0.36611           1
