1.1982    -0.38281     0.12226    -0.45074     -1.2851    -0.29484  -0.0071359     0.64545           0
0.15961      1.0539     0.15501     -1.0861    -0.54476     -0.3968     0.37862   -0.058417           1
0.72758    -0.63272     0.08834     0.92281     0.29552    -0.21043    -0.28875    0.063617           0
-0.47966    -0.30978    -0.72589     0.91391       1.014     0.93881     -1.0653     -1.0294           1
-0.77664     0.77401      1.3076      1.7962     0.62639     0.79876     0.24371     -1.2008           0
-0.25978    -0.33438     0.27862  -0.0090821      0.3912    -0.11704    -0.70744    -0.92878           1
-0.81674      1.7061     0.85632     0.95917      1.4539      1.3966     0.99047    -0.96123           0
-0.21441     0.13273    -0.40595     0.84236   0.0038923     0.29078    -0.31523     0.16421           1
-0.56291     0.20778      0.7943     0.33712    -0.81493    0.071419    -0.40524    -0.11834           0
-0.43073     -0.5523    -0.84792     0.44071   -0.040231     0.64705     -1.1982     0.84051           1
-1.3277      2.6404      2.2053      0.2357      3.2808      2.6853      1.6736    -0.98624           0
-0.84236     0.49134     0.89438     0.64705     0.19718     0.95507     0.36958    -0.20645           1
0.75317     -0.9248      -0.344     0.40665    -0.73266   -0.025951    -0.85725     0.45794           0
-0.85351    -0.27929    -0.33301      1.0979     0.81674      1.1268    -0.64386    -0.84607           1
-1.469      2.3133      0.9238     0.69747      -0.824      1.9451     0.74202      -0.569           0
-0.0077846   -0.070118    0.068818     0.54777     0.29349      0.3856      -1.185      0.6359           1
0.70411   -0.045426    -0.52009    -0.61695    -0.29755    -0.36472    -0.60912    -0.14976           0
-0.4928     0.74117      1.9901       1.185      1.3277      1.3092     0.32137     -1.6843           1
0.32752    -0.58278    -0.46226    -0.65507    -0.79519    -0.33026    -0.83498     0.55684           0
-1.0404     0.90312      1.0943     0.70245     0.69747      1.2881      1.6329    -0.93881           1
1.4247     -2.6404     -2.2127     -1.8582     -2.1182     -2.9571    -0.82036      1.8655           0
-1.9451      1.1379      2.5816      2.3963      1.3246      1.1416     0.93078     -1.6479           1
-0.059067    -0.98413    -0.47602    0.087037     0.76182     -1.0076     -1.7404    -0.14452           0
-1.5247       1.469       1.777      1.1195      1.9626      1.1876     0.88379    -0.91292           1
1.1955     -1.5415     -1.1681     -1.0955     -1.5458     -1.5247     -2.5306      1.5003           0
0.31659     -1.2475     -1.5352     -1.1902     0.20049    -0.54626    -0.22371     0.55987           1
0.85165    -0.25576     -1.7006    -0.76703     0.33301    -0.14714    -0.43358     0.77927           0
-0.65507    -0.29349   -0.022707     0.63748     0.62245     0.35779     0.34331    -0.60912           1
0.46805    -0.78986     -1.4943     -1.0516     -1.4428    -0.83315     -1.5501       1.297           0
0.0019461    -0.36611  -0.0090821    -0.48987    -0.21176     0.15633    -0.52678    -0.51342           1
-1.0814     0.32821      0.7091      0.4928    -0.36888     0.33712    0.039582     -1.4923           0
0.10659    -0.01557     0.52306    -0.19718    -0.70411      0.2357     0.29213    0.040231           1
-0.17606     0.44931     0.72927     0.87996     0.35503     0.47384     0.61538     0.51935           0
0.18529      1.3983     0.82127     0.34262     0.43215     0.59978       1.046     0.91292           1
0.80592    -0.92281    -0.26448    -0.90312     -1.3729      -1.407   -0.085735      1.2143           0
-1.6529     0.78809      1.5437      2.0716      2.6853      1.6684      1.4963     -1.9901           1
-1.2225      1.2419      2.5816     0.79164     0.73266      1.7962      1.0382    -0.29891           0
-2.1061      1.1268      1.6816      2.1182      2.2127       1.228      1.2197     -1.8438           1
0.53875     0.75835     -1.2102    -0.40383    -0.83131      0.2038      -1.063     0.47239           0
-1.7962     0.90899      0.7943       1.777     0.57358      1.6041     0.70245     -2.1305           1
0.74117     0.22371   -0.054519    0.012975    -0.16027    -0.44931    -0.15107     0.33644           0
1.2574    -0.30502    -0.58355    -0.69087     -1.3184    -0.78456    -0.99047     0.86855           1
0.16421     -0.2504    -0.40595    -0.26784      -1.025    -0.71579     0.23303     0.56139           0
1.6379      -1.294     -1.3046     -1.0653     -1.3468     -1.5994     -1.8729      1.4247           1
-1.0861      1.0562     0.95917     0.41937       0.824     0.56443     0.96535    -0.41512           0
-1.5501     0.37862       1.777     0.27323    -0.25576     0.41371     0.69913     -1.1466           1
0.68922    -0.17079     0.18595    -0.93479      -1.256    -0.43786    -0.25978     0.25844           0
-1.7346     0.64067     0.52306      2.7364      1.6232     0.81855     0.18925     -1.6041           1
0.30978      1.0516      0.7549       1.414      0.6884      1.5994     0.16816    -0.68922           0
-1.8161      1.6183       1.471   -0.085735      2.7959     0.92878     0.64067    -0.55684           1
1.3184     -1.9716     -0.3898     -1.2763    -0.79253    -0.86855    -0.10137      1.9199           0
-1.0228      1.2062       1.471     0.75662       1.407      1.9118      1.2143     -1.9538           1
0.4666    -0.38141    -0.88187    -0.77752     0.34675    -0.52381     0.15107     0.32069           0
0.77664     0.80951    0.068818     -1.4035    -0.68266     0.34951    0.080527     0.34813           1
-1.3932    -0.64386     0.52306     -0.2665      0.3863    0.011677     0.82765    -0.73605           0
-1.7833      1.1617      1.9901      1.0814     0.95098     0.76355     0.57129       -1.35           1
0.77226    -0.42788  -0.0090821      0.3125       0.606     0.14189     0.21839    -0.17079           0
1.6135     -1.1416     -1.5247    -0.84236     -1.2881      -1.014     -1.8438     0.90118           1
0.9368    -0.21972    -0.26448     -0.4782     -1.1366    -0.65025   -0.076623      1.2733           0
1.5083    -0.84051     -1.4786    -0.94894    -0.20115    -0.54777    -0.57358     0.61069           1
-0.63907      1.0206    -0.11442     -1.5856    -0.24104     0.33026     0.63748     -0.3912           0
0.18001    -0.55987    -0.85819    -0.23637     -0.2038    -0.97366     -1.0382     0.27592           1
2.8672     0.47384     0.49867      1.2475   -0.027249     0.66475    -0.14845      1.1824           0
1.1824      -1.777     -1.6555     -1.4465    -0.94488    -0.94488     -1.0814     0.84699           1
0.0077846  -0.0051897   0.0084334    -0.83131   -0.070118    -0.22904    -0.45506     0.24906           0
-0.3057     0.33163     0.95917      1.1929   -0.061017     0.50235     0.19057    0.062317           1
0.33781    0.038933    -0.28604    -0.66637    -0.18793    -0.72083     0.48549     0.14452           0
-1.8094      1.5331     0.89438       1.228     0.75576      1.7645     0.94691    -0.24104           1
-2.7364     -1.6684     -3.0799     -2.6002     -3.0799     -1.8509     -3.0799     -2.2772           0
-0.85725     0.63748     0.85632     0.42362       1.117     0.93278     0.43643     -1.3277           1
0.77927      1.4465      1.3932     0.21707      1.0011      2.0499      1.3966    -0.30298           0
-1.1541     0.88283     0.82127     0.81041     0.19454      1.0745     0.77226    -0.74117           1
1.0607    -0.57511      -0.344    -0.87614     -0.6843    -0.34951    -0.18265     0.60133           0
-1.8729   -0.016867      1.6064      1.1026    0.062317     0.45362      1.2589     -1.3061           1
-0.98624     0.66637      1.0943     0.83131           0     0.83867     0.80592     -1.1785           0
-1.4193     0.19057     0.54476      1.3532      2.1182     0.67449    0.098765     -1.2335           1
0.55987    0.017516       -0.32    -0.17408    -0.42362      -0.569    -0.28537     0.68348           0
0.38141     0.45218      1.1929     0.34813    -0.13076     0.11181      1.0664     0.46949           1
-0.65346    -0.68922    0.038283     0.67449     0.54928    0.076623     0.14189    -0.79164           0
0.13469    0.031143     0.23637    -0.40947    -0.68102    -0.34124     0.37584    -0.31523           1
0.079226     0.04153     0.85632     0.84607      0.2277    -0.05322    -0.52529     0.16947           0
0.2618    -0.12749    -0.28604    -0.48841    -0.67612    0.089642    0.018165     0.83682           1
1.9199     -2.1305      -2.374     -2.0394     -1.6379     -1.9366     -1.0119      1.4355           0
-0.30434     0.48403    -0.99684    -0.01557     0.52232    0.097461     -1.5331    -0.56139           1
0.20513     -1.7288     -1.1391     -1.5165    -0.99259     -1.0745     -1.1403      1.4502           0
0.1537      1.0076     0.18595      0.5149    0.035038     0.50455     0.21308     0.68102           1
0.78986    -0.79519    -0.40595      -1.291     -1.3966     -1.0653    -0.27457     0.85165           0
0.27862    -0.59667    -0.65346    -0.77489    -0.55079     -0.3898    -0.29349     0.34537           1
-0.35779     -1.4158     -1.2391    -0.67449      -1.036    -0.98413    -0.48622     0.91489           0
-1.0449     0.90118     0.42717     0.94691      0.1079      1.2419     0.57664    -0.66961           1
0.31114    0.066217     0.18595    -0.81674      -1.334    -0.40172     0.17935     0.22504           0
-0.40524     0.52232       1.046     0.55987    -0.29891     0.66313    -0.34675    -0.40595           1
-0.10137     0.20645     0.77576    -0.24505    0.057118     0.30842    0.076623     0.42788           0
1.0722     0.27794     0.13404    -0.76008   -0.097461     0.28132     0.20248     0.29349           1
0.99471     -1.0653    -0.64465    -0.53126     0.12357    -0.82218    -0.48622     0.38002           0
-2.9571    -0.36472      0.9238     0.54626     0.71999    0.040231     0.76008     -2.0828           1
0.93078    -0.47966     -1.2704    -0.94083    -0.88187     -1.6789     -0.6843      1.3215           0
0.95302      1.1292   -0.077274    -0.42291      -0.435     0.44644     -1.4963     0.18265           1
1.3153    -0.77927     0.26717    -0.17738     -1.5588    -0.86101   -0.031143     0.76008           0
-1.5124     0.62167      0.7549      0.1985     0.66799     0.29484     0.91588    -0.14714           1
1.4176     0.30842    -0.28604    -0.62956    -0.43786    -0.78633    -0.43073      1.1772           0
0.065567    -0.85258     -1.0584     -1.7707    -0.49134      -1.334   -0.053869    -0.17211           1
0.10398     0.68922    -0.11442  -0.0025949     -0.2277     0.22371     0.36749    -0.58278           0
0.55532    -0.77752     -1.2461    -0.30298     0.56747   -0.083131    -0.46949    -0.59978           1
1.0814     -1.3001     -1.7288     -1.6529    -0.51342     -1.0272    -0.86855      0.2357           0
0.56139    0.071419    -0.76182    -0.57205    -0.21441    -0.33163   -0.090945     0.46226           1
0.51638      -1.469     -1.0206    -0.14714     0.24839     -0.7828     -1.7006   -0.024654           0
-0.34951     0.52529      0.7943     0.31932   -0.044127     0.28267     0.52232    0.071419           1
1.0884     -2.0716     -1.9199     -2.4714     -1.8655     -1.8229    -0.59513      2.1837           0
-0.74117     0.14058      0.7549      0.2038     -1.0382    -0.16947    -0.19586    -0.81674           1
2.2602     -2.8672     -1.9451     -2.4999     -2.5306     -1.9282     -1.2617      1.7006           0
1.414    -0.86855     -1.1086     -1.2225    -0.69582     -1.0294     -1.9282     0.36749           1
1.228    -0.81674    -0.91292    -0.53575    -0.93379     -1.1876    -0.66799     0.41512           0
0.011677      0.1288     0.49867     0.37584    -0.26515     0.38141    0.037634     0.61225           1
0.32889    -0.49427   0.0084334    -0.41653     -1.0584    -0.87044   -0.057118      2.0499           0
-2.1837      1.0814     0.62403      1.4484      1.2881       1.723   -0.080527     -1.5544           1
0.7549    -0.54476    -0.17276    -0.86101     -1.7117     -1.3277    -0.73266      1.1643           0
0.35987    0.080527     0.42717     0.14714   -0.093551     0.61617    -0.56747      1.0722           1
0.17079     0.70411      1.3932      1.5331      1.5373     0.74117     0.62324    -0.76877           0
-1.5632     0.94894      1.1416      1.1342     0.69169      1.3864      1.7524     -1.6736           1
0.95098      -1.036     -1.2617    -0.89148     0.14452    -0.48257    -0.75317      1.2704           0
-1.2763      1.8655      1.6816     -1.3372     0.65668     0.55381      1.6041      1.3565           1
1.2307      -1.256     -1.4193     -1.5083    -0.92082    -0.74288     -1.7524     0.90899           0
-1.4465     0.76529     0.35779     0.72589     0.51638      1.1098     -0.2091    -0.64386           1
0.83959     -1.0449     -1.8094     -1.9716     -2.2602     -1.7897     -1.0699      2.4448           0
-0.61538      0.3898     0.95917     0.59823     0.33575     0.35503     0.18133    -0.27862           1
-0.21043     0.75145      1.2405     0.40947    -0.31387     0.28807     0.49793  -0.0090821           0
-0.18529     -1.5544     -1.2532     -0.7549    0.063617     -1.1516    -0.57052     0.82218           1
1.0272     -1.2225     -1.2792    -0.87044     -0.6884    -0.88379     -2.3528    -0.21839           0
0.95507    -0.86289     -1.3184     -1.0791    -0.58894     -1.5289    -0.97574     0.25308           1
1.9716     -1.0494     -1.8367     -2.0716     -2.0828     -1.1668     -1.1694      2.2438           0
-1.0539    -0.31796   -0.077274    -0.80592      1.5415     0.44931    -0.55079    -0.41937           1
0.62324    -0.95917    0.025951    -0.87424    -0.74117    -0.18793    -0.94488       1.014           0
0.058417     0.54325      0.6843     0.22704    -0.92878     0.19454      0.7463     -1.3468           1
-2.0394    -0.96742     0.56671    -0.14189      0.6099    0.080527    -0.40665    -0.88763           0
-1.7464     0.73605      1.9901      1.5901    -0.14845     0.85351      1.1391      -1.658           1
0.15764    -0.55684    -0.62797     -1.2733    -0.47384    -0.33438     0.48768    0.023356           0
-0.05322      0.2571     -0.6599   -0.092248   -0.042828    0.018165    -0.68102    -0.19057           1
2.0661     -1.9538     -1.9038     -3.0799     -2.4714     -1.5165      -1.723      1.2503           0
-0.77052      1.5206   -0.036985     -1.4767     0.19586     0.80951   -0.055818    -0.47094           1
-2.0499     0.13665     0.42717      1.5588      0.6843     0.41512     -1.0562     -2.3963           0
-0.63114      2.0394     0.85632    -0.42504    -0.01038    -0.36611     0.52083      0.2397           1
0.061667     0.43786      0.7943     0.12095    -0.75317     0.21441     0.27862    -0.27592           0
0.29213    -0.65507     0.42717     0.41653     0.37305     -0.2504     0.36611     0.45938           1
-0.53276      1.5144       1.777     0.80592     0.56291      1.8229      1.4176    -0.36749           0
-0.80412    -0.15107      0.7549     0.55835     0.10659     0.34537     -0.2317     0.56747           1
0.28537     -1.1772     -0.6983     -1.1694      0.5149     -1.8881     -2.1433    -0.11573           0
0.37444    -0.20513     0.10463    -0.47239    0.045426     -0.3842     0.45362     0.31932           1
0.71999     -1.0471     -1.0516     -1.4845     -1.1617    -0.65829    -0.96535      1.1955           0
-1.2197     0.46949      1.0011      1.9538     0.80054     0.46805     0.63907     -1.3031           1
0.87996    -0.62956    0.025951      -1.217    -0.48549    -0.82948    -0.89341     0.42504           0
-0.15633       1.291      1.5437     0.81312      0.2571      1.8881    -0.11312     0.17738           1
0.96535    -0.37166     -1.0884    -0.68758    -0.74459     -1.2646     -1.8959     0.57205           0
-0.28942     0.29484     0.18595      2.1305      1.3001       2.228     0.72589     -1.9626           1
-2.0191     0.85913      1.1929      1.3966     0.27997      1.5124      1.1746     -2.0716           0
-0.29484     0.26919       -0.32    -0.10007      0.1985     0.11442     0.80233   -0.061017           1
1.2574    -0.80412     -0.9002    -0.47675     -1.3597     -1.4963     -1.4729      1.2447           0
-1.3597      1.8438       1.471      2.5638      1.7584      1.4767       1.628    -0.43786           1
1.8582     -3.0799     -2.4198     -2.3528     -1.9199     -2.0291    -0.99684     0.77752           0
-0.84792     0.28402       1.777      1.1541      1.4319     0.56139     0.60133    -0.84792           1
0.47966     -1.4502    -0.21242    -0.37584     0.33712     -1.1592    -0.67449     0.20446           0
-1.0382      1.0011      1.8692     0.81855     0.83867     0.66637     0.72251     -1.8959           1
0.71244    -0.55079    -0.42291    -0.29755    -0.74117    -0.60912    -0.76529    -0.22172           0
0.92679     0.40524      0.6843   -0.032441  -0.0019461    0.092248    -0.57511     -0.2038           1
1.5165    -0.89148    -0.92579     -1.0382     -1.0539     -1.5458    -0.82218      1.3597           0
-0.72083      1.9408   -0.054519    -0.45362      0.3842      1.8509       2.374     -1.4614           1
2.1305     -1.1746     -1.1305     -1.6479     -1.9118     -1.6896     -1.5043      1.9282           0
0.34537     0.84236      1.1929      1.6632     0.48111     0.32752      1.5994   -0.054519           1
0.83498     -1.7346     -1.7645     -1.1643     0.15107     -1.2062     -1.9038   -0.075322           0
0.34124    0.011677   -0.054519      -0.569    0.076623    -0.29078   -0.032441    -0.17869           1
-1.036     0.83131     0.95917     0.98624     0.97574     0.98098     0.53276     0.36611           0
-1.1694      2.1369       1.777     0.74288   -0.038933      2.2772      1.0722    -0.99898           1
-0.387     -1.8161    -0.37584     0.13796    -0.46371    -0.20248     -1.0054     0.65507           0
-1.5373      1.8881      1.6064     0.64386      1.0562      1.6632       1.581     -1.0699           1
-0.53725     0.10268     0.62403     0.44931     0.10007     0.17474     0.73096      0.9368           0
-0.7549    -0.27323    0.025951    -0.10529    -0.42788     -1.0932    0.093551     0.21308           1
-0.63748     0.61225      1.1929     0.48914    -0.34675     0.79519     0.59823    -0.35987           0
1.3729     -1.5588    -0.60289     -1.6183    -0.49573    -0.57511     0.04153      1.3061           1
-0.031792    -0.57817     0.08834     0.27862     0.47384     0.21574    -0.23303   -0.042828           0
-1.4105     0.64865     0.21906      1.5023      1.2143     0.70994     0.19784    -0.63431           1
0.41018  -0.0090821      0.2038      1.0119     0.59823      1.0162     0.34124     -0.4529           0
-0.063617     0.59049     0.49867     0.86477    -0.22238      1.0838     0.44644     0.36195           1
-1.3532     0.55835      1.2405      1.1567      1.0404      1.4502     0.88763    -0.81855           0
-1.3138     0.51638     0.95917      1.3277    -0.29349      0.6843     0.46805     -1.2475           1
-1.5901      2.0943      1.8692      2.1837      1.6951      2.1369      1.7584     -2.1061           0
-0.44      1.4465       1.471      1.4767      1.4428      1.3372      2.1182    -0.48549           1
2.6002     -2.6853     -1.9282     -2.1182     -2.2949     -1.9716     -1.7173      2.1061           0
0.075322   0.0025949      -0.344      1.0516     0.82036     0.69417     0.24639    -0.98413           1
0.024654     0.23437     0.14452    -0.94285     0.72504   -0.080527    -0.27997     -0.4928           0
-0.2317    -0.14714  -0.0090821    -0.21043     0.22371    -0.60756    -0.71747    -0.53725           1
0.6099     0.84607    -0.98308      1.0955     -1.4176     0.79697    -0.70245      1.0097           0
0.98624      0.2277     0.35779     0.11573    -0.53276    0.028547     0.36958    0.095506           1
-0.82036    -0.42504      1.0943    -0.58586     -1.8805    -0.82036     0.90118     0.20778           0
-0.89535       1.572      1.3932      1.3309       1.291      1.2035      1.5856     -1.8729           1
0.52827    -0.85538    -0.17276     -1.2646    -0.47094    -0.52529    -0.85913     0.83315           0
-2.0291      2.0191       1.777      1.6843      1.1146      1.4355      1.9996     -1.8881           1
0.606    -0.40806    -0.60289     0.17342     -1.0294    -0.90312    -0.68758     0.31387           0
-0.80054    0.067517     0.89438     0.82948    -0.32479      1.1026     0.38141    0.087037           1
0.098765     0.50898     0.16816     0.74031     0.64226    -0.12749     0.56291     0.73946           0
-1.2589     0.66961     0.95917      1.6183      1.5083     0.22637     0.95917    -0.43358           1
1.2377     -1.3597     -1.3468      -1.383    -0.92679    -0.61538     -1.3215     0.92181           0
0.32616    -0.22371      0.3968    -0.22637    -0.33575    0.025951    -0.14714     0.07272           1
0.7352     0.64705      1.3076      1.5765      0.4565      1.3031      1.3796     -1.1929           0
1.2617     0.55532       1.471     -0.2504    -0.41371    0.055818       1.228     0.44214           1
0.55381     0.84978       1.471     0.77052     0.64067     0.97783      1.4211    -0.87234           0
0.69417     -1.3246     -1.2881     -1.0316    -0.50308     -1.6428     -1.6041      1.4806           1
-0.3947      1.9808      1.2405      1.8094     0.47094       1.172     0.35503    -0.44501           0
0.08834    -0.63748     0.62403    -0.22371     0.18529    -0.58432      0.5112     -1.5632           1
-0.55987      1.7494      1.6816      1.7897      1.9038     0.94285      1.7288    -0.39821           0
-0.37305   -0.080527    -0.42291       0.394    -0.76529     0.12749    -0.31659    -0.50161           1
-0.34262      1.1441      0.6843     0.41512     0.83131      1.2116     0.21707     -1.0955           0
-0.88187     0.60756      0.9238     0.92679      1.2763      1.1146     0.46949    -0.87614           1
0.44787    -0.54325    -0.89148    -0.78721     -1.1798    -0.43073    -0.41229      1.0076           0
-1.6736      1.6843      1.8692      1.1592      1.3565      1.5676      1.1982    -0.99259           1
1.8729     -2.0499     -2.2772     -1.7962     -1.8729     -1.3309    -0.65346      1.9538           0
0.87519       0.569     0.16816     0.08834     -1.0722     0.14452      -1.172     0.98203           1
-1.0745     -1.7584     -0.3898    -0.92281     -1.4001     -1.2821     -1.0884     -1.5247           0
0.1079     0.14976    -0.16224     0.48695    -0.61538     0.45218   -0.079226    0.033739           1
0.62797     0.08834    -0.57281     0.04153     -1.0119    -0.77052    -0.27053     0.27862           0
0.599     0.89341     0.30706      1.0206     0.33163     0.73776    0.033739      0.2571           1
0.05322    0.077924     0.30706   -0.071419     -1.2307  -0.0090821    -0.36056     0.28807           0
0.14583     -1.4001    0.049972    -0.46515      1.0228     -0.4293     -1.0294     0.28942           1
-2.1433      1.2307      1.5437      3.0799     0.99471      1.9808      1.7707     -2.4714           0
0.27323    0.058417     -0.2766    -0.07272    -0.61225   -0.093551    -0.16816     0.57358           1
-0.43358  -0.0025949    -0.29687      0.3926    -0.88379    -0.38002     0.24772     0.16553           0
1.1516    -0.46805    -0.72589     -1.0427    -0.88955    -0.30298     -1.0471     0.30842           1
0.62482    -0.60756    -0.71328     -1.1243    -0.17738    -0.43358    -0.62561     0.35779           0
-0.93278     0.74801    -0.56139       0.824    -0.82948     0.34675      1.5458    -0.57052           1
0.43643     -1.1955     -1.3184     -1.3663    -0.40383    -0.96742    -0.78456   0.0090821           0
-0.44716     0.35503      1.1416      0.3954      1.2447     0.55079     0.31523    -0.31114           1
1.0119    -0.96535     -1.3356    -0.53875    -0.30298     -1.2881    -0.58894      1.5331           0
-0.6359      1.1491      1.1929     0.73776      1.1798      1.3001      1.4355    -0.58432           1
0.10268    -0.67286     0.35779    -0.20645     0.41724     -0.7352     0.19454    -0.46226           0
-2.1564      1.1707      1.1929      1.1798     0.54325     0.91884    0.029196     -1.0427           1
1.4539    -0.26113    -0.91292      -1.414    -0.99898      -1.572     -1.3436      1.7404           0
-1.1798      1.9118      1.9901     0.61069    -0.60289      0.4972     0.36195     0.37862           1
-0.34675     0.67612      1.2405      1.0584     0.12618     0.80054      0.3385    -0.22438           0
-0.32069    -0.69417     0.27862    -0.11573     0.47602    -0.17738    -0.28875     0.40032           1
0.87805    -0.45938   -0.077274    -0.64545    -0.54325    -0.32205    0.066217      1.1478           0
-0.40665     0.53875     0.89438      1.2733     0.70245      1.0699   -0.074021   -0.089642           1
-0.13534     -1.0745    -0.42291     0.27457     0.17738    -0.68594    -0.92281     0.40806           0
-0.37027    0.044127     -0.6983     0.36333    -0.15633    -0.13404    -0.21972    -0.20778           1
0.14976    -0.54701    -0.21242    -0.63907     -1.0054    -0.22172      -1.025     0.92878           0
-0.76529      0.4565     0.42717     0.25978     0.30298     0.36611      0.4666      -0.344           1
1.2447     -1.3729     -0.7828      -1.531    -0.36472    -0.99898     -1.1466   -0.080527           0
0.15961      1.2617     0.08834     0.13927     0.10268     0.11834     0.76355   -0.022058           1
1.581     -2.0394     -1.9538     -2.3326      -2.228     -2.0499     -1.2675      1.6329           0
-0.25576    -0.55381     0.58894     0.14452    -0.85913   -0.084433     0.28672     0.64386           1
0.28267    -0.66637    -0.28604     -0.1288      1.1516    -0.71915     -0.9248    -0.72251           0
-0.58663     0.99684      1.3932      1.7524     0.31796     0.86289      2.4714    -0.47239           1
1.9282     -1.4539     -1.5458     -1.6896     -1.6632     -1.8367      -1.256      2.0716           0
0.045426    -0.14189   0.0084334     0.91884     0.51935     -0.5523   -0.045426     -1.2391           1
0.5928     0.48841    -0.57281      1.1746    -0.19189     0.78986    -0.21176     0.33918           0
-1.3696      1.6379      2.2053     0.41088      1.2363      1.0584      0.1092    -0.34537           1
0.035038      3.0799      2.3426     0.88187      2.0606      1.8094     0.95711    -0.97993           0
0.9602    -0.70079    -0.22238    -0.37723     -1.1876    -0.42646    -0.77576      1.2475           1
0.394    -0.45506    -0.46226    0.083131     -1.0814   -0.089642     -1.1003      1.4283           0
-0.1288      1.1074     0.82127      0.4753     0.52827       1.628       1.117    -0.21972           1
1.3231   -0.071419     -1.5856    -0.70411    -0.19388    -0.78809    -0.61147     0.28537           0
-1.7404      1.2821      1.3076      1.4577     0.12749       1.217      1.1003      -1.025           1
-1.723     0.46805     0.65266      1.5458     0.85351     0.88187    -0.46515    -0.88379           0
-1.1098      1.3388     0.85632     0.29078     0.98413      1.2821     0.78986     -1.0814           1
0.05192    -0.53875    -0.96329    -0.75835     0.11051    -0.69747     -1.7464     0.32889           0
-0.45362      1.1146      1.1416      1.0404    -0.32889     0.62797      1.4825   -0.019463           1
2.0943    -0.18925     -1.3779     -1.4319     -1.8509     -1.8655    -0.83682      2.5638           0
-1.5856      1.2391      1.6064       1.014     0.75835       2.198     0.24906    -0.90703           1
0.18925    -0.25174    -0.16224    -0.49134    -0.60756     -1.2116     0.81493     0.11769           0
-0.093551      1.4845      1.3932     0.58124     0.94894      1.7404     0.58586     -1.0979           1
1.0653     -0.4972    -0.65346      -1.036    -0.74117    -0.95098     -1.2821     0.70827           0
-0.57971    -0.10137     0.89438     0.36056     0.76703     0.73435      0.6599    -0.95302           1
0.34882    -0.96329    -0.62797    -0.05322     0.46371    -0.27997    -0.82765     0.33026           0
-0.08834     -1.0119     -1.0991    -0.62324     0.85538     0.12161     -1.9199    0.061017           1
1.0449    -0.31659    -0.52009  -0.0012974    -0.37653     -1.0619     0.19189      0.3057           0
-0.63431      1.2335      1.2405      1.7833      1.9716      2.4448      2.3133     -1.4211           1
1.0162     -0.2357   -0.054519    -0.78103   -0.079877    -0.67449    -0.77927   -0.027249           0
-2.3133      2.2686      2.5816      0.6359     0.86477       2.374      1.9366     -2.2438           1
0.32205    -0.30842    -0.61852  -0.0038923    -0.84236    -0.35089    -0.81312     0.44787           0
-0.34124     0.29891      0.2038    -0.14845    -0.71915    -0.34675     0.14845      0.1675           1
-0.3856      1.8729       1.471      1.0932      2.3133      2.5306     0.93278     -1.5373           0
1.0791     -1.3696     -1.1268    -0.88763     -0.3842    -0.88763    0.022058     0.82036           1
1.1491     -1.8729     -1.6088     -1.7288     -0.3571    -0.75662     -1.9366       1.572           0
0.37584     0.92281     0.65266     0.32889    0.080527     0.28942     0.57817     0.19321           1
3.0799     -2.2438     -2.5306     -1.8367     -2.7959     -2.2772     -1.6183      1.3153           0
-0.077924      1.0838     0.95917      1.2307     0.42504     0.70577      1.6843    -0.28267           1
-0.46082     0.30978     0.52306    0.011677     0.22238    0.016867    -0.19983      0.7828           0
-0.88379     -1.8438    -0.87139    -0.23037     0.27188      -1.658     -2.4714    -0.51194           1
0.71412     -1.2008    -0.81132     -0.2962    -0.14517     -1.3864     -1.7346      1.1798           0
-0.065567    -0.33712    -0.10007       1.291      0.2337     0.44357      -1.628     0.19718           1
0.72589      1.4123     0.26247      -1.334    -0.25978     0.49867   -0.058417    0.083131           0
0.91687    -0.80054     -1.2792    -0.16553    -0.90118     -1.7346    -0.92878     0.76703           1
-0.035687     -0.1537   -0.054519     0.37723    -0.84051     0.39821    -0.18397     0.64226           0
-1.4283     -1.0814     0.60522     0.35089     0.63272    -0.18265     0.21574    -0.71915           1
-0.84978     0.62797      1.3932     0.90899      1.3122      2.0943     0.16421    -0.62561           0
-2.0092      1.0676      1.1929      0.7463      1.2532      1.2675      1.0814     -1.0151           1
0.5523    -0.93881     -0.5365    -0.13011    -0.40665    0.075322     -1.0584     0.59203           0
-0.28537     0.25576     0.89438     0.46949    -0.35503     0.24639     -0.4565    -0.28672           1
-0.64545    -0.33026    -0.23837   -0.024654    -0.36749    -0.60444     0.62797    -0.73776           0
-1.7707     0.43928      1.0011      1.2143      2.2438      1.1466     0.07272      -1.628           1
1.9901    -0.83223     -1.4373     -1.6041     -1.6041     -1.8027    -0.91884      2.1564           0
-0.7828     0.42078     0.25308     0.33987     0.66961     0.31114    0.084433     -1.3932           1
0.78456     -0.7828    -0.63669    -0.84051     0.21707     -0.2962    -0.11965     0.20645           0
0.21839     0.12095     0.65266   -0.033739      -1.383    -0.42504     0.55532   -0.011028           1
-0.033739     0.22504      1.1416     0.15764    -0.38071    -0.17342       0.544    -0.49427           0
-0.72251      1.2252     0.33026      1.0471     0.40806     0.98098     0.46082     -0.6359           1
0.35779     0.61069       1.046       0.344     0.13273       0.387     0.89923    0.067517           0
-2.2772      1.5458      1.9901      1.0884    0.037634      2.1369     0.84978     -1.8161           1
-1.3001     0.44644      1.0011      1.3246   0.0051897     0.26515     0.29349    -0.26113           0
-1.1466      1.9996      1.6816     0.42078     0.36333      1.5289      1.3309    -0.45074           1
1.1541     -0.7549    -0.96329    -0.61538    -0.99047    -0.70577     -1.2035     0.76877           0
-0.019463    -0.52827    -0.24906    -0.27323     -1.7173    -0.10659     -1.0516      1.7061           1
1.2062    -0.52529    -0.29687    -0.53425      -1.581    -0.95917    -0.69913      1.4465           0
-1.294     0.85725      1.9901     0.92082    -0.62167     0.33987      1.1416     -0.6599           1
0.24505     0.20248     0.47384   -0.019463    -0.88763    -0.33575    -0.41512     -1.2116           0
0.35987       2.385     0.95917    -0.16816    -0.27188     0.58586      1.1668     0.45506           1
-0.44214      1.3325    -0.66394     -1.1122    -0.72251     0.91292     0.50014   0.0019461           0
-1.6896     0.45794      1.3076      2.1698      3.0799      1.9199     0.47966     -2.7959           1
0.58894     -1.1541    -0.24906    -0.22238     -1.5331    -0.65186     -1.3796       1.063           0
-1.3215    -0.41653     0.42717    -0.15107     0.81493     0.14976    -0.22504    -0.20513           1
0.94488      -1.228    -0.67124      -1.025    -0.10659    -0.88187     -0.1432     0.13273           0
-0.87805       2.385      2.3426      1.8655      1.7833      2.0191      1.1026     -1.3153           1
0.23303     0.25911    -0.84792   -0.065567    -0.44716     0.33438    -0.40383     0.32342           0
-1.4392     0.90508      3.0799      1.2503      0.6099      2.0828      1.7464      -1.297           1
0.21308     0.26113     0.56671     0.94894     0.84607     0.79164     0.61931      -1.172           0
-1.2293     0.17342     0.58894      1.3436      1.5331      1.6951    -0.67205     -1.7897           1
-0.95917      1.2035      1.8692      1.5544      1.6041      1.2646     0.13927      -0.824           0
0.73776    -0.24772     -1.6684     0.36472     -0.2504    -0.15107     -1.5373     0.52827           1
-0.33438    -0.38002   0.0084334   -0.016867    -0.41583    0.048023      -1.294     0.12095           0
0.3057     0.54626      1.1416      0.4666    -0.28132     0.26784       1.063    -0.69169           1
0.48987     -1.0562    -0.14911    -0.40243    -0.37027     -0.2665    -0.68594     0.52678           0
1.5632     -1.8367     -1.7464     -1.5588    -0.51046    -0.62956    -0.72083      1.4767           1
1.4963    -0.19189     0.16816     -1.3215     -1.9626    -0.85351    -0.58586     0.59978           0
-0.23303     -0.2317    -0.48695   -0.055818      1.1643   -0.036336     0.16027    -0.16027           1
-2.7959     -1.6736     -3.2808     -2.6404     -3.2808     -1.8582     -3.2808     -2.2949           0
0.82765     -1.3372     -1.6428     -1.0206      0.4782     -1.6088      -1.217      0.3968           1
1.4465    -0.99684    -0.74973    -0.97783     -1.6843     -1.4614     -1.5544      1.9118           0
-2.2602     0.74288      1.1416      1.8509       1.414      1.8959      0.3856    -0.39961           1
-1.4923     0.81855      1.0943      1.8161      2.1061      1.4806     0.86101     -1.3372           0
-3.0799      2.0092      1.5437      2.6404      1.8438      1.2704      1.5901     -1.5165           1
0.52381     -1.8582     -1.7173       -1.35     0.46515      -1.117    -0.50603     0.79341           0
0.40524      -1.723     -1.2532     -1.1342    -0.14058    -0.72927    -0.30026     0.25576           1
-1.0955    -0.14058     0.77576    -0.11704      1.2821     0.13534     0.41229     -1.1219           0
0.26381     0.73096      0.7549     0.28402     0.98835     0.67938    -0.32342     -1.1146           1
0.13796    -0.55532    -0.93379    -0.54025    -0.99471     -1.4652     -1.4105    -0.16947           0
1.1929    -0.87044    -0.23837     -1.3565     0.22504    -0.94691   -0.096158     0.63748           1
0.44214      1.1811     0.29484    -0.80412     0.46805     0.64067     0.35089     0.39821           0
-0.22371    -0.24639    -0.36403    -0.40806    -0.57281    0.032441    -0.12618   -0.096158           1
0.14058   -0.050621     0.42717    -0.20513    -0.13796    0.064917    0.070118      0.1537           0
-0.54476     0.16158    -0.72589    -0.70245     0.69913    -0.83498    -0.95507    -0.32342           1
0.84421     -1.0076    -0.42291    -0.91096   -0.094854   -0.092248    -0.59823     0.65106           0
0.82127    -0.66961    -0.49793    -0.30978     0.19057  -0.0064872     0.43073     0.12618           1
0.89052     -1.4806    -0.11442    -0.36056    -0.98413    -0.38211     -1.1824      1.0427           0
-2.3528      2.5469      1.3932   -0.035038     0.95711      1.6135      2.0716     -1.9038           1
0.57511     -0.3968    0.049972    -0.76877     -1.2675    -0.57971    -0.29891     0.23704           0
-0.44501    -0.25844    -0.16224    -0.86289   -0.031143    -0.62009     0.74801     0.08834           1
0.70245    -0.61538     -1.1541     -1.1074    -0.35089     -1.6684     -1.7897    -0.08834           0
-2.4999     0.95917      1.8692      1.4035     -0.1079     0.72758      2.1305     -1.8509           1
-1.5765      1.2184      1.3932     0.98413     0.11573      2.3326      1.3184     -2.1564           0
0.0051897     0.89148    -0.82491   -0.022058     0.52977      0.7549     0.57129   -0.038933           1
-1.6135      1.5415     0.95917      1.2391     -0.3057      1.4577      1.8655     -2.0291           0
-0.61382     0.78103      1.3932      1.6684      1.3663      1.2733      2.3963      -1.572           1
-0.027898    0.096158    -0.67693     0.77752     -0.3571    0.081829   -0.033739    -0.27727           0
-0.34468      0.2357      1.0011     0.50898     0.21839     0.36749     0.55079     0.22704           1
1.2646     -1.5373     -1.6379     -1.2252     -1.1982    -0.72336    -0.99471       1.294           0
-0.19586     0.40383      1.9901      0.4782      1.0119     0.77052     0.54175    -0.65346           1
0.96329    -0.67775     -0.2766    -0.77226     -1.4392    -0.55835    -0.97366       1.105           0
-0.50603     0.68758     0.89438     0.70079      1.3184      1.0272    0.089642    -0.40595           1
1.3966    -0.32752     -1.5588     -1.0054     -1.0979     -1.8094     -2.0828     0.41653           0
-1.7006      2.4999      1.0011    -0.33987     0.59513      2.4198      1.8229    -0.71747           1
-0.54325      1.9626      1.8692     0.21839     0.30094      1.4283      1.1541    -0.85725           0
-2.8672       1.297      1.3076     0.78633      2.0394     0.82036      1.1798     -1.6232           1
-0.43215     0.11965     0.52306     0.30978     0.77052     0.57971    0.049322     0.28267           0
-0.88571     0.64386      1.1416     0.66313      1.0768     0.72927     0.25978    -0.50603           1
-0.27862     0.73435    -0.50898     0.68922      0.9248     0.78809     0.49134     -1.0076           0
0.24639      1.2851    -0.46226    -0.64386     0.58048     0.58432     0.28132    -0.21176           1
0.067517    -0.24906    -0.96329   -0.049322    -0.27323    -0.90899    -0.32479     0.29213           0
-0.57664    -0.28402     0.33026     0.44787     0.79519  -0.0012974    0.058417    -0.57358           1
1.8509    -0.92082     -1.3404     -1.7061     -2.0092     -1.5676     -1.0228      2.4198           0
0.61382    0.094854    -0.17276     0.27053   -0.087037    -0.19189     0.16947     0.40032           1
0.71077    0.064917     0.95917     0.45506     0.50014     0.70411   -0.084433     0.01038           0
-0.6843    -0.40524    -0.58355      0.6843     0.30434     -1.0011     -2.0499     0.66799           1
0.3968    -0.72758    -0.82491     0.18793     0.36888    -0.52083     0.34331     0.27323           0
-0.31932    -0.13534    0.068818   0.0064872     -0.2337     0.47966    -0.72673     0.17079           1
0.19321     -1.2419    -0.50898    -0.31659     -0.6884   -0.042828     -1.5588     0.74459           0
0.18661    -0.52232      0.7943     0.47239     -1.0494     0.24104     0.23037     0.14845           1
-0.78809     0.56139      0.6843      1.6088      1.4614      1.1746    0.079226    -0.27053           0
0.67124    -0.75317    0.025951     -1.0471   -0.023356    -0.53725    -0.13534     0.64705           1
1.8655    -0.51194     -2.0394     -1.7897     -1.9451    -0.79341    -0.54777      2.9571           0
-0.12095     0.49573     0.62403    0.084433     -1.2763    0.054519     0.51638     -0.3884           1
1.5948     -1.6479     -1.4502     -2.0291     -2.3133     -2.4999     -1.6951      2.0394           0
-0.64067    0.090945     0.60522     0.59049    0.097461    -0.19586    -0.10659    -0.24639           1
0.17606    -0.20645     -1.0687     0.13142    -0.60444    -0.63431    -0.89923      0.5149           0
-2.2949     0.56595     0.82127       1.658      2.3963     0.85538      1.9282     -2.1433           1
-0.35365      1.2881     0.85632      1.2704     -0.2665     0.80233     0.98624     0.44071           0
-0.3884      1.4614      1.1416      1.8881      1.0838      1.9538      1.7645     -1.4539           1
-1.1579      2.4448       1.471   0.0090821      1.6504      1.1003      1.5544     -0.2665           0
0.22172     0.69582      1.1416      0.3057    -0.24238     0.60756     0.39821     0.18133           1
0.019463     -1.7707    -0.85819    -0.48549     -1.3763     -0.5075    -0.69747      1.5165           0
-0.68266     0.56291     0.33026      1.4176     0.10463        1.35     0.48768    -0.53276           1
-0.027898      1.9282     0.95917     0.75145     0.59049      1.8582     0.41088    0.081829           0
-0.15895    -0.22904     0.26247     0.25174     -0.2962    0.061667     0.49573      1.0814           1
