1.2792     -1.6632      -1.117     -1.6684     -1.8438     -2.0828     -1.1902      1.9366           0
-0.64067    0.090945     0.60522     0.59049    0.097461    -0.19586    -0.10659    -0.24639           1
1.4105     -1.2733     -1.0022     -1.1292      -1.723     -1.6951     -1.5948     0.94894           0
-0.23837     0.66313     0.42717     0.60289    -0.27997     0.16553     0.43358    -0.43215           1
-0.83407      1.4767       1.471    -0.62009     0.97157       1.105      1.6684    -0.97783           0
-0.45218     0.68102     0.65266     0.94083   0.0012974      1.0932      1.0033    -0.71579           1
-0.21574    -0.36888    -0.43358    0.094854    -0.27727    -0.32889     0.88571      0.1092           0
-0.28537     0.25576     0.89438     0.46949    -0.35503     0.24639     -0.4565    -0.28672           1
0.56291      1.8094       1.471      1.2763       2.228      1.6736      1.1122    -0.44357           0
-0.80412    -0.15107      0.7549     0.55835     0.10659     0.34537     -0.2317     0.56747           1
-1.0814     0.32821      0.7091      0.4928    -0.36888     0.33712    0.039582     -1.4923           0
1.0349    -0.44501     -1.0316     -0.1985    0.050621     0.37444    -0.37862     0.59823           1
1.3565      -1.658     -0.3898     -1.4539     -1.1292     -1.3246     -2.4999      1.3372           0
0.36472     0.41937     0.58894       1.163  -0.0064872      0.6359     0.28807      0.1288           1
1.025     -2.2127    -0.58355     -0.4293     0.20513     0.13142     -1.0955     0.92679           0
-0.2038     0.50603      1.1929     0.57052     0.65186     0.43928  -0.0071359    -0.60756           1
1.0162     -0.2357   -0.054519    -0.78103   -0.079877    -0.67449    -0.77927   -0.027249           0
-0.87805       2.385      2.3426      1.8655      1.7833      2.0191      1.1026     -1.3153           1
0.93881     -1.6896     -1.3864      -1.172     -1.0011     -1.3215     -1.0722      1.7645           0
-0.35641      1.4923      1.1929     0.81674     0.77226      2.2438      2.1061     -1.6183           1
-0.12422    -0.44644     0.25308     0.22904    -0.75835     0.12488    -0.20513     0.84699           0
-0.97993    -0.34537     0.65266     0.66475      1.3309     0.90703    -0.33712     0.13011           1
-2.4714     0.97574      1.6816      1.9118     0.32479       1.414     0.51935     -1.7584           0
0.68102    -0.19454   -0.054519     -0.4565    -0.96329     -1.4105    -0.44787     0.31114           1
-1.3001     0.44644      1.0011      1.3246   0.0051897     0.26515     0.29349    -0.26113           0
-0.62324     0.39821     0.47384     0.31114  -0.0038923     0.51194     0.15895    -0.91489           1
-0.16684    -0.25978    -0.50898     0.97366      1.1955     0.37723    -0.24104    -0.84236           0
0.95507    -0.86289     -1.3184     -1.0791    -0.58894     -1.5289    -0.97574     0.25308           1
0.34882    -0.96329    -0.62797    -0.05322     0.46371    -0.27997    -0.82765     0.33026           0
-0.32205    -0.12226    -0.68348    -0.45938    -0.57052    -0.80592     0.22371      1.1902           1
-0.1092     0.51046      1.5437      1.3565      1.1195      1.0607     0.48987    -0.28537           0
-1.5373      1.8881      1.6064     0.64386      1.0562      1.6632       1.581     -1.0699           1
-0.44214      1.3325    -0.66394     -1.1122    -0.72251     0.91292     0.50014   0.0019461           0
-2.4999     0.95917      1.8692      1.4035     -0.1079     0.72758      2.1305     -1.8509           1
1.3061     -1.1243    -0.88187    -0.67938     -1.2211     -1.4767     -1.3246      1.6207           0
-0.13796    -0.64226     -1.1441    -0.18793     0.16684    -0.64865    -0.53126     -0.1079           1
-2.0828      2.7364      2.9092      1.0607      1.5501      1.6232      1.8805     -1.9282           0
0.76442   -0.062317     0.60522    -0.98835    -0.12488   0.0064872    0.059717    -0.59203           1
-1.2675     0.53575      0.3968       1.363    -0.21043     0.53875      1.5331      -1.117           0
0.7352    -0.86477    0.068818    -0.24371    0.090945   -0.077924     -1.4539      1.1541           1
-0.40947    -0.43215    -0.16224    -0.62482    -0.83682    -0.91884    -0.56595      0.3898           0
-0.79876     0.65186     0.58894      1.2447     0.34124     0.84421     0.90703     0.26784           1
0.37723     -1.1195    0.038283    -0.31114     0.67775    -0.12488     -1.2008    -0.23103           0
-0.63272      1.4265     0.33026    -0.17408     0.88955     0.69087      1.2617     -0.3571           1
0.92281    -0.15501     0.33026    -0.12749    -0.66475    -0.40524    -0.15501     0.48768           0
-0.65507    -0.29349   -0.022707     0.63748     0.62245     0.35779     0.34331    -0.60912           1
-0.60912     0.13404     0.85632     0.38141    -0.95711     -0.4666     0.66313    -0.38281           0
-0.97574      1.5043       1.471      1.7707      1.5247     0.69747      1.2896     -1.2225           1
1.8509    -0.92082     -1.3404     -1.7061     -2.0092     -1.5676     -1.0228      2.4198           0
-0.21839    -0.97783    -0.88187    -0.32889     0.24371     -1.0471    -0.24371     -1.0471           1
0.62167    -0.76703    -0.74973     0.91391     0.54626    0.087037     -1.6088    0.075322           0
-0.04153   -0.049322      1.0011     0.91096     0.44429    -0.55079      1.0943    -0.32889           1
0.48549    -0.44859    -0.52827      0.2397    -0.86477      -1.363     -0.1537    -0.05192           0
-1.0699      1.4123     0.72927      1.1416     -0.7549      1.0653     0.80951    -0.52232           1
-0.64306       0.387      1.6816      1.6479      1.1824      1.4963     0.42362    -0.30706           0
-1.8094      1.5331     0.89438       1.228     0.75576      1.7645     0.94691    -0.24104           1
0.33095    -0.05192    -0.64465     -0.5075   -0.058417     0.11704    -0.34262     0.97993           0
-1.0404     0.90312      1.0943     0.70245     0.69747      1.2881      1.6329    -0.93881           1
0.80592    -0.92281    -0.26448    -0.90312     -1.3729      -1.407   -0.085735      1.2143           0
-1.2252     0.62639      1.3076     0.83498     0.41229     0.52083     0.34537    -0.89923           1
0.60444     0.40806    -0.76182     -0.6843    0.054519     0.53575    -0.25576     0.89148           0
-0.45362      1.1146      1.1416      1.0404    -0.32889     0.62797      1.4825   -0.019463           1
0.56747     -1.5948     -0.4928   -0.059067       1.105    -0.63748     -1.8027      1.1876           0
-1.5632     0.94894      1.1416      1.1342     0.69169      1.3864      1.7524     -1.6736           1
-1.6684       2.228      1.6064      1.8438      1.3372      1.4001     0.97993     -1.4247           0
-1.2792      1.1592      2.5816     0.78103    -0.17869       1.777      0.6843    -0.31659           1
1.0699    -0.65668    -0.73435    -0.44357     -1.4502     -1.1122     -1.4923     0.05192           0
-1.8582      1.4355     0.82127      1.7117      1.4767      1.8297      1.4884     -1.6088           1
0.62797     0.08834    -0.57281     0.04153     -1.0119    -0.77052    -0.27053     0.27862           0
0.57664     -1.1902     0.45218     0.77226     0.11377    -0.91687     0.60522     0.50161           1
1.5948     -1.6479     -1.4502     -2.0291     -2.3133     -2.4999     -1.6951      2.0394           0
-0.51935      0.7242     0.42717     0.60133  -0.0019461      1.1772     0.18265     -0.1537           1
1.4729     -1.8655     -2.0499     -1.7173     -1.6684     -1.6736    -0.76703      2.3133           0
-0.43786     0.60444      0.6843     0.73266    -0.12618     0.64545     0.57511    -0.29213           1
-2.0499     0.13665     0.42717      1.5588      0.6843     0.41512     -1.0562     -2.3963           0
-0.1079      2.0552      1.1416     0.58432     0.53425      1.7897     0.84051    -0.70577           1
-0.43358  -0.0025949    -0.29687      0.3926    -0.88379    -0.38002     0.24772     0.16553           0
-0.50603     0.68758     0.89438     0.70079      1.3184      1.0272    0.089642    -0.40595           1
1.4392    -0.98835      -1.471     -2.2772      -1.658     -1.9451    -0.32752     0.94691           0
0.081829     0.37027    -0.22238  -0.0064872     0.55987     -1.2008   -0.064917     0.75835           1
0.80772     -1.0584     -1.3356    -0.51638    -0.30706    -0.84792     -1.4767      1.5373           0
0.42646     -0.2277     0.33026     0.37166    -0.34951    -0.89729     0.59978    -0.97574           1
0.89923    -0.76442    -0.24906     -1.5676    -0.67449   0.0038923    0.068818      0.4293           0
-0.7828     0.42078     0.25308     0.33987     0.66961     0.31114    0.084433     -1.3932           1
-0.94691     -1.6843      -0.344     0.35572     0.60133   -0.018165     -1.0338    0.077924           0
-0.22371    -0.24639    -0.36403    -0.40806    -0.57281    0.032441    -0.12618   -0.096158           1
-0.5395    -0.75145    -0.37584    -0.51786      -1.469     0.23437    -0.84607      1.2008           0
0.27121    -0.11899     0.89438     0.16816     0.27525    -0.46805     0.54928    -0.19189           1
1.8582     -3.0799     -2.4198     -2.3528     -1.9199     -2.0291    -0.99684     0.77752           0
0.29484    0.097461     0.65266     0.45362    -0.67286     0.74801       1.217     0.67042           1
1.2836    -0.72083    -0.97679     -1.2197      0.3385    -0.44644     -0.9602     0.35641           0
-0.013623      1.0097      0.6843     0.99684   -0.036336       1.291      1.4465     -0.4293           1
-1.7288      1.7145     0.47384    -0.56595      1.1491      1.4176      0.4222    -0.61538           0
0.27457   -0.055818     0.47384     -0.3856    -0.45074     0.37584     0.56443     0.49573           1
0.51935    -0.35641    -0.50898    -0.67775    -0.52827     -1.0584  -0.0051897     0.53126           0
0.9602    -0.70079    -0.22238    -0.37723     -1.1876    -0.42646    -0.77576      1.2475           1
0.059717      1.6789      1.3076     0.10137     0.13534      1.9282      1.2116     0.61382           0
0.72927    0.075322     0.15501    -0.41371     -1.0471    -0.40947   0.0051897    0.057768           1
-0.13404    -0.27053     0.33026    -0.29891     0.28672     0.13404    -0.35779    -0.10659           0
-0.38002     0.32069      0.7091    -0.18529     0.54476     0.10659    -0.36195  -0.0077846           1
0.41866     0.91292     0.60522    -0.48111   -0.054519     0.47094     0.68102     0.72758           0
-1.6529     0.78809      1.5437      2.0716      2.6853      1.6684      1.4963     -1.9901           1
1.35     0.15895      0.3968    -0.28132    -0.91391   -0.037634    0.032441     0.65106           0
-1.5994     0.76877      2.1182      2.6853     0.61538     0.19718      1.0054     -1.9716           1
-0.73776     0.91489       1.046     0.84792     0.87234      1.0449     0.87614    -0.50898           0
-0.19586     0.40383      1.9901      0.4782      1.0119     0.77052     0.54175    -0.65346           1
-0.18265   -0.014272     -0.3898     0.40383     0.59667    -0.14058     0.36403     0.50603           0
0.32342      1.5247     0.54476     -1.9199     0.73946      1.5544      1.1592    -0.83131           1
1.1243     -1.1694     -1.1681     -1.1617     -1.5289     -1.0873     -1.9996      1.8509           0
-0.72083      1.9408   -0.054519    -0.45362      0.3842      1.8509       2.374     -1.4614           1
-0.41371    -0.14976    0.068818     0.72083     0.13665     0.23704    -0.81674     0.67042           0
-0.33712     0.17474    -0.52827     0.71579    -0.21972     0.31932     0.91096     0.05322           1
0.10268    -0.67286     0.35779    -0.20645     0.41724     -0.7352     0.19454    -0.46226           0
-0.47966    -0.30978    -0.72589     0.91391       1.014     0.93881     -1.0653     -1.0294           1
-1.8297     0.98624      1.5437      1.5676      1.0097      1.3468      1.0338     -0.3954           0
-1.8805      1.2792     0.62403      1.1902      1.7707     0.76877     0.11442     -2.1837           1
0.7549    -0.54476    -0.17276    -0.86101     -1.7117     -1.3277    -0.73266      1.1643           0
-0.84236     0.49134     0.89438     0.64705     0.19718     0.95507     0.36958    -0.20645           1
-1.1441      1.7645      1.0011     0.59513     0.78809      1.1668      0.5112     -1.3763           0
-0.20645    0.035038    -0.47602    -0.23437    -0.98203     -0.4222     0.52827     0.13665           1
0.25777     -1.3309    -0.44143     -0.5874    -0.96535      -0.435    -0.26784     0.56595           0
0.7463   -0.087037     -1.0239    -0.82218    -0.39961    -0.94894     -0.2397     0.33644           1
0.55835     -1.4319     -1.2532     -0.2091     0.31523    -0.69913     -1.5247     0.71244           0
0.14583     -1.4001    0.049972    -0.46515      1.0228     -0.4293     -1.0294     0.28942           1
1.9282     -1.4539     -1.5458     -1.6896     -1.6632     -1.8367      -1.256      2.0716           0
-1.3138      0.6359      0.2038       1.469     0.74373      1.2851    -0.29755    0.066217           1
0.54928   -0.024005     0.12226    -0.73946      -1.363    -0.63114    -0.86477     0.47966           0
0.97366     -0.2962  -0.0090821   -0.093551     -1.1592    -0.55381    -0.61382      1.4176           1
-1.0086   -0.059717    -0.83407    -0.23637     0.63748     0.18001     -1.3404    0.042828           0
-0.083131     0.87805      1.3932       1.105      1.1098     0.82218      3.0799     -3.0799           1
0.27121    -0.29484     0.65266     0.43928    -0.78809     0.14845    -0.76182     0.93479           0
-0.93078      3.2808      1.9901    -0.42291     0.92082      3.0799      2.0943    0.046724           1
-2.5638      1.3122       1.777      1.9366     0.83498      1.0768       1.334    -0.95098           0
0.25978    -0.52977    -0.93379    -0.85538     0.16816     -1.1798    -0.17474     0.56291           1
0.84607    -0.56443    -0.76182     -0.9368    -0.99684    -0.81222     -1.0745      0.4782           0
-1.5588       1.228      1.6816       2.228      1.0033      1.2307     0.74973     -2.4448           1
1.7833     -1.2763     -1.4786     -1.3092     -1.6736     -1.2089     -2.0191      1.8881           0
-0.16947      1.1317      0.9238     0.72927      0.2397      1.3122     0.56747     -1.0033           1
0.43643     -1.1955     -1.3184     -1.3663    -0.40383    -0.96742    -0.78456   0.0090821           0
-0.15633       1.291      1.5437     0.81312      0.2571      1.8881    -0.11312     0.17738           1
0.17211     0.33918     0.47384      1.0228    -0.25844     0.69252     0.22637     0.34124           0
-0.99259     0.97783       1.471     0.96329       1.172      1.3898      1.5289     -1.2675           1
-0.824    -0.13796      0.2038     0.29484     0.31387     -0.1432   -0.029845     0.67612           0
-1.6736      1.6843      1.8692      1.1592      1.3565      1.5676      1.1982    -0.99259           1
0.62482    -0.60756    -0.71328     -1.1243    -0.17738    -0.43358    -0.62561     0.35779           0
0.61225     -1.2503     -0.5365     -1.3309    -0.25174    -0.58278    -0.47675      1.2391           1
2.1564     -2.0828     -2.3133     -1.6951     -2.1061     -1.9901    -0.51564      1.0338           0
-0.44501    -0.25844    -0.16224    -0.86289   -0.031143    -0.62009     0.74801     0.08834           1
1.2035    -0.70245     -0.6983     0.17738      -0.606   -0.085735     -1.1268     0.16224           0
0.59513     -1.0054    0.068818    -0.79876    -0.11704    -0.45218    -0.30706     -0.2397           1
-0.40102     0.66475      1.0011      1.2851      0.2357      1.0404      0.4293    0.014272           0
0.54325    -0.12357      0.6843    0.061017    0.085084    -0.19983    -0.20248     -0.3385           1
-0.30706    -0.14583     0.18595     0.82036     0.86666    -0.18661    -0.63351     0.19586           0
-2.3963     0.60133      1.6064      2.2127     0.87614      1.2225      1.2008     -2.5638           1
-0.14583    -0.74801    -0.23103     0.27188     -1.0516    -0.69582    -0.73776     0.15764           0
-1.4035     0.72589       1.471      1.0097     0.19321     0.99471     0.62482    -0.61695           1
-1.3246     0.41653      1.3932      1.5415     0.91292      1.1292     0.13273     -2.2127           0
-1.3215    -0.41653     0.42717    -0.15107     0.81493     0.14976    -0.22504    -0.20513           1
0.44787    -0.54325    -0.89148    -0.78721     -1.1798    -0.43073    -0.41229      1.0076           0
-0.096158    -0.62797     -1.0438      0.3898    -0.34124    -0.37166    -0.33987     0.75317           1
0.88475    -0.36195    -0.56139    -0.15567    -0.30842    -0.82583    -0.54325     0.78456           0
-1.6329      0.4972       1.471      1.6736       1.128     0.73266     0.75317     -1.7346           1
0.2317    -0.13404      0.2038    -0.26113    -0.13534    0.096158    -0.60133      1.0932           0
0.23704     0.41229      1.3932     0.38002    -0.28267     0.51638     0.27323    -0.12749           1
1.0516      -1.117     0.21906     -1.1982    -0.55987     -1.8805     -0.3125     0.99684           0
0.15501      0.1629   0.0084334     -1.0449      -1.294    -0.89341    -0.72673      1.1122           1
1.217     -1.2391     -1.6763     0.12618     -1.0162    -0.29213    -0.19057      1.8438           0
0.10659    -0.01557     0.52306    -0.19718    -0.70411      0.2357     0.29213    0.040231           1
0.077924    -0.23704    -0.37584    0.037634     0.31114   -0.028547      0.2571    -0.36472           0
-1.2391      1.6088      0.6843    0.062317     0.81132      1.4319     0.18661    -0.85913           1
1.1772     -1.1122     -1.3184    -0.31523    -0.55835       -1.35     -1.0791     0.93881           0
0.3842    -0.78456    -0.81674    -0.99684   -0.076623    -0.96123     -1.3932     0.86101           1
1.0316    -0.21441     0.27862     -1.3001     -1.4465    -0.59358    -0.92679   -0.074021           0
-0.78633     0.34331     0.35779     0.33026      1.1003     0.44214     0.17211     -1.1668           1
0.03309    0.022058    -0.12618    -0.17869    -0.63272    -0.80412    -0.65829     0.68594           0
-0.34468      0.2357      1.0011     0.50898     0.21839     0.36749     0.55079     0.22704           1
1.2335   -0.084433     0.18595    -0.86477     -1.3262    -0.87996    0.087037     0.17342           0
-1.5458      1.0584      1.9901      1.6529      1.0584      1.1491     0.87234     -1.3436           1
0.76703    -0.11899    -0.13665    -0.47094     -1.1694    -0.69417    0.083131     0.46082           0
-0.31387    -0.83867    -0.71328     0.31796    -0.40243    -0.51046     0.30434    -0.43928           1
-0.30162  -0.0038923     0.42717     0.25442     -1.2008    -0.20645           0    -0.73946           0
-0.88187     0.60756      0.9238     0.92679      1.2763      1.1146     0.46949    -0.87614           1
0.34262     -1.8229    -0.57281    -0.21441    -0.96742     -1.1195     -1.0838     0.77052           0
0.57971    -0.32889    0.025951    -0.58894    -0.42646   -0.031143    -0.12226     0.89729           1
-1.5676      1.8881     0.95917     0.59978     0.76529      1.7584     0.26717    -0.65507           0
0.3926    0.054519     0.27862   -0.080527     -1.0327    -0.37027    -0.48403     0.23303           1
1.297     0.45506     0.65266     0.74459     0.21308     0.13011     -1.1772     0.72927           0
-1.3696      1.6379      2.2053     0.41088      1.2363      1.0584      0.1092    -0.34537           1
0.4928    -0.31523     -1.3046     0.61225    -0.24572     0.14714    -0.18793    -0.11965           0
-0.36403      1.4265      0.9238      0.8771   -0.032441    -0.50014     0.01557    -0.43073           1
0.26583     0.86477   -0.077274    -0.96742    -0.80592    -0.34262    -0.51046     0.46515           0
-0.15895    -0.22904     0.26247     0.25174     -0.2962    0.061667     0.49573      1.0814           1
-0.031792    -0.57817     0.08834     0.27862     0.47384     0.21574    -0.23303   -0.042828           0
-3.0799      2.0092      1.5437      2.6404      1.8438      1.2704      1.5901     -1.5165           1
-0.023356    -0.56139    -0.42291      -0.952    -0.68594    -0.79876     -1.2881      1.3092           0
-0.60756     0.94285      1.3932     0.32616    -0.33987     0.97366      1.3932   0.0051897           1
1.0838    -0.67449     -1.6763     -1.2851     0.13796     -1.2589     -1.6789      1.2792           0
0.10137      1.3061       1.046    -0.51342     0.66071      0.4666     0.66637    -0.10398           1
-0.9248     0.22105     0.85632     0.50308     0.14058     0.68758     0.24505    -0.85538           0
-1.4283     -1.0814     0.60522     0.35089     0.63272    -0.18265     0.21574    -0.71915           1
-1.0516     -1.5331      1.0943     0.17606     0.28267     0.11965    -0.49134    -0.77752           0
0.045426    -0.14189   0.0084334     0.91884     0.51935     -0.5523   -0.045426     -1.2391           1
1.0033    -0.26381    -0.21242    -0.21308     -1.0427    -0.21308    -0.86289     0.59667           0
-0.3842       2.163     0.95917    -0.35918      0.6351      1.8367     0.73861    -0.66637           1
0.9602      -1.581     -1.5523     -0.7828    -0.71663     -1.3663     -1.1798     0.90312           0
0.40524      -1.723     -1.2532     -1.1342    -0.14058    -0.72927    -0.30026     0.25576           1
-0.17738      0.2962      0.6843     0.59358     -0.7463     0.62167    -0.52083     0.67368           0
-0.90508      1.3436      2.5816     0.88763     -0.1432      1.0722     0.74202   -0.084433           1
1.2062    -0.52529    -0.29687    -0.53425      -1.581    -0.95917    -0.69913      1.4465           0
0.055818    -0.30706    -0.23103     0.16421    -0.66152     -0.3385     0.12095    -0.54325           1
-1.6428     0.27188     0.45218     0.79341     0.95302     0.82765    -0.63114    -0.72927           0
0.63114  -0.0077846     0.10463     0.14189    -0.64705    -0.22637    0.085735   -0.087037           1
1.4502    -0.32205    -0.10007    -0.72927   -0.020111     -1.1541    -0.12488     0.57894           0
0.08834    -0.63748     0.62403    -0.22371     0.18529    -0.58432      0.5112     -1.5632           1
1.1366    -0.95711    -0.80592     -1.0745     -1.3262     -1.2252    -0.90899      1.3309           0
-1.3309      2.2053      3.2808      2.6002      1.5994      2.4999      2.6853     -2.6404           1
1.0228     -2.7649     -2.0606     -2.7959     -1.9538     -3.2808    -0.59978       2.198           0
0.55079     -0.4565     0.23637     -1.4729    -0.91884    -0.18001    -0.18529     0.30434           1
-0.87996    -0.35503     0.42717    0.090945     0.84792   -0.024654    -0.19388     -0.2091           0
-0.44716     0.35503      1.1416      0.3954      1.2447     0.55079     0.31523    -0.31114           1
-1.8509      1.3864      1.0943     0.62956      1.2419      1.3436      1.8161     -1.0676           0
-1.9118      1.3898      2.7959      1.6896      1.0294      1.6529      2.4999     -1.5124           1
1.092    -0.88187     -0.9002    -0.61382     -1.6428     -1.5523     -1.2646      1.6428           0
-0.45722    0.048023     0.62403     0.93881     0.36749     0.35918     0.30298    -0.96742           1
1.5765     -1.7645     -1.8509     -1.6789     -1.4614     -1.1003     -1.3277      1.3122           0
0.54175    -0.11116    -0.29687     0.30026     0.16092     0.16816   -0.087037      0.2317           1
-0.3856      1.8729       1.471      1.0932      2.3133      2.5306     0.93278     -1.5373           0
-0.61382     0.78103      1.3932      1.6684      1.3663      1.2733      2.3963      -1.572           1
0.41229     -1.0294    -0.84051           0    -0.27053     0.11051     -1.4614     0.99047           0
-0.12095     0.49573     0.62403    0.084433     -1.2763    0.054519     0.51638     -0.3884           1
0.60756     -1.0316     -1.3581    -0.35089     -1.1003     -1.3729     -1.7288      1.3436           0
-0.99047    -0.48111     0.89438     0.20645     0.87044    -0.16684     0.25308     0.74801           1
-0.97783      1.1416     0.12226     -0.3385    -0.85538   -0.068818      1.0097    -0.24505           0
0.38141     0.45218      1.1929     0.34813    -0.13076     0.11181      1.0664     0.46949           1
0.16816     -1.0427       1.046    0.038933     0.66313     0.25576    -0.48111    0.011677           0
-1.7404      1.2821      1.3076      1.4577     0.12749       1.217      1.1003      -1.025           1
1.7707     -1.9366     -1.8729     -2.4448     -2.4999     -2.0394     -1.3468      2.2949           0
-2.1837      1.0814     0.62403      1.4484      1.2881       1.723   -0.080527     -1.5544           1
-0.25442     0.57052  -0.0090821     0.61617     0.14845     0.84236      1.1317     0.48403           0
0.27997     0.02076     0.49867     0.87234     0.37027     0.26919   0.0090821    -0.77314           1
-1.0033     0.87614      1.1416      2.0394     0.49867      1.6428     0.32616      -0.606           0
-1.105     0.49427      0.7549      1.0054      1.2574     0.75662     0.15633     -1.5003           1
1.2447     -1.3729     -0.7828      -1.531    -0.36472    -0.99898     -1.1466   -0.080527           0
-1.572     0.88955     0.56671     0.48914      1.6736     0.86101     0.80412     -2.6853           1
0.23037    -0.15764     0.33026     0.21176     -1.2617    -0.14976    -0.78809      1.3696           0
-0.31659     0.01038    -0.40595     0.28267     0.18661    -0.21839     0.17935    0.031143           1
0.21308     0.26113     0.56671     0.94894     0.84607     0.79164     0.61931      -1.172           0
-0.3385     0.60912      1.1929     0.96123     0.72251     0.87805      1.2763    -0.77314           1
2.1837    -0.82765     -1.2293     -1.5415     -1.8229     -1.1416     -1.2763      2.0606           0
0.57281     0.63907     0.56671    -0.56291     0.36611     0.21176     0.65186   -0.094854           1
1.3898    -0.21308     -1.1305    -0.76355    -0.80861     -0.7091    -0.79519     0.32479           0
-1.4652      1.3246      1.3076     0.51935      1.9451      1.0979     0.77401      -2.198           1
-1.3277      2.6404      2.2053      0.2357      3.2808      2.6853      1.6736    -0.98624           0
0.17474   -0.096158       1.046    0.081829    -0.70744    0.022707      1.1466     0.23437           1
1.6789     -2.7649     -2.1433     -1.9538     -1.6951     -2.1433    -0.53875       1.777           0
-1.1195     0.77052      1.3076      1.3597      1.0814      1.2546   -0.083131     -1.0206           1
0.59049      1.1876       1.046    -0.26247     -1.1122     0.22904      1.3663    -0.04153           0
0.42859      0.3968     0.65266   -0.061017    -0.13665      0.9368     0.43786    -0.15501           1
0.07272    -0.62324     -1.0687    -0.47384     0.75576     0.62482    -0.75835      0.8304           0
0.53276     -0.1985    -0.11442     0.27727    0.032441    -0.48695     -1.2335     0.75145           1
-0.35779     -1.4158     -1.2391    -0.67449      -1.036    -0.98413    -0.48622     0.91489           0
0.15961      1.2617     0.08834     0.13927     0.10268     0.11834     0.76355   -0.022058           1
-0.73605    -0.13927    -0.14911    -0.95507      1.2089     0.17738     -0.4666    -0.31387           0
0.54476     -0.5149      0.6843    -0.27188       -0.44    -0.49573     0.30638     0.84236           1
-0.52232      2.3528      2.1182     0.07272      1.8161      1.8729      2.6404     -1.2704           0
1.6135     -1.1416     -1.5247    -0.84236     -1.2881      -1.014     -1.8438     0.90118           1
1.3696      -1.217    -0.46226    -0.31932    -0.78986    -0.31659     -1.6232      1.7288           0
-0.85538    -0.37027     0.52306     0.25308      1.1567    -0.32342    -0.20115     -1.1122           1
0.49867    -0.78633    -0.63669    -0.37305       0.344     -1.1824     -1.5415     0.21972           0
-1.1798      1.9118      1.9901     0.61069    -0.60289      0.4972     0.36195     0.37862           1
-1.5415      1.0427      1.3076     0.64226      1.0471     0.56823      1.2089    -0.49573           0
-0.72589      1.3565      1.3076       1.407      1.6843      3.2808       2.228     -1.4806           1
1.3647    -0.17211    -0.60289    -0.75145     -1.3565    -0.61695    -0.83867      1.1579           0
-0.019463    -0.52827    -0.24906    -0.27323     -1.7173    -0.10659     -1.0516      1.7061           1
2.3326     -2.1564     -1.9996     -2.0499     -2.4448     -2.1305     -1.4652      1.5124           0
-1.1824     0.58432   -0.036985     0.63272     0.49573      1.1183     0.27727     -0.2504           1
0.03309    -0.45794      0.3968     0.53425      0.3091      0.3057     0.97366    -0.89729           0
0.1079     0.14976    -0.16224     0.48695    -0.61538     0.45218   -0.079226    0.033739           1
-0.43215     0.11965     0.52306     0.30978     0.77052     0.57971    0.049322     0.28267           0
-0.54476     0.16158    -0.72589    -0.70245     0.69913    -0.83498    -0.95507    -0.32342           1
0.028547     0.78456      1.0943    -0.48695    0.016867      1.4465      1.7006    -0.65186           0
-0.88379     -1.8438    -0.87139    -0.23037     0.27188      -1.658     -2.4714    -0.51194           1
0.72589      1.4123     0.26247      -1.334    -0.25978     0.49867   -0.058417    0.083131           0
-0.44716    -0.24104     -0.6983     0.41371    -0.41795     -1.4539    -0.21574    0.035038           1
-1.2225      1.2419      2.5816     0.79164     0.73266      1.7962      1.0382    -0.29891           0
-1.7006      2.4999      1.0011    -0.33987     0.59513      2.4198      1.8229    -0.71747           1
0.66313    -0.43786    0.068818    -0.67124    -0.66799      -1.291    -0.32889     0.22904           0
-0.76877     0.83498     0.30706     0.30706     0.91588     0.41795     0.94083    -0.65668           1
2.2602     -2.8672     -1.9451     -2.4999     -2.5306     -1.9282     -1.2617      1.7006           0
-0.2317    -0.14714  -0.0090821    -0.21043     0.22371    -0.60756    -0.71747    -0.53725           1
0.092899   -0.079226    -0.30706     0.24505    -0.28537    -0.34813     0.24104    0.054519           0
0.22172     0.69582      1.1416      0.3057    -0.24238     0.60756     0.39821     0.18133           1
0.031143    -0.93278     0.27862    -0.26515    -0.30434    -0.05192   -0.093551     -1.0119           0
0.98624      0.2277     0.35779     0.11573    -0.53276    0.028547     0.36958    0.095506           1
-1.9626      1.0908      1.3932      2.8672    -0.17211      1.5043      1.3001     -2.3326           0
1.0861     -1.5856     -1.0316     -1.3696      -1.185    -0.64386     -1.0404      1.2675           1
0.022058     0.79519      0.6843     0.67124     0.15895     0.63114     0.97574    -0.92082           0
-0.88571     0.64386      1.1416     0.66313      1.0768     0.72927     0.25978    -0.50603           1
-2.228     0.15107     0.82127      1.4392      1.0607     0.48768     0.65346     -1.2617           0
-0.1629       1.581      1.3076     0.34951      1.0699      1.4614     0.52529     -1.0184           1
0.39961   0.0064872    -0.24906    -0.15764    0.066217     -1.1243    -0.20778      0.1675           0
-0.15239     0.42504      0.2038     -1.0932     0.57664     0.35089    -0.33026     -2.0606           1
-0.53725     0.10268     0.62403     0.44931     0.10007     0.17474     0.73096      0.9368           0
-0.73946     0.42788     0.30706     0.28807    -0.69747     0.56595    -0.30978     0.43073           1
-0.70079     0.11181     0.23637     0.18001      1.0349     0.33163    -0.96329    -0.44787           0
-0.68594     0.46371     0.60522     0.05322     0.35365     0.44787     0.01038    -0.64865           1
1.0119    -0.96535     -1.3356    -0.53875    -0.30298     -1.2881    -0.58894      1.5331           0
-0.11704    -0.21707    0.049972    0.080527   -0.090294    0.050621    -0.79164     0.34675           1
0.85351    -0.72927    -0.60289     -1.3246    -0.55684     -0.4782    -0.47384     0.87424           0
-0.5075     0.57817     0.72927     0.63907      1.1916      1.2447     0.48111     -1.9366           1
-1.9538     0.69913     0.65266      1.1317      1.5901      1.4652     0.25442     -1.1391           0
-0.065567    -0.33712    -0.10007       1.291      0.2337     0.44357      -1.628     0.19718           1
1.4319    -0.58894     0.16816    -0.34468     -1.5124      -1.414    -0.80412      1.0791           0
-0.81493    -0.45074      1.3932     0.67938      1.1876     0.22105   -0.036336    -0.80592           1
1.3231    -0.58432    -0.89148    -0.93881     -1.4729     -1.3372     -1.2447      1.5765           0
-2.0291      2.0191       1.777      1.6843      1.1146      1.4355      1.9996     -1.8881           1
-0.94083     0.45362     0.58894      1.0449     0.34813     0.83131    -0.40102     -1.1746           0
0.4529       1.036   0.0084334    -0.19586     0.50603    0.036336     0.57971     0.26583           1
1.8297     -2.3326     -2.1698     -2.0828     -1.7897     -1.5901     -2.2438      2.2772           0
-1.0272     0.96535     0.33026    0.059717    -0.71077     0.85725    -0.97993    -0.17738           1
0.2397     0.34537     0.23637     0.23837    -0.44357     0.16027     0.53425    0.019463           0
-0.18925      2.6002      2.3426   -0.079226    0.046724      1.5206      1.9451    -0.18133           1
2.0044     -1.4729     -1.7739     -1.5544    -0.44716     -1.0699     -1.9538      1.0054           0
-0.40524     0.52232       1.046     0.55987    -0.29891     0.66313    -0.34675    -0.40595           1
-0.12684     -1.0838    -0.10007    -0.36472    -0.42149    -0.23704    -0.52827    -0.51046           0
-1.0607     0.21308      0.7943      1.1219      1.6329     0.30706     0.83131    -0.78986           1
-1.6183    -0.95098     0.27862    -0.77489     0.31932    0.057118    -0.42788    -0.97157           0
1.5901     0.41371    -0.12618     -1.0228     -0.9695     -1.1268     -0.2766     0.80233           1
1.1416    -0.64067     -1.0173     -1.1746     0.26852    -0.62797    -0.35641    -0.37027           0
0.44071    0.068818     -0.6983     0.12226     0.19189    -0.34537   -0.037634     0.26113           1
1.2307      -1.256     -1.4193     -1.5083    -0.92082    -0.74288     -1.7524     0.90899           0
0.15633     0.28942    -0.45003     0.15107       0.394     0.15895     0.45938   -0.090945           1
-2.7364     -1.6684     -3.0799     -2.6002     -3.0799     -1.8509     -3.0799     -2.2772           0
0.24639      1.2851    -0.46226    -0.64386     0.58048     0.58432     0.28132    -0.21176           1
-1.7645     0.67775      1.6816      1.6428     0.90703      1.0119      2.0828     -2.6002           0
-1.8881     0.62009      2.2053      1.4428      1.3153      1.0382      1.8367    -0.81312           1
0.31387    -0.34262    -0.54777    0.022058    -0.90312    -0.23303     0.45506     0.66475           0
-0.08834     -1.0119     -1.0991    -0.62324     0.85538     0.12161     -1.9199    0.061017           1
2.1305     -1.1746     -1.1305     -1.6479     -1.9118     -1.6896     -1.5043      1.9282           0
-0.64705      1.3092     0.85632     0.38281     0.66475     0.73605      1.6135   0.0077846           1
-0.85165    0.029845     0.16816    -0.13927    -0.94083     -0.3926     -1.2475     0.27053           0
0.18397      0.9368      1.3076      1.5023     0.17606      1.0228      2.0191    -0.96329           1
0.70744    -0.73096    -0.14911    -0.64865    -0.32069      -1.297     -0.2962     0.59513           0
-0.70411    -0.46949    -0.47602     -0.3926    -0.32684    -0.80951     0.90312    -0.59513           1
-0.28807     -1.0404    -0.61225    -0.16027    -0.33438    -0.53425    0.057118      -0.136           0
-0.59823     -1.0768    -0.47602      -1.117   -0.068818    -0.28267    -0.37027     0.53425           1
-0.42504       0.606      1.9901     0.97993     0.58048     0.94083     0.81132    -0.67124           0
0.17738     0.75662     -0.2766     0.50014     0.43643     0.43358     0.23437    -0.51786           1
1.1219    -0.65829    -0.85819     -1.0294      -1.217    -0.68758     -1.3864       1.217           0
-2.0092      1.0676      1.1929      0.7463      1.2532      1.2675      1.0814     -1.0151           1
0.52083     -1.2089    -0.77139    -0.91884    -0.23704    0.046724    -0.62324     0.90508           0
1.5501     -1.4614     -1.1391     -1.0768     -1.1746     -1.5632    -0.21441     0.12749           1
0.824      0.1092   -0.077274      -1.228    -0.16684    -0.47966    -0.69252       1.117           0
-0.43073     -0.5523    -0.84792     0.44071   -0.040231     0.64705     -1.1982     0.84051           1
1.4614     -1.0932      -1.383      -1.185    -0.50087    -0.41795    -0.93278       1.256           0
0.599     0.89341     0.30706      1.0206     0.33163     0.73776    0.033739      0.2571           1
-0.27727      1.3729      1.3932      1.3153   -0.018165      1.0054     0.83682  -0.0038923           0
-0.077924      1.0838     0.95917      1.2307     0.42504     0.70577      1.6843    -0.28267           1
2.0661    -0.21839     0.23637     -1.5373     -1.8959     -1.4283     0.76008      2.1698           0
-0.25978    -0.33438     0.27862  -0.0090821      0.3912    -0.11704    -0.70744    -0.92878           1
0.78986    -0.79519    -0.40595      -1.291     -1.3966     -1.0653    -0.27457     0.85165           0
1.5588     -1.8509     -1.7897     -1.1592    -0.19057    -0.70744     -1.1491     0.17869           1
-1.8959      1.4884     0.35779    -0.35503     -1.0272     0.32479     0.12749    0.050621           0
0.55532    -0.77752     -1.2461    -0.30298     0.56747   -0.083131    -0.46949    -0.59978           1
-1.0011      1.2763      1.3932      1.1158     0.58278      1.5632     0.87424     -1.3565           0
-1.8367    -0.04153     0.49867      1.3061       1.777      0.2665     0.19586     -1.9199           1
2.6002     -2.6853     -1.9282     -2.1182     -2.2949     -1.9716     -1.7173      2.1061           0
-1.4193     0.19057     0.54476      1.3532      2.1182     0.67449    0.098765     -1.2335           1
-0.75662    -0.22637     -0.5928      0.4565     0.94184   -0.049322    -0.71412     -1.1617           0
-1.4001     0.98203       1.046      1.9626      2.0092      1.6329      1.0184    -0.98203           1
1.658     -1.6329     -1.7524      -1.294     -1.0861     -1.3966     -1.1516      1.3532           0
-0.46805    -0.41512   -0.077274      1.8229     0.22105     0.68922     0.71579    -0.96535           1
-1.0768    -0.22238     0.35779     0.51342     0.52529    0.035038    -0.34124    0.017516           0
-1.4884      2.6853      1.0011    -0.60756     0.34262      1.1391     0.67449    -0.36888           1
-1.9808       1.117      1.1929     -1.4577     0.14583     0.65829      1.6951    0.012975           0
-0.71412     0.89923       1.777     0.93278      1.0873       1.658      0.6359    -0.21574           1
1.2143    -0.61382    -0.73861    -0.76529     -1.4963     -1.0494    -0.90605      1.1292           0
-0.40665     0.53875     0.89438      1.2733     0.70245      1.0699   -0.074021   -0.089642           1
0.25174     -1.0162     -0.7828    -0.87234     -0.3884    -0.85913     -1.4465     0.63907           0
-1.4729     0.70577      1.6064      1.1995      1.0349     0.71412     0.92679     -1.5901           1
-0.86666    -0.39821     0.16816    -0.42078    0.098765    -0.57817    -0.30842     0.40665           0
-0.068818      0.4753     0.10463     0.16947    -0.37305           0     0.14452    0.079226           1
0.88763      -1.025      -1.117    -0.60133     -1.2589    -0.88571     -2.3326       0.606           0
-1.1541     0.88283     0.82127     0.81041     0.19454      1.0745     0.77226    -0.74117           1
0.40665     -0.3385    -0.79253    -0.52678    -0.31591    -0.86477     -1.9808       1.228           0
0.1537      1.0076     0.18595      0.5149    0.035038     0.50455     0.21308     0.68102           1
0.96846      -1.063    -0.26448    -0.40102     0.22904    -0.13142    -0.49573     0.80412           0
-0.58663     0.99684      1.3932      1.7524     0.31796     0.86289      2.4714    -0.47239           1
0.3968    -0.72758    -0.82491     0.18793     0.36888    -0.52083     0.34331     0.27323           0
1.1824      -1.777     -1.6555     -1.4465    -0.94488    -0.94488     -1.0814     0.84699           1
1.0584     0.26448      0.6843     0.80233    -0.55456     0.54025    -0.44644      0.5523           0
-1.9901      1.9901      2.2053      1.8297      1.5458      1.4539      1.5124    -0.46515           1
0.42504      -1.334   -0.054519     -1.8229     -1.2646     -1.1567   -0.089642      1.7524           0
0.29213    -0.65507     0.42717     0.41653     0.37305     -0.2504     0.36611     0.45938           1
-0.53276      1.5144       1.777     0.80592     0.56291      1.8229      1.4176    -0.36749           0
-0.89535       1.572      1.3932      1.3309       1.291      1.2035      1.5856     -1.8729           1
0.69252    0.093551     0.35779    -0.24104    -0.70577    -0.76529     0.10268     0.80951           0
-0.18661    -0.53575    -0.58355    -0.54476     -1.0932    -0.62482    -0.15239    0.080527           1
0.17869     -0.2038      0.3968    -0.02076     -1.2419    -0.70079     0.26247      1.2851           0
-0.13273     0.73776      1.2405      1.9199     0.28537      1.3796      1.4105    -0.37236           1
