0.76703    -0.11899    -0.13665    -0.47094     -1.1694    -0.69417    0.083131     0.46082           0
0.011677      0.1288     0.49867     0.37584    -0.26515     0.38141    0.037634     0.61225           1
0.8304    -0.64545     0.35779    -0.69747    -0.45362    -0.28537     0.42078     0.49427           0
-0.51935      0.7242     0.42717     0.60133  -0.0019461      1.1772     0.18265     -0.1537           1
2.1564     -2.0828     -2.3133     -1.6951     -2.1061     -1.9901    -0.51564      1.0338           0
0.7352    -0.86477    0.068818    -0.24371    0.090945   -0.077924     -1.4539      1.1541           1
-1.1579      1.4652      1.6064      1.6951      0.5523      1.4729       0.387     -1.5676           0
-0.096158    -0.62797     -1.0438      0.3898    -0.34124    -0.37166    -0.33987     0.75317           1
0.93479    -0.46082    -0.54777    -0.40665    -0.01038      -1.036     -1.0861     0.78809           0
0.18397      0.9368      1.3076      1.5023     0.17606      1.0228      2.0191    -0.96329           1
0.51935    -0.35641    -0.50898    -0.67775    -0.52827     -1.0584  -0.0051897     0.53126           0
-1.4729     0.70577      1.6064      1.1995      1.0349     0.71412     0.92679     -1.5901           1
0.11312     -2.0606     -1.7739     -1.5206    -0.40102     -2.0606     -1.4319      1.0119           0
0.42646     -0.2277     0.33026     0.37166    -0.34951    -0.89729     0.59978    -0.97574           1
-0.42788  -0.0064872     0.62403    -0.11181     0.46949    -0.66475     0.44071    -0.48695           0
0.55079     -0.4565     0.23637     -1.4729    -0.91884    -0.18001    -0.18529     0.30434           1
-1.217      2.0716      1.9901    -0.28267       1.128      1.5458      1.3404     -2.5306           0
-0.50161     0.62956     0.72927     0.51786   -0.012975     0.72251     0.28402    -0.83867           1
0.33575    -0.58048     -1.7962    -0.86855     0.35987    -0.67124    -0.63748   -0.023356           0
-0.16947      1.1317      0.9238     0.72927      0.2397      1.3122     0.56747     -1.0033           1
0.2164    -0.74973    -0.61852    0.036336     -1.3663    -0.44214    -0.37444      1.4211           0
1.2574    -0.30502    -0.58355    -0.69087     -1.3184    -0.78456    -0.99047     0.86855           1
0.67612     0.46082     0.10463     0.56595   -0.014272   -0.063617     0.12618     0.20446           0
-1.9996     0.86101      1.1929     0.94285    -0.70162     0.97574      2.2438     -1.7524           1
-1.1579      2.4448       1.471   0.0090821      1.6504      1.1003      1.5544     -0.2665           0
-0.089642    -0.40947     0.30706      2.1433      1.0908     0.41937     0.86477     -1.3246           1
0.75835    -0.91292     -1.4465    -0.99259    -0.05322    -0.68266     -1.6529      1.2335           0
-0.31932    -0.13534    0.068818   0.0064872     -0.2337     0.47966    -0.72673     0.17079           1
0.26919    -0.94894     -1.5352     -1.1876    -0.66961   -0.097461    -0.34951    -0.17606           0
-1.4845      1.2503      1.9901      1.0294      1.8729      1.0097      1.5083    -0.65025           1
-0.21707     0.97366      0.7091     0.64865    0.049322    -0.24906     0.45218     0.12357           0
0.27592    -0.76008       -0.32     -1.0908    0.070118     -0.9248    -0.88379       1.025           1
0.76008   -0.028547    -0.29687    -0.58278      0.3926    -0.44787     -2.1061    0.064917           0
-0.61538      0.3898     0.95917     0.59823     0.33575     0.35503     0.18133    -0.27862           1
1.3184     -1.9716     -0.3898     -1.2763    -0.79253    -0.86855    -0.10137      1.9199           0
-0.0051897      1.9538      2.1182      1.8027     0.94589      2.7364     0.98203     -1.5415           1
0.64865    -0.63431     -1.0584    -0.95711    -0.53425     -1.1219    -0.77752     0.54777           0
-0.74117     0.14058      0.7549      0.2038     -1.0382    -0.16947    -0.19586    -0.81674           1
0.42362     0.42646     0.77576    -0.14058      -0.344      0.3125     -0.0266     0.27997           0
0.34537     0.84236      1.1929      1.6632     0.48111     0.32752      1.5994   -0.054519           1
-0.81674      1.7061     0.85632     0.95917      1.4539      1.3966     0.99047    -0.96123           0
0.22172     0.69582      1.1416      0.3057    -0.24238     0.60756     0.39821     0.18133           1
0.41229     -1.0294    -0.84051           0    -0.27053     0.11051     -1.4614     0.99047           0
-0.7549    -0.27323    0.025951    -0.10529    -0.42788     -1.0932    0.093551     0.21308           1
1.6896     -1.3796     -1.4596     -1.7006     -1.3696     -1.4806    -0.94996      1.8729           0
0.27997     0.02076     0.49867     0.87234     0.37027     0.26919   0.0090821    -0.77314           1
-0.21574    -0.36888    -0.43358    0.094854    -0.27727    -0.32889     0.88571      0.1092           0
0.13011    -0.19983    -0.94184    0.027249    -0.83498    -0.41653    0.063617   0.0038923           1
1.7288    -0.59978     -1.8263    -0.72251     -1.3122    -0.39821     -2.5638       1.383           0
0.54325    -0.12357      0.6843    0.061017    0.085084    -0.19983    -0.20248     -0.3385           1
0.24505     0.20248     0.47384   -0.019463    -0.88763    -0.33575    -0.41512     -1.2116           0
-0.08834     -1.0119     -1.0991    -0.62324     0.85538     0.12161     -1.9199    0.061017           1
0.43786      1.0722   0.0084334    -0.13796     0.64865     0.99684    0.097461    -0.02076           0
-1.8805      1.2792     0.62403      1.1902      1.7707     0.76877     0.11442     -2.1837           1
1.3696      -1.217    -0.46226    -0.31932    -0.78986    -0.31659     -1.6232      1.7288           0
-1.6088     0.58124       1.471     0.70577     0.40243     0.89341     0.85725     -1.1503           1
1.0228     -2.7649     -2.0606     -2.7959     -1.9538     -3.2808    -0.59978       2.198           0
-0.90508      1.3436      2.5816     0.88763     -0.1432      1.0722     0.74202   -0.084433           1
0.22704    -0.31932   -0.090945     0.41795    -0.97366   -0.012975   0.0077846     0.19454           0
-1.5501     0.37862       1.777     0.27323    -0.25576     0.41371     0.69913     -1.1466           1
1.3565      -1.658     -0.3898     -1.4539     -1.1292     -1.3246     -2.4999      1.3372           0
-0.54476     0.16158    -0.72589    -0.70245     0.69913    -0.83498    -0.95507    -0.32342           1
1.3372    -0.86101     -1.3729    -0.66313     -1.5043     -1.0427     -2.9571      1.3404           0
-1.6529     0.78809      1.5437      2.0716      2.6853      1.6684      1.4963     -1.9901           1
0.99471     -1.0653    -0.64465    -0.53126     0.12357    -0.82218    -0.48622     0.38002           0
-0.61382     0.78103      1.3932      1.6684      1.3663      1.2733      2.3963      -1.572           1
0.46805    -0.78986     -1.4943     -1.0516     -1.4428    -0.83315     -1.5501       1.297           0
-0.25576    -0.55381     0.58894     0.14452    -0.85913   -0.084433     0.28672     0.64386           1
1.2335   -0.084433     0.18595    -0.86477     -1.3262    -0.87996    0.087037     0.17342           0
-1.7006      2.4999      1.0011    -0.33987     0.59513      2.4198      1.8229    -0.71747           1
2.6002     -2.6853     -1.9282     -2.1182     -2.2949     -1.9716     -1.7173      2.1061           0
1.5501     -1.4614     -1.1391     -1.0768     -1.1746     -1.5632    -0.21441     0.12749           1
0.022058     0.79519      0.6843     0.67124     0.15895     0.63114     0.97574    -0.92082           0
-1.2335      1.0955      1.1416     0.75404     -1.3436    -0.24438      1.1366    -0.99471           1
0.81493    -0.44859    -0.81674    -0.33644     -1.1098    -0.10137    -0.83131     0.70079           0
0.01557      0.7463     0.85632      1.0494     0.81855     0.53126      1.0404    -0.18925           1
0.33095    -0.05192    -0.64465     -0.5075   -0.058417     0.11704    -0.34262     0.97993           0
-1.4577     0.85351      1.9901      1.3184     0.71077      1.0884      1.8729     0.10398           1
0.99898    -0.84978    0.068818     0.34537    -0.07272    -0.26247     -1.3325    0.076623           0
-0.31387    -0.83867    -0.71328     0.31796    -0.40243    -0.51046     0.30434    -0.43928           1
0.62639     0.17211      0.3968    -0.23837    -0.98624    0.093551    -0.16421    -0.21707           0
-0.07272    -0.75662    -0.18661    0.077924     0.40383   -0.071419    -0.70079    -0.12357           1
1.4211    -0.91489     -1.3001    -0.52083     -1.0745     -1.3122      -1.414     0.95917           0
-0.63114      2.0394     0.85632    -0.42504    -0.01038    -0.36611     0.52083      0.2397           1
-0.031792      1.0449      1.3076     0.70744     0.27727      0.3968      1.2062    -0.44931           0
-0.13273     0.73776      1.2405      1.9199     0.28537      1.3796      1.4105    -0.37236           1
0.22704    -0.16553     -1.1837    -0.20778    -0.50603    -0.96535    0.042828     0.61852           0
-0.44931    -0.16158    -0.20115     0.27997    -0.52306    -0.11181      1.0768     -0.7463           1
-1.5331      1.5289       1.777     0.47094      1.8297      1.1798      1.9199      -1.291           0
-0.35641      1.4923      1.1929     0.81674     0.77226      2.2438      2.1061     -1.6183           1
1.3932     -1.2675     -1.8263     -1.3468     -1.5003     -1.1902     -2.3963      1.7833           0
-0.52977    0.083131    -0.67124    -0.21574      -1.291     0.89148    -0.20645    -0.66799           1
0.059717      1.6789      1.3076     0.10137     0.13534      1.9282      1.2116     0.61382           0
0.13927   -0.085735     0.25308     0.11442    -0.69169      0.2317   -0.077924    -0.74459           1
-0.10137     0.20645     0.77576    -0.24505    0.057118     0.30842    0.076623     0.42788           0
-0.18793     0.93479     0.29484     0.68266    -0.57281     0.96742     0.32889      1.7117           1
-1.6479     0.69747    -0.13665      1.1876      2.0291     0.84978     0.50455     -1.1643           0
-0.10659    -0.05322   -0.022707    -0.35296     0.12226    -0.49867    -0.56443    -0.71244           1
-0.37653    -0.11442     0.58894      1.2363      1.5948     0.31387     0.31387     0.33918           0
-0.23303     -0.2317    -0.48695   -0.055818      1.1643   -0.036336     0.16027    -0.16027           1
1.1668     -1.0979     -1.2293    -0.79697     -1.4577     -1.3898    -0.62561     0.69417           0
1.2089    -0.28672   -0.054519    -0.21972     -1.1219    -0.62324    -0.42433     0.72083           1
0.47966     -1.4502    -0.21242    -0.37584     0.33712     -1.1592    -0.67449     0.20446           0
-0.085084     0.32342     0.77576     0.69913    -0.77752     0.20115     0.11965    -0.10007           1
1.628    -0.69747    -0.91292     -1.2035    -0.85165     -1.1746     -1.0932  -0.0025949           0
-0.80054    0.067517     0.89438     0.82948    -0.32479      1.1026     0.38141    0.087037           1
0.84792     -1.2143     -1.4301     -1.3436    -0.11834    -0.30434      -0.606     0.20248           0
-0.3842       2.163     0.95917    -0.35918      0.6351      1.8367     0.73861    -0.66637           1
-1.3436       1.658      0.6843     0.71747     0.75145      2.1061     0.47239     -1.8297           0
-1.0539    -0.31796   -0.077274    -0.80592      1.5415     0.44931    -0.55079    -0.41937           1
1.092    -0.88187     -0.9002    -0.61382     -1.6428     -1.5523     -1.2646      1.6428           0
-0.37305   -0.080527    -0.42291       0.394    -0.76529     0.12749    -0.31659    -0.50161           1
0.53875     0.75835     -1.2102    -0.40383    -0.83131      0.2038      -1.063     0.47239           0
-0.34124     0.29891      0.2038    -0.14845    -0.71915    -0.34675     0.14845      0.1675           1
1.3763     -2.6002     -2.0716     -2.2438     -2.6853     -1.3404     -1.1195      2.2127           0
-1.5994     0.76877      2.1182      2.6853     0.61538     0.19718      1.0054     -1.9716           1
-1.363      1.0316      1.5437      1.5632      2.0191      2.2127      1.3864     -2.3133           0
1.1516    -0.46805    -0.72589     -1.0427    -0.88955    -0.30298     -1.0471     0.30842           1
0.0038923    -0.88763    -0.97679    -0.36888    -0.42149     -1.5856    -0.44357   -0.040231           0
-0.28942     0.29484     0.18595      2.1305      1.3001       2.228     0.72589     -1.9626           1
0.084433    -0.74288    -0.81674    -0.15567    -0.56443    -0.57205    -0.22105     0.74117           0
-1.2252     0.62639      1.3076     0.83498     0.41229     0.52083     0.34537    -0.89923           1
0.42859    0.098765     0.85632     0.26515    -0.67857    -0.20115    -0.57664    0.097461           0
-0.89535       1.572      1.3932      1.3309       1.291      1.2035      1.5856     -1.8729           1
1.1195    -0.41795      0.3968    -0.73435     -1.2733    -0.71244    -0.58432  -0.0064872           0
-1.2293     0.17342     0.58894      1.3436      1.5331      1.6951    -0.67205     -1.7897           1
-1.0162    -0.61695    -0.54777    0.075322    -0.77401    -0.42078    -0.90605     0.85351           0
-0.72589      1.3565      1.3076       1.407      1.6843      3.2808       2.228     -1.4806           1
1.3898    -0.21308     -1.1305    -0.76355    -0.80861     -0.7091    -0.79519     0.32479           0
-0.99047    -0.48111     0.89438     0.20645     0.87044    -0.16684     0.25308     0.74801           1
1.3153    -0.77927     0.26717    -0.17738     -1.5588    -0.86101   -0.031143     0.76008           0
-1.4884      2.6853      1.0011    -0.60756     0.34262      1.1391     0.67449    -0.36888           1
-0.19454    -0.86666     0.52306    -0.80054  -0.0051897   -0.046724     0.42646     0.19983           0
-0.067517     0.65829     0.85632      1.4211     0.44644     0.99259      1.0791     -0.3968           1
1.2116     -1.2363     0.18595     -1.1491       -0.44    -0.23437    -0.13404      1.1617           0
-0.14452   -0.077924     -1.0991     0.81493     0.17474      0.2571    -0.35365     -1.1292           1
2.2602     -2.8672     -1.9451     -2.4999     -2.5306     -1.9282     -1.2617      1.7006           0
-1.8367    -0.04153     0.49867      1.3061       1.777      0.2665     0.19586     -1.9199           1
-2.4198     0.93881     0.89438     0.44644       1.228     0.68594      1.0562     -1.6896           0
0.27457   -0.055818     0.47384     -0.3856    -0.45074     0.37584     0.56443     0.49573           1
-1.0814     0.32821      0.7091      0.4928    -0.36888     0.33712    0.039582     -1.4923           0
1.5083    -0.84051     -1.4786    -0.94894    -0.20115    -0.54777    -0.57358     0.61069           1
1.1243     -1.1694     -1.1681     -1.1617     -1.5289     -1.0873     -1.9996      1.8509           0
0.599     0.89341     0.30706      1.0206     0.33163     0.73776    0.033739      0.2571           1
-0.079226    -0.77489    -0.20115    0.045426    -0.62639     0.13665    -0.61695     0.62167           0
-1.3881     0.18001     0.89438     0.58278     0.75317   -0.020111    -0.12357     -0.9248           1
-1.5948     0.95404      1.8692      1.4614     0.80592      1.5765     0.78721    -0.86289           0
-0.21839    -0.97783    -0.88187    -0.32889     0.24371     -1.0471    -0.24371     -1.0471           1
-1.7645     0.67775      1.6816      1.6428     0.90703      1.0119      2.0828     -2.6002           0
-0.58663     0.99684      1.3932      1.7524     0.31796     0.86289      2.4714    -0.47239           1
1.014     0.33301      2.3426     0.58586     -0.4666     0.29891    -0.38141     0.57052           0
-1.1317      1.2447    0.038283     0.43073     0.42362      1.1219    -0.22238    -0.54852           1
0.99684    -0.66475    -0.87139    -0.33644     -1.3796   -0.070118    -0.58278    -0.18661           0
-1.8729   -0.016867      1.6064      1.1026    0.062317     0.45362      1.2589     -1.3061           1
0.80233     -1.0861      -1.117    -0.66799   -0.085735     -1.3184    -0.79341     0.30978           0
0.70577     0.27053      -1.407   -0.046724      -1.014    -0.29349     -1.2851     0.50898           1
1.4652    -0.97574     -1.4301     -1.1441     -1.6329     -1.7404     -1.6379      1.3031           0
0.61225     -1.2503     -0.5365     -1.3309    -0.25174    -0.58278    -0.47675      1.2391           1
-0.91489      1.5654      2.3426     0.60444      1.1668      1.7061      1.9716     -2.9571           0
-0.70411    -0.46949    -0.47602     -0.3926    -0.32684    -0.80951     0.90312    -0.59513           1
0.79876    -0.99898     -1.6329    -0.72758     0.16553   -0.014272     -1.0539    -0.67938           0
-1.9282     0.31659       1.046      1.2035     0.68184     0.45794     0.26515    -0.75317           1
1.2307      -1.256     -1.4193     -1.5083    -0.92082    -0.74288     -1.7524     0.90899           0
-1.1668   0.0077846     0.49867    -0.16684     0.77576     0.36195     -1.4283    -0.30978           1
0.12618    -0.92878    -0.26448     0.10659    -0.52977    -0.13927    -0.41795     0.87996           0
-0.57971    -0.10137     0.89438     0.36056     0.76703     0.73435      0.6599    -0.95302           1
2.8672     0.47384     0.49867      1.2475   -0.027249     0.66475    -0.14845      1.1824           0
-2.2772      1.5458      1.9901      1.0884    0.037634      2.1369     0.84978     -1.8161           1
1.6736     -1.6428     -2.2438     -1.8297     -2.0661     -3.0799     -1.2307      1.6951           0
-1.7962     0.90899      0.7943       1.777     0.57358      1.6041     0.70245     -2.1305           1
0.6843     -1.7117    -0.57281     -1.2419     -1.1342     -1.1317    -0.60289      0.9248           0
-1.2089     0.74459      1.5437     0.57511       1.383     0.84792     0.89535     -1.4845           1
0.025951     -1.1292     -1.5083     -1.4806      1.2307    -0.15764    -0.97783   -0.029845           0
0.33301      0.2038     0.82127     0.33438     -0.5149    -0.29891     0.35365    -0.18001           1
0.45506      1.7962      1.2405     0.19321     0.62956       1.581       1.572    -0.55079           0
0.32616    -0.22371      0.3968    -0.22637    -0.33575    0.025951    -0.14714     0.07272           1
0.50455     -0.4928     -0.7828    -0.38141     -0.3905     -1.1146    -0.61147     0.70827           0
0.49427     0.84421     0.13404    -0.10268   -0.024654     0.27188     0.54626      1.4652           1
-0.77927    -0.37862     0.08834     0.12488     0.51268    -0.77226    -0.54476     0.24104           0
-0.68266     0.56291     0.33026      1.4176     0.10463        1.35     0.48768    -0.53276           1
1.0653     -0.4972    -0.65346      -1.036    -0.74117    -0.95098     -1.2821     0.70827           0
-0.57664    -0.28402     0.33026     0.44787     0.79519  -0.0012974    0.058417    -0.57358           1
1.8655    -0.51194     -2.0394     -1.7897     -1.9451    -0.79341    -0.54777      2.9571           0
-0.36888     -1.4428    -0.49793     -0.1092     0.10463     -1.1441     -1.6428     0.49134           1
0.71663    -0.50455    -0.49793    -0.05192    -0.98835     -1.3468     -1.2532     0.49867           0
-0.019463    -0.52827    -0.24906    -0.27323     -1.7173    -0.10659     -1.0516      1.7061           1
0.22172     -1.3966    -0.10007     -1.2143    -0.18925     -1.3031    -0.50898     0.11769           0
-1.9118      1.3898      2.7959      1.6896      1.0294      1.6529      2.4999     -1.5124           1
1.3647    -0.17211    -0.60289    -0.75145     -1.3565    -0.61695    -0.83867      1.1579           0
0.67124    -0.75317    0.025951     -1.0471   -0.023356    -0.53725    -0.13534     0.64705           1
-0.26381     -1.9118     -1.0768     -1.4884    -0.78103     -1.0206     -1.3184     0.28402           0
1.1292     0.38281   0.0084334    -0.24906    -0.75145     -0.1288     -0.4972      1.5544           1
-1.2821     0.17606       1.471      1.2089      1.5206     0.57052     0.35987     -1.8618           0
0.88475     0.48549    -0.52009      1.1074     -1.1195     0.46082    -0.22637    -0.18397           1
0.31796     0.70744     0.89438     0.44357      0.7369      1.0316    -0.11573    -0.52529           0
-0.44501    -0.25844    -0.16224    -0.86289   -0.031143    -0.62009     0.74801     0.08834           1
-1.8959      1.4884     0.35779    -0.35503     -1.0272     0.32479     0.12749    0.050621           0
-0.15633       1.291      1.5437     0.81312      0.2571      1.8881    -0.11312     0.17738           1
-0.72758     0.47675     0.15501     0.63114    -0.86289      0.2504    -0.43786     0.11442           0
-1.0206     0.82036       1.046     0.80772     0.49134      1.0539      0.5874    -0.79341           1
0.07272    -0.62324     -1.0687    -0.47384     0.75576     0.62482    -0.75835      0.8304           0
-1.5458      1.0584      1.9901      1.6529      1.0584      1.1491     0.87234     -1.3436           1
0.44787    -0.54325    -0.89148    -0.78721     -1.1798    -0.43073    -0.41229      1.0076           0
-0.3057     0.33163     0.95917      1.1929   -0.061017     0.50235     0.19057    0.062317           1
0.83498     -1.7346     -1.7645     -1.1643     0.15107     -1.2062     -1.9038   -0.075322           0
0.18001    -0.55987    -0.85819    -0.23637     -0.2038    -0.97366     -1.0382     0.27592           1
0.29349     -1.1026     -1.1681     0.34124    -0.65025     -1.3153     -2.6002      1.2617           0
0.25308    -0.44357    -0.21242     0.24238    -0.84607    -0.17079     -1.8509     0.70411           1
-0.52827       1.256       1.046      1.0745     0.12488     0.96329      1.2896   -0.055818           0
0.0019461    -0.36611  -0.0090821    -0.48987    -0.21176     0.15633    -0.52678    -0.51342           1
-0.34813     0.18133     0.52306     0.45794    -0.33781     0.84607    -0.23637     0.22105           0
-1.5856      1.2391      1.6064       1.014     0.75835       2.198     0.24906    -0.90703           1
0.78809    -0.65186     0.10463      0.2091    -0.54175   -0.055818     -1.1541     0.35089           0
-1.1416      1.9199      1.9901      1.9808       1.063      1.9038     0.34813     -1.2252           1
2.0044     -1.4729     -1.7739     -1.5544    -0.44716     -1.0699     -1.9538      1.0054           0
0.042179     0.41088      1.3076      1.0699      1.0184      1.0427     0.08834     -1.2363           1
1.2062    -0.52529    -0.29687    -0.53425      -1.581    -0.95917    -0.69913      1.4465           0
0.7463   -0.087037     -1.0239    -0.82218    -0.39961    -0.94894     -0.2397     0.33644           1
0.89729    -0.48257    -0.46226   -0.042828    -0.82036    -0.14845    -0.53575      1.0955           0
0.23704     0.41229      1.3932     0.38002    -0.28267     0.51638     0.27323    -0.12749           1
0.74801    -0.34951    -0.30706     -1.0011    -0.76877    -0.74117     -1.0033      1.3001           0
-1.294     0.85725      1.9901     0.92082    -0.62167     0.33987      1.1416     -0.6599           1
-2.0394    -0.96742     0.56671    -0.14189      0.6099    0.080527    -0.40665    -0.88763           0
-1.2447     0.59513      0.7943      0.1537     0.48695     0.87424      1.2335    -0.56291           1
1.8161    -0.84607     -1.2617     -1.1668     -1.5632    -0.97783      -1.581      1.6684           0
-0.43786     0.60444      0.6843     0.73266    -0.12618     0.64545     0.57511    -0.29213           1
1.8959    -0.87996    -0.50898      -1.658     -1.5247     -1.2792    -0.15633      2.0828           0
-0.6359      1.1491      1.1929     0.73776      1.1798      1.3001      1.4355    -0.58432           1
1.3231    -0.58432    -0.89148    -0.93881     -1.4729     -1.3372     -1.2447      1.5765           0
-0.87805       2.385      2.3426      1.8655      1.7833      2.0191      1.1026     -1.3153           1
-0.061667     0.44214     0.85632     0.73096    -0.32205     0.24505     0.90899    -0.30026           0
-1.1342     0.71747      1.1416      2.0499      1.1219      1.1317     0.85913     -1.4884           1
0.60444     0.40806    -0.76182     -0.6843    0.054519     0.53575    -0.25576     0.89148           0
1.3729     -1.5588    -0.60289     -1.6183    -0.49573    -0.57511     0.04153      1.3061           1
0.80054    -0.24505    0.049972    -0.78456    -0.82218    -0.93881    -0.43643     0.41371           0
0.37444    -0.20513     0.10463    -0.47239    0.045426     -0.3842     0.45362     0.31932           1
1.1694    0.024654    -0.79965    -0.75317    -0.83867    -0.69252    -0.35503     0.63272           0
-1.3696      1.6379      2.2053     0.41088      1.2363      1.0584      0.1092    -0.34537           1
0.84236     0.21176     -1.5043     0.48403    -0.33301      0.4782   -0.050621     0.73776           0
-1.0228      1.2062       1.471     0.75662       1.407      1.9118      1.2143     -1.9538           1
-1.5676      1.8881     0.95917     0.59978     0.76529      1.7584     0.26717    -0.65507           0
-1.5544      0.1985    -0.10007      1.6329      1.3468     0.31659    -0.39821     -1.8367           1
-0.27323     0.57358     0.72927     0.18133     0.14714     0.57358    -0.36333     0.20115           0
0.15501      0.1629   0.0084334     -1.0449      -1.294    -0.89341    -0.72673      1.1122           1
-0.4753     0.79341      2.2053      1.1391      1.4247      1.9716     0.84792    -0.30162           0
-0.13993    -0.32069    -0.18661     0.17869     0.13142     0.15107    -0.38002     0.40947           1
-0.1092     0.51046      1.5437      1.3565      1.1195      1.0607     0.48987    -0.28537           0
-1.3309      2.2053      3.2808      2.6002      1.5994      2.4999      2.6853     -2.6404           1
2.7959     0.36472     -1.3581     -1.2821     -2.1564     -0.9002     -1.0449      2.6853           0
0.055818    -0.30706    -0.23103     0.16421    -0.66152     -0.3385     0.12095    -0.54325           1
0.36195    -0.51935     -1.4596     0.35779    -0.49793    -0.56443    -0.68922     0.18529           0
-1.0699      1.4123     0.72927      1.1416     -0.7549      1.0653     0.80951    -0.52232           1
1.0076    -0.80233     -1.0438     -1.1003     -1.3404     -1.1342     -1.3092      0.3884           0
-0.46371      0.3954     0.72927    0.071419   -0.083131     0.45506    -0.59358    -0.66313           1
0.76877     -2.1061     -1.4373     -1.3184    -0.31932     -1.0404     -1.9716     0.80772           0
0.58278     0.71412      0.7943     0.23303     -0.2397    -0.43215      1.0427      1.2589           1
-0.83131    0.027249     0.47384      1.6135       1.581     0.05322     -1.0272      -1.294           0
-1.3404    -0.76182    -0.18661     0.45218     0.46226   0.0077846     -0.9602      0.1432           1
0.51194    -0.19586    -0.18661    -0.34124    -0.23837    -0.12357    -0.73096     0.88283           0
-1.4247      1.5765       1.471     -2.3963      1.5165     0.54777    -0.49427     -0.5874           1
-0.77664     0.77401      1.3076      1.7962     0.62639     0.79876     0.24371     -1.2008           0
-1.3138     0.51638     0.95917      1.3277    -0.29349      0.6843     0.46805     -1.2475           1
1.2252     -1.1074     -1.1541      -1.531   -0.067517     -0.9368    -0.76008     0.21176           0
-0.6843    -0.40524    -0.58355      0.6843     0.30434     -1.0011     -2.0499     0.66799           1
0.18925    -0.25174    -0.16224    -0.49134    -0.60756     -1.2116     0.81493     0.11769           0
-0.36195     0.14583      0.7943     0.71328   -0.020111    -0.26784     0.88187     -1.2197           1
1.5003     -1.6041     -1.2851     -1.4652    -0.31796    -0.50529    -0.79876     0.60912           0
0.87519       0.569     0.16816     0.08834     -1.0722     0.14452      -1.172     0.98203           1
-2.0191     0.85913      1.1929      1.3966     0.27997      1.5124      1.1746     -2.0716           0
-0.28402    -0.91884    -0.10007    -0.70744     0.32342      -0.394    -0.95711     0.36888           1
0.61695    -0.47675    -0.82491    -0.74117     -1.0404     -0.9002     -2.0606      1.3484           0
-0.78633     0.34331     0.35779     0.33026      1.1003     0.44214     0.17211     -1.1668           1
0.17869     -0.2038      0.3968    -0.02076     -1.2419    -0.70079     0.26247      1.2851           0
0.40806     -1.6789      -1.414    -0.65346    -0.51638     -1.2503    -0.36888     0.76355           1
-0.54175     0.92679     0.30706     0.89923   -0.028547      1.0516    -0.12095     -1.3864           0
-1.8229      1.8263       1.777       1.025     0.45506      1.5415      1.1098     -1.5765           1
0.44501     -1.1003     -1.6041     -1.6329    -0.11181     -1.0873    -0.91687     0.45362           0
-0.2317    -0.14714  -0.0090821    -0.21043     0.22371    -0.60756    -0.71747    -0.53725           1
-0.40243     0.22238     -0.2766     0.15895    -0.85725     0.19983      1.2475   -0.018165           0
-1.9451      1.1379      2.5816      2.3963      1.3246      1.1416     0.93078     -1.6479           1
1.8094     -2.4999     -2.2949     -2.1061     -1.9716     -2.7364    -0.85538      1.6479           0
-0.5075     0.57817     0.72927     0.63907      1.1916      1.2447     0.48111     -1.9366           1
-1.3663    -0.52083      0.7549     0.53575     0.26852    -0.77576      1.0607    -0.59358           0
-1.1694      2.1369       1.777     0.74288   -0.038933      2.2772      1.0722    -0.99898           1
0.67449    -0.29755    -0.14911    0.014272     -1.1772    -0.77401    -0.59667     0.59049           0
-0.10463    -0.61225     -1.3898     0.31523      -1.228    -0.19454     -1.3532       0.387           1
-0.94691     -1.6843      -0.344     0.35572     0.60133   -0.018165     -1.0338    0.077924           0
-0.97574      1.5043       1.471      1.7707      1.5247     0.69747      1.2896     -1.2225           1
0.30978      1.0516      0.7549       1.414      0.6884      1.5994     0.16816    -0.68922           0
-0.84236     0.49134     0.89438     0.64705     0.19718     0.95507     0.36958    -0.20645           1
-3.2808     0.28807      0.7549     0.47384     0.39961     0.46515     0.47384     -1.1955           0
-1.4035     0.72589       1.471      1.0097     0.19321     0.99471     0.62482    -0.61695           1
-1.8509      1.3864      1.0943     0.62956      1.2419      1.3436      1.8161     -1.0676           0
-0.60289     0.21441     0.23637    -0.24639      0.1288    -0.52678     0.49793    -0.53875           1
0.3863      1.5523     0.85632      1.3663     0.71999      1.5901   -0.048023     -0.3856           0
-0.31046     0.35849     -1.0584     0.65346     0.49427     0.18859     0.10137    -0.10529           1
1.3532    -0.27457    -0.77139    -0.64705    -0.12357    -0.84421    -0.65587      1.0305           0
0.045426    -0.14189   0.0084334     0.91884     0.51935     -0.5523   -0.045426     -1.2391           1
0.98835     0.01557    -0.14911    -0.30434     0.25576    -0.17606    -0.48987    -0.22904           0
-0.42362     -1.0791     -1.2102    0.070118    0.059067    -0.77752    -0.88955     0.15895           1
1.0745    0.076623     0.08834    -0.34951     0.25978    -0.41371     0.40243     0.98835           0
0.19983      -1.105    -0.13665     -1.4001    -0.65266     -1.2391     0.17738      1.2225           1
0.22904    -0.64705    -0.54777    -0.52529    0.011028     -1.3061    0.029196    -0.20049           0
-0.31659     0.01038    -0.40595     0.28267     0.18661    -0.21839     0.17935    0.031143           1
0.47384     -1.0338   -0.077274      -0.824    -0.63114    -0.79697     0.30638     0.92181           0
-0.34951     0.52529      0.7943     0.31932   -0.044127     0.28267     0.52232    0.071419           1
-0.65346    -0.68922    0.038283     0.67449     0.54928    0.076623     0.14189    -0.79164           0
-1.2116    0.084433     0.52306       0.387    -0.62009    0.022707     0.61225    -0.32205           1
0.15764    -0.55684    -0.62797     -1.2733    -0.47384    -0.33438     0.48768    0.023356           0
-1.8161      1.6183       1.471   -0.085735      2.7959     0.92878     0.64067    -0.55684           1
0.31387    -0.34262    -0.54777    0.022058    -0.90312    -0.23303     0.45506     0.66475           0
-0.89923    -0.72589     0.08834      1.1694      1.0076     0.64386   -0.092248    -0.10985           1
-0.28267    -0.71077    -0.88187    -0.43286    -0.40806    -0.92082     0.25576     0.32752           0
0.24639      1.2851    -0.46226    -0.64386     0.58048     0.58432     0.28132    -0.21176           1
-0.83407      1.4767       1.471    -0.62009     0.97157       1.105      1.6684    -0.97783           0
0.4601    -0.21574     0.52306     -0.3842    -0.67857    -0.64545     0.18793     0.96329           1
1.9451     -1.5632    -0.71328    -0.70079     -1.6088     -2.2602    -0.22904      1.9808           0
0.10137      1.3061       1.046    -0.51342     0.66071      0.4666     0.66637    -0.10398           1
0.85913     -1.0516    -0.96329    -0.65186    -0.61695    -0.60289    -0.72927     0.91687           0
-0.045426      1.0033      1.3076      1.0676      1.4465     0.66961      1.1617   -0.011028           1
-0.30842     0.58894     0.37514     0.35365     0.50308      1.2763     0.27592    -0.58894           0
0.18529      1.3983     0.82127     0.34262     0.43215     0.59978       1.046     0.91292           1
0.44644     0.12357     0.45218    0.079226     -1.0033    -0.45794     0.33163    -0.79519           0
-1.1824     0.58432   -0.036985     0.63272     0.49573      1.1183     0.27727     -0.2504           1
-0.53276      1.5144       1.777     0.80592     0.56291      1.8229      1.4176    -0.36749           0
-0.15895    -0.22904     0.26247     0.25174     -0.2962    0.061667     0.49573      1.0814           1
-0.78809     0.56139      0.6843      1.6088      1.4614      1.1746    0.079226    -0.27053           0
-3.0799      2.0092      1.5437      2.6404      1.8438      1.2704      1.5901     -1.5165           1
1.0494     -0.3898    -0.56139     -1.2391    -0.14976    -0.53575     -1.2062     0.87234           0
-0.013623      1.0097      0.6843     0.99684   -0.036336       1.291      1.4465     -0.4293           1
0.55835     -1.4319     -1.2532     -0.2091     0.31523    -0.69913     -1.5247     0.71244           0
-0.29078    -0.15633     0.82127     0.80054   -0.035038     0.18133     0.16553     0.58663           1
-0.75317      1.0228     0.77576      1.2062      0.5395      1.5083     0.47748    -0.57205           0
0.47602    -0.12095    -0.67124    -0.57358    -0.34813   -0.044127    -0.47966    0.025951           1
-0.34262      1.1441      0.6843     0.41512     0.83131      1.2116     0.21707     -1.0955           0
-1.2589     0.66961     0.95917      1.6183      1.5083     0.22637     0.95917    -0.43358           1
0.88763      -1.025      -1.117    -0.60133     -1.2589    -0.88571     -2.3326       0.606           0
0.54476     -0.5149      0.6843    -0.27188       -0.44    -0.49573     0.30638     0.84236           1
1.35     0.15895      0.3968    -0.28132    -0.91391   -0.037634    0.032441     0.65106           0
-1.7464     0.73605      1.9901      1.5901    -0.14845     0.85351      1.1391      -1.658           1
-0.3968    -0.55835    0.038283     0.52083     0.35641    -0.23037    -0.77226     0.74288           0
-0.88379     -1.8438    -0.87139    -0.23037     0.27188      -1.658     -2.4714    -0.51194           1
-0.61069   -0.044127    0.068818    0.046724    -0.87424    -0.16158      -0.344      1.2363           0
0.17474   -0.096158       1.046    0.081829    -0.70744    0.022707      1.1466     0.23437           1
-0.59978     -0.2091     0.65266     0.62009     0.93479     0.29213     0.66799     -1.2307           0
-0.71579     0.89729      1.1929     0.67775     0.47602      1.3597      1.8094     -0.4222           1
1.2763     -0.9695    -0.66394    -0.77052     -1.3932     -1.5523     -1.8229      1.1694           0
0.48184     0.55987    -0.26448    -0.92082    -0.56139    0.019463    -0.84051      1.1391           1
0.13665     -1.5247    -0.99047     -1.0596    -0.10007     -1.0562     0.17079     0.71412           0
0.35987    0.080527     0.42717     0.14714   -0.093551     0.61617    -0.56747      1.0722           1
1.1146     -1.2307     -1.0838     -1.0539    -0.53126     -1.0054    -0.35918    -0.52827           0
-0.23437      0.4293     0.45218    -0.22504    -0.39821     0.48403     0.46226    -0.57664           1
1.0272     -1.2225     -1.2792    -0.87044     -0.6884    -0.88379     -2.3528    -0.21839           0
-1.658     0.29213       1.046      1.0838     0.90899     0.43786     0.17606    -0.77576           1
0.97574      1.6896   -0.077274    -0.90899    -0.01038     0.40383    -0.14583    -0.34813           0
0.42859      0.3968     0.65266   -0.061017    -0.13665      0.9368     0.43786    -0.15501           1
-0.14583    -0.74801    -0.23103     0.27188     -1.0516    -0.69582    -0.73776     0.15764           0
0.36472     0.41937     0.58894       1.163  -0.0064872      0.6359     0.28807      0.1288           1
0.34882    -0.96329    -0.62797    -0.05322     0.46371    -0.27997    -0.82765     0.33026           0
0.68102    -0.19454   -0.054519     -0.4565    -0.96329     -1.4105    -0.44787     0.31114           1
0.72589      1.4123     0.26247      -1.334    -0.25978     0.49867   -0.058417    0.083131           0
1.1342     -1.2335    -0.60289    -0.99471     0.11899    -0.61852    -0.33575     0.29755           1
1.2447     -1.3729     -0.7828      -1.531    -0.36472    -0.99898     -1.1466   -0.080527           0
-0.25978    -0.33438     0.27862  -0.0090821      0.3912    -0.11704    -0.70744    -0.92878           1
0.63431    -0.48403    -0.22238    -0.19189      -0.394    -0.47675     -0.6599    -0.81132           0
-2.9571    -0.36472      0.9238     0.54626     0.71999    0.040231     0.76008     -2.0828           1
-1.8655      1.1656      2.3426      1.8582      1.5544      1.7524     0.13011     -1.7173           0
-0.80412    -0.15107      0.7549     0.55835     0.10659     0.34537     -0.2317     0.56747           1
-2.4448      1.1195      1.3076      2.9571      2.6404      1.6896       1.469     -2.7364           0
0.59513     -1.0054    0.068818    -0.79876    -0.11704    -0.45218    -0.30706     -0.2397           1
0.71077    0.064917     0.95917     0.45506     0.50014     0.70411   -0.084433     0.01038           0
-2.3963     0.60133      1.6064      2.2127     0.87614      1.2225      1.2008     -2.5638           1
-0.40947    -0.43215    -0.16224    -0.62482    -0.83682    -0.91884    -0.56595      0.3898           0
-2.3326    -0.23837     0.15501     -0.4972      1.6379    -0.31932       0.544     -1.2821           1
-0.51046      1.2116     0.42717     0.56291     0.62956     0.93078     0.71244    -0.46805           0
-1.9199     0.99471      1.9901      1.3796      1.2225      1.8438      1.5676     -1.7464           1
0.079226     0.04153     0.85632     0.84607      0.2277    -0.05322    -0.52529     0.16947           0
0.44071    0.068818     -0.6983     0.12226     0.19189    -0.34537   -0.037634     0.26113           1
0.55987    0.017516       -0.32    -0.17408    -0.42362      -0.569    -0.28537     0.68348           0
0.08834    -0.63748     0.62403    -0.22371     0.18529    -0.58432      0.5112     -1.5632           1
-0.13665     0.62482      1.2405     0.83682     0.70079      1.3277      1.2503    0.037634           0
-0.18661    -0.53575    -0.58355    -0.54476     -1.0932    -0.62482    -0.15239    0.080527           1
0.48987     -1.0562    -0.14911    -0.40243    -0.37027     -0.2665    -0.68594     0.52678           0
-0.93278     0.74801    -0.56139       0.824    -0.82948     0.34675      1.5458    -0.57052           1
0.067517    -0.24906    -0.96329   -0.049322    -0.27323    -0.90899    -0.32479     0.29213           0
-2.2949     0.56595     0.82127       1.658      2.3963     0.85538      1.9282     -2.1433           1
0.51786    -0.35227     0.33026    -0.48403    -0.72673    -0.12618     -0.5874     0.11769           0
-1.7346     0.64067     0.52306      2.7364      1.6232     0.81855     0.18925     -1.6041           1
1.5856     -1.9626     -2.1305     -2.9571     -2.1305     -2.0191    -0.92082      2.0191           0
-1.6789     0.43073      1.3076      1.5124     0.68184     0.97157     0.85538     -1.8094           1
-0.98624     0.66637      1.0943     0.83131           0     0.83867     0.80592     -1.1785           0
-1.4001     0.98203       1.046      1.9626      2.0092      1.6329      1.0184    -0.98203           1
0.84421     -1.0076    -0.42291    -0.91096   -0.094854   -0.092248    -0.59823     0.65106           0
-1.6951      1.4539      2.5816      1.7464    -0.26919      1.7833      1.4001     -1.5948           1
-0.02076     0.13534     0.33026    -0.10659    -0.87614    -0.72589    -0.60444    -0.47675           0
-0.40524     0.52232       1.046     0.55987    -0.29891     0.66313    -0.34675    -0.40595           1
1.4283     -1.7061     -1.5185     -1.2349    -0.11965      -1.185     -2.1305     0.69252           0
1.5632     -1.8367     -1.7464     -1.5588    -0.51046    -0.62956    -0.72083      1.4767           1
1.0033    -0.26381    -0.21242    -0.21308     -1.0427    -0.21308    -0.86289     0.59667           0
0.86101     0.11704     0.08834     -0.3912    -0.48914   -0.066217     0.30842      0.7463           1
