-1.3184     0.55079     0.49867      1.0768     0.60756     0.85913    -0.13927    -0.56747           0
-0.38141     0.79697     0.15501     0.67612     0.50455     0.01557     0.84236    -0.92281           1
-0.46515      1.5144     0.89438    -0.91292     -1.1516     0.23303      0.1288     0.87805           0
-1.3597      1.8438       1.471      2.5638      1.7584      1.4767       1.628    -0.43786           1
-0.21972      1.4963      0.3968     0.24371    0.083131     0.35365     0.28267    -0.34124           0
-0.061667     0.13011    -0.23103    -0.57664     0.53126      0.1092     0.70577     0.76529           1
-1.7645     0.67775      1.6816      1.6428     0.90703      1.0119      2.0828     -2.6002           0
0.73776    -0.24772     -1.6684     0.36472     -0.2504    -0.15107     -1.5373     0.52827           1
1.9282     -1.4539     -1.5458     -1.6896     -1.6632     -1.8367      -1.256      2.0716           0
-0.25978    -0.33438     0.27862  -0.0090821      0.3912    -0.11704    -0.70744    -0.92878           1
-0.4293     0.23303     0.45218     0.94488     0.11181     0.55835     0.15239   -0.085735           0
0.55079     -0.4565     0.23637     -1.4729    -0.91884    -0.18001    -0.18529     0.30434           1
0.4666    -0.38141    -0.88187    -0.77752     0.34675    -0.52381     0.15107     0.32069           0
0.56139    0.071419    -0.76182    -0.57205    -0.21441    -0.33163   -0.090945     0.46226           1
1.0076    -0.80233     -1.0438     -1.1003     -1.3404     -1.1342     -1.3092      0.3884           0
-0.13796    -0.64226     -1.1441    -0.18793     0.16684    -0.64865    -0.53126     -0.1079           1
-0.34262      1.1441      0.6843     0.41512     0.83131      1.2116     0.21707     -1.0955           0
0.055818    -0.30706    -0.23103     0.16421    -0.66152     -0.3385     0.12095    -0.54325           1
-0.81855    -0.10007     0.82127    -0.29484     0.25442    -0.42362     0.87996    -0.38002           0
-1.0539    -0.31796   -0.077274    -0.80592      1.5415     0.44931    -0.55079    -0.41937           1
1.4001    -0.60444     -1.0584     -1.0722     -1.1074    -0.79164     -1.9118      1.6529           0
0.70577     0.27053      -1.407   -0.046724      -1.014    -0.29349     -1.2851     0.50898           1
-0.64545    -0.33026    -0.23837   -0.024654    -0.36749    -0.60444     0.62797    -0.73776           0
-0.84792     0.28402       1.777      1.1541      1.4319     0.56139     0.60133    -0.84792           1
0.29078    -0.24371     -0.7828    -0.93078    -0.34262    -0.40383    -0.59049     0.55381           0
-0.44716     0.35503      1.1416      0.3954      1.2447     0.55079     0.31523    -0.31114           1
-0.94894     0.31796      1.3932       1.256     0.42646      1.2008      0.3884     -1.7645           0
-0.13273     0.73776      1.2405      1.9199     0.28537      1.3796      1.4105    -0.37236           1
-1.8959      1.4884     0.35779    -0.35503     -1.0272     0.32479     0.12749    0.050621           0
-0.43786     0.60444      0.6843     0.73266    -0.12618     0.64545     0.57511    -0.29213           1
1.6041     -0.3125     -1.7346     -1.8805     0.73096    -0.40665     -1.5124      1.0449           0
-0.077924      1.0838     0.95917      1.2307     0.42504     0.70577      1.6843    -0.28267           1
0.51786    -0.35227     0.33026    -0.48403    -0.72673    -0.12618     -0.5874     0.11769           0
0.48184     0.55987    -0.26448    -0.92082    -0.56139    0.019463    -0.84051      1.1391           1
0.46949     0.19454     0.85632   -0.070118    -0.72083     0.16684    -0.46226     0.78103           0
-0.12095     0.49573     0.62403    0.084433     -1.2763    0.054519     0.51638     -0.3884           1
-0.4753     0.79341      2.2053      1.1391      1.4247      1.9716     0.84792    -0.30162           0
0.82765     -1.3372     -1.6428     -1.0206      0.4782     -1.6088      -1.217      0.3968           1
0.022058     0.79519      0.6843     0.67124     0.15895     0.63114     0.97574    -0.92082           0
1.1342     -1.2335    -0.60289    -0.99471     0.11899    -0.61852    -0.33575     0.29755           1
-1.407     0.75317      2.3426      1.9716      1.8805      2.0716      1.2447      -2.374           0
0.69417     -1.3246     -1.2881     -1.0316    -0.50308     -1.6428     -1.6041      1.4806           1
0.74288     -0.4222     0.29484    -0.50014     -1.1416    -0.27592     -0.6359       1.036           0
-1.5544      0.1985    -0.10007      1.6329      1.3468     0.31659    -0.39821     -1.8367           1
-0.66799     0.21839      1.0943     0.21308     0.39821   -0.098765    -0.10398     -1.4652           0
-0.049972     -0.1629      0.7091    -0.51046     0.67286    0.070118    -0.46371    -0.40243           1
1.2307      -1.256     -1.4193     -1.5083    -0.92082    -0.74288     -1.7524     0.90899           0
-0.63272      1.4265     0.33026    -0.17408     0.88955     0.69087      1.2617     -0.3571           1
0.03309    -0.45794      0.3968     0.53425      0.3091      0.3057     0.97366    -0.89729           0
-0.23303     -0.2317    -0.48695   -0.055818      1.1643   -0.036336     0.16027    -0.16027           1
0.11181   -0.081829     0.27862     -0.4928    -0.62324    -0.28402    0.044127     0.31523           0
-0.23637    -0.22504     0.35779    -0.39821      1.3436     0.42078     0.22504     -1.1243           1
0.8304    -0.64545     0.35779    -0.69747    -0.45362    -0.28537     0.42078     0.49427           0
-0.47966    -0.30978    -0.72589     0.91391       1.014     0.93881     -1.0653     -1.0294           1
2.1698     -2.2602     -2.0191     -1.7833     -1.7346     -2.3528      -2.374      2.6404           0
-1.3696      1.6379      2.2053     0.41088      1.2363      1.0584      0.1092    -0.34537           1
-1.0908    0.019463     0.60522     0.56139      1.5043      0.5523    -0.23037     -1.1074           0
0.076623     0.24772    -0.45003     0.63431      1.0382     0.61069     0.74459    -0.61382           1
1.9626      0.3856       1.777      1.7006    0.048023    0.068818    -0.52977     -2.8672           0
0.87519    -0.02076    -0.64465    -0.50161    -0.58278    -0.33987    -0.64705    -0.24371           1
0.22904    -0.64705    -0.54777    -0.52529    0.011028     -1.3061    0.029196    -0.20049           0
1.1617    -0.50603    -0.40595    -0.15239    -0.21574    -0.32616     -2.0394      1.0494           1
-0.40102     0.66475      1.0011      1.2851      0.2357      1.0404      0.4293    0.014272           0
-1.4729     0.70577      1.6064      1.1995      1.0349     0.71412     0.92679     -1.5901           1
0.9602      -1.581     -1.5523     -0.7828    -0.71663     -1.3663     -1.1798     0.90312           0
0.36472     0.41937     0.58894       1.163  -0.0064872      0.6359     0.28807      0.1288           1
-0.11442      0.9695    -0.21242     0.41229      -1.172    -0.15501      1.3729     0.36056           0
0.88475     0.48549    -0.52009      1.1074     -1.1195     0.46082    -0.22637    -0.18397           1
0.49647    -0.43358    -0.23103     0.60756    -0.90703     -0.1092    -0.64226    0.048023           0
0.31659     -1.2475     -1.5352     -1.1902     0.20049    -0.54626    -0.22371     0.55987           1
-0.98203      2.4198     0.85632    -0.59513    -0.54626      2.4714     0.67938     0.12488           0
-1.2447     0.59513      0.7943      0.1537     0.48695     0.87424      1.2335    -0.56291           1
0.26583     0.86477   -0.077274    -0.96742    -0.80592    -0.34262    -0.51046     0.46515           0
-1.1243      1.6017      1.8692     0.85913      2.1698      2.2949     0.82948      -1.383           1
1.0838    -0.67449     -1.6763     -1.2851     0.13796     -1.2589     -1.6789      1.2792           0
0.044127     0.24238      1.0011     0.89535     0.88763     0.72083       -0.44    -0.36195           1
-2.7364     -1.6684     -3.0799     -2.6002     -3.0799     -1.8509     -3.0799     -2.2772           0
-1.1195     0.77052      1.3076      1.3597      1.0814      1.2546   -0.083131     -1.0206           1
-0.82583      1.7404      1.0943    -0.72083     0.94184      1.3246      1.3763    -0.68102           0
-0.087037      0.6599      0.6843     0.34675    -0.72927      0.7463     0.99259   -0.048673           1
1.2675   -0.057768    -0.68348     -0.1432     -0.7828    -0.28672     -1.7117     0.24238           0
0.26784     -1.3184     -1.0022    -0.30026     0.77401     -1.6632     -2.1837    -0.18793           1
0.35779     0.61069       1.046       0.344     0.13273       0.387     0.89923    0.067517           0
-0.41724     0.92878       1.046      2.2602     0.56139     0.65186      1.1772    -0.75662           1
-0.56291     0.20778      0.7943     0.33712    -0.81493    0.071419    -0.40524    -0.11834           0
-1.5063     0.77927       1.471     0.88379     0.86007       1.294      0.5149    -0.72758           1
0.25174     -1.0162     -0.7828    -0.87234     -0.3884    -0.85913     -1.4465     0.63907           0
-0.64865     0.72927     0.89438     0.52678    -0.11312     0.34124      1.4428     -0.2571           1
0.03309    0.022058    -0.12618    -0.17869    -0.63272    -0.80412    -0.65829     0.68594           0
0.27592    -0.76008       -0.32     -1.0908    0.070118     -0.9248    -0.88379       1.025           1
1.0745    0.076623     0.08834    -0.34951     0.25978    -0.41371     0.40243     0.98835           0
-1.1416      1.9199      1.9901      1.9808       1.063      1.9038     0.34813     -1.2252           1
-1.5331      1.5289       1.777     0.47094      1.8297      1.1798      1.9199      -1.291           0
-0.18793     0.93479     0.29484     0.68266    -0.57281     0.96742     0.32889      1.7117           1
-1.3532     0.55835      1.2405      1.1567      1.0404      1.4502     0.88763    -0.81855           0
-0.045426      1.0033      1.3076      1.0676      1.4465     0.66961      1.1617   -0.011028           1
0.29755      1.6428      1.0943      -1.628     -1.1929     0.98624     0.67775     0.60289           0
-0.68594     0.46371     0.60522     0.05322     0.35365     0.44787     0.01038    -0.64865           1
1.6088      -1.572      -1.628     -1.4428      -1.297    -0.95507     -1.1146       1.723           0
-0.15239     0.42504      0.2038     -1.0932     0.57664     0.35089    -0.33026     -2.0606           1
0.79253    -0.59358     -1.4193      0.1288    -0.89148     -1.0979    -0.37305      1.0404           0
0.1537      1.0076     0.18595      0.5149    0.035038     0.50455     0.21308     0.68102           1
0.84607    -0.56443    -0.76182     -0.9368    -0.99684    -0.81222     -1.0745      0.4782           0
-0.4782     0.26448     0.58894     0.12357    -0.17606     0.54325     0.73266    -0.64705           1
-0.059067    -0.98413    -0.47602    0.087037     0.76182     -1.0076     -1.7404    -0.14452           0
-0.63114      2.0394     0.85632    -0.42504    -0.01038    -0.36611     0.52083      0.2397           1
1.8509    -0.92082     -1.3404     -1.7061     -2.0092     -1.5676     -1.0228      2.4198           0
-1.5247       1.469       1.777      1.1195      1.9626      1.1876     0.88379    -0.91292           1
0.83682     -1.4247    -0.14911     -1.3061    -0.76008     -1.4884   -0.068818     0.53276           0
-0.29823     0.71077     -0.5365     0.67286      0.2091      1.0294      1.1146    -0.37444           1
0.35503     0.80054     0.30706     0.28942    -0.95507     0.48768    -0.17211      2.4999           0
-0.063617     0.59049     0.49867     0.86477    -0.22238      1.0838     0.44644     0.36195           1
0.90118     0.12226     0.30706    0.054519     -0.3125    -0.40172   -0.070118     0.75662           0
0.40383      1.4729      0.7943     0.32342    -0.20513      1.5247     0.71747    0.024654           1
0.85351    -0.72927    -0.60289     -1.3246    -0.55684     -0.4782    -0.47384     0.87424           0
-0.45722    0.048023     0.62403     0.93881     0.36749     0.35918     0.30298    -0.96742           1
1.2503    -0.71244     -0.6983    -0.99047     -0.5874    -0.13796     -1.3763     0.62482           0
-1.9716     0.80592      1.0011    -0.17211      1.1982     0.68266     0.79519     -1.2143           1
0.5874    0.070118     0.12226    -0.34813    -0.48184    -0.13534     0.34675     0.69005           0
0.73096     -1.1617    -0.67693    -0.32342    -0.27862    -0.85165     -1.4211     0.95507           1
-0.14189    -0.40172    -0.20115     0.22238     -0.1629      0.1079    -0.85351     0.38281           0
-0.45362      1.1146      1.1416      1.0404    -0.32889     0.62797      1.4825   -0.019463           1
0.10529     -0.1079     0.35779    -0.62718     -1.0676    -0.11051    -0.93479     0.95098           0
-0.31046     0.35849     -1.0584     0.65346     0.49427     0.18859     0.10137    -0.10529           1
0.52827    -0.85538    -0.17276     -1.2646    -0.47094    -0.52529    -0.85913     0.83315           0
-1.1342     0.71747      1.1416      2.0499      1.1219      1.1317     0.85913     -1.4884           1
1.4652    -0.97574     -1.4301     -1.1441     -1.6329     -1.7404     -1.6379      1.3031           0
-0.97993    -0.34537     0.65266     0.66475      1.3309     0.90703    -0.33712     0.13011           1
1.0162     -0.2357   -0.054519    -0.78103   -0.079877    -0.67449    -0.77927   -0.027249           0
0.14583     -1.4001    0.049972    -0.46515      1.0228     -0.4293     -1.0294     0.28942           1
-1.2617     0.38141     0.47384    -0.38002     0.42788     0.44071     0.10007    -0.93479           0
0.24639      1.2851    -0.46226    -0.64386     0.58048     0.58432     0.28132    -0.21176           1
1.6951    -0.82948    -0.24906     -1.1824      -1.628     -1.2733    -0.84421     0.79519           0
-0.35227     0.27997     0.72927   -0.031143    -0.65266  -0.0077846     0.82036    -0.16618           1
0.3954    -0.41371     0.10463    -0.12618    -0.84978     0.18661    -0.78103      1.1026           0
-1.0206     0.82036       1.046     0.80772     0.49134      1.0539      0.5874    -0.79341           1
-0.73435      1.1219     0.13404     -1.4283    -0.37444     0.27592   -0.098765      2.3963           0
-1.3309      2.2053      3.2808      2.6002      1.5994      2.4999      2.6853     -2.6404           1
0.34882    -0.96329    -0.62797    -0.05322     0.46371    -0.27997    -0.82765     0.33026           0
0.19983      -1.105    -0.13665     -1.4001    -0.65266     -1.2391     0.17738      1.2225           1
-0.13011     0.27457     0.12226     0.40102    -0.05192    0.063617     0.46371     -0.3842           0
0.15961      1.0539     0.15501     -1.0861    -0.54476     -0.3968     0.37862   -0.058417           1
0.28807    -0.50898      -1.407    -0.69252    -0.41229     -1.0338     -1.4035      1.8367           0
0.38141     0.45218      1.1929     0.34813    -0.13076     0.11181      1.0664     0.46949           1
-0.081829    -0.37584     0.72927    -0.32479    -0.10398    -0.51935     0.79341     0.24639           0
0.27323    0.058417     -0.2766    -0.07272    -0.61225   -0.093551    -0.16816     0.57358           1
-0.57817     0.87996      1.9901      1.7584      1.3763      1.5003      1.6088     -1.3184           0
-0.81493    -0.45074      1.3932     0.67938      1.1876     0.22105   -0.036336    -0.80592           1
0.51638      -1.469     -1.0206    -0.14714     0.24839     -0.7828     -1.7006   -0.024654           0
-1.581      1.7584      1.6064      2.4714      1.7346      2.6404      2.0499     -2.3528           1
1.0316    -0.21441     0.27862     -1.3001     -1.4465    -0.59358    -0.92679   -0.074021           0
-0.5075     0.57817     0.72927     0.63907      1.1916      1.2447     0.48111     -1.9366           1
0.75835    -0.91292     -1.4465    -0.99259    -0.05322    -0.68266     -1.6529      1.2335           0
0.54777   -0.097461    -0.26448    -0.26381     -1.0562     -0.1537     -0.5075      1.2252           1
-0.54175     0.92679     0.30706     0.89923   -0.028547      1.0516    -0.12095     -1.3864           0
-1.1466      1.9996      1.6816     0.42078     0.36333      1.5289      1.3309    -0.45074           1
1.3372    -0.86101     -1.3729    -0.66313     -1.5043     -1.0427     -2.9571      1.3404           0
-0.34468      0.2357      1.0011     0.50898     0.21839     0.36749     0.55079     0.22704           1
0.29349     -1.1026     -1.1681     0.34124    -0.65025     -1.3153     -2.6002      1.2617           0
-1.658     0.29213       1.046      1.0838     0.90899     0.43786     0.17606    -0.77576           1
-1.7117     0.56747     0.62403      1.4001     0.65507     0.35227    -0.16684    -0.52977           0
-1.4283     -1.0814     0.60522     0.35089     0.63272    -0.18265     0.21574    -0.71915           1
-0.82948     0.64226     0.54476      1.1292    -0.38281      1.3404     0.17474    -0.80412           0
-2.2949     0.56595     0.82127       1.658      2.3963     0.85538      1.9282     -2.1433           1
0.42859    0.098765     0.85632     0.26515    -0.67857    -0.20115    -0.57664    0.097461           0
1.2089    -0.28672   -0.054519    -0.21972     -1.1219    -0.62324    -0.42433     0.72083           1
-1.3932    -0.64386     0.52306     -0.2665      0.3863    0.011677     0.82765    -0.73605           0
-0.2091     0.49867     0.95917     0.68102    0.067517     0.60289     0.86289    -0.07272           1
-0.91292     0.17869     0.89438    -0.41229     0.78986   -0.032441    -0.25107    -0.46082           0
-1.7404      1.2821      1.3076      1.4577     0.12749       1.217      1.1003      -1.025           1
-0.83131    0.027249     0.47384      1.6135       1.581     0.05322     -1.0272      -1.294           0
-1.0607     0.21308      0.7943      1.1219      1.6329     0.30706     0.83131    -0.78986           1
0.46226    -0.80592    -0.91292      -0.387    -0.43358     -1.3565     -1.0097     0.78986           0
-1.4001     0.98203       1.046      1.9626      2.0092      1.6329      1.0184    -0.98203           1
0.54025    -0.47239    -0.74973    -0.97574     -1.2062    -0.31387    -0.89148      1.2062           0
0.011677      0.1288     0.49867     0.37584    -0.26515     0.38141    0.037634     0.61225           1
0.37723     -1.1195    0.038283    -0.31114     0.67775    -0.12488     -1.2008    -0.23103           0
0.28402     0.69252    -0.71328     0.22504    -0.84421     0.10529     -0.1092     0.84978           1
0.56291      1.8094       1.471      1.2763       2.228      1.6736      1.1122    -0.44357           0
-1.3404    -0.76182    -0.18661     0.45218     0.46226   0.0077846     -0.9602      0.1432           1
0.31114    0.066217     0.18595    -0.81674      -1.334    -0.40172     0.17935     0.22504           0
-0.31387    -0.83867    -0.71328     0.31796    -0.40243    -0.51046     0.30434    -0.43928           1
-1.1074      0.7828    -0.84792     -0.7463     0.38281      2.1564    -0.04153     -3.2808           0
-0.76877     0.83498     0.30706     0.30706     0.91588     0.41795     0.94083    -0.65668           1
0.2618     0.34331     0.52306     0.32752      0.3863     0.30978     0.50603    -0.14583           0
-0.1079      2.0552      1.1416     0.58432     0.53425      1.7897     0.84051    -0.70577           1
1.4247     -2.6404     -2.2127     -1.8582     -2.1182     -2.9571    -0.82036      1.8655           0
-0.52977    0.083131    -0.67124    -0.21574      -1.291     0.89148    -0.20645    -0.66799           1
-0.69417    -0.95507  -0.0090821   -0.045426    -0.59358     -1.0097     -2.7364     0.57511           0
-0.44716    -0.24104     -0.6983     0.41371    -0.41795     -1.4539    -0.21574    0.035038           1
-1.1391     0.20513     0.49867      1.3729     0.80323     0.25978    -0.10529    -0.86666           0
-0.54476     0.16158    -0.72589    -0.70245     0.69913    -0.83498    -0.95507    -0.32342           1
0.93078    -0.47966     -1.2704    -0.94083    -0.88187     -1.6789     -0.6843      1.3215           0
-2.3326    -0.23837     0.15501     -0.4972      1.6379    -0.31932       0.544     -1.2821           1
0.569     -1.2062    -0.73861   -0.054519     0.48841    -0.36195    -0.81132      1.1929           0
-0.3884      1.4614      1.1416      1.8881      1.0838      1.9538      1.7645     -1.4539           1
2.1305     -1.1746     -1.1305     -1.6479     -1.9118     -1.6896     -1.5043      1.9282           0
0.35987    0.080527     0.42717     0.14714   -0.093551     0.61617    -0.56747      1.0722           1
-0.50308     -1.7173    -0.94184    -0.16158     0.35987    -0.32479     -1.1592     0.51194           0
-1.2116    0.084433     0.52306       0.387    -0.62009    0.022707     0.61225    -0.32205           1
0.37027     -0.1092    -0.16224    -0.84978     -1.5765    -0.66637    -0.66313     0.33163           0
-0.60289     0.21441     0.23637    -0.24639      0.1288    -0.52678     0.49793    -0.53875           1
-1.6479     0.69747    -0.13665      1.1876      2.0291     0.84978     0.50455     -1.1643           0
0.18661    -0.52232      0.7943     0.47239     -1.0494     0.24104     0.23037     0.14845           1
-1.2733    -0.73776     0.23637     0.54325     0.48549    -0.27323     -1.1403    -0.23303           0
-0.085084     0.32342     0.77576     0.69913    -0.77752     0.20115     0.11965    -0.10007           1
0.10268    -0.67286     0.35779    -0.20645     0.41724     -0.7352     0.19454    -0.46226           0
-1.5994     0.76877      2.1182      2.6853     0.61538     0.19718      1.0054     -1.9716           1
0.57511     -0.3968    0.049972    -0.76877     -1.2675    -0.57971    -0.29891     0.23704           0
-1.7346     0.64067     0.52306      2.7364      1.6232     0.81855     0.18925     -1.6041           1
-0.33438    -0.38002   0.0084334   -0.016867    -0.41583    0.048023      -1.294     0.12095           0
-0.76355     0.96329      1.3932      1.0653      1.1122      1.5501      1.8881    -0.61225           1
0.19189    -0.50308     -1.2733    -0.98624    0.011028    -0.44357    -0.66152     0.72589           0
-0.46371      0.3954     0.72927    0.071419   -0.083131     0.45506    -0.59358    -0.66313           1
0.50603    -0.10268     0.14452     0.15239    -0.95917   -0.035038    -0.70494     0.54928           0
-1.2252     0.62639      1.3076     0.83498     0.41229     0.52083     0.34537    -0.89923           1
1.8881    -0.43643     -1.1086    -0.13273    -0.38071    -0.46515     -1.0206      1.1342           0
-1.1317      1.2447    0.038283     0.43073     0.42362      1.1219    -0.22238    -0.54852           1
-0.36056   -0.019463    -0.46226     0.11312    -0.67124   -0.087037     0.64865    -0.19454           0
0.59513     -1.0054    0.068818    -0.79876    -0.11704    -0.45218    -0.30706     -0.2397           1
-0.53276      1.5144       1.777     0.80592     0.56291      1.8229      1.4176    -0.36749           0
-1.2391      1.6088      0.6843    0.062317     0.81132      1.4319     0.18661    -0.85913           1
0.12095     0.45074    0.049972     0.76008    -0.53875     0.29349     0.41512    -0.40947           0
-0.34124     0.29891      0.2038    -0.14845    -0.71915    -0.34675     0.14845      0.1675           1
-0.70245     0.53276     0.33026     0.84051    -0.47748     0.78456   -0.011677      0.2962           0
-0.85351    -0.27929    -0.33301      1.0979     0.81674      1.1268    -0.64386    -0.84607           1
-0.98624     0.66637      1.0943     0.83131           0     0.83867     0.80592     -1.1785           0
0.37584     0.92281     0.65266     0.32889    0.080527     0.28942     0.57817     0.19321           1
0.025951     -1.1292     -1.5083     -1.4806      1.2307    -0.15764    -0.97783   -0.029845           0
-0.33712     0.17474    -0.52827     0.71579    -0.21972     0.31932     0.91096     0.05322           1
0.10398     0.68922    -0.11442  -0.0025949     -0.2277     0.22371     0.36749    -0.58278           0
-0.50898      0.7549      0.7943     0.53276      1.9808     0.54175    -0.40243   -0.025951           1
-1.0516     -1.5331      1.0943     0.17606     0.28267     0.11965    -0.49134    -0.77752           0
0.34537     0.84236      1.1929      1.6632     0.48111     0.32752      1.5994   -0.054519           1
-1.3663    -0.52083      0.7549     0.53575     0.26852    -0.77576      1.0607    -0.59358           0
0.042179     0.41088      1.3076      1.0699      1.0184      1.0427     0.08834     -1.2363           1
0.68758    -0.85913    -0.37584     0.43215   -0.075322     -1.2363    -0.78633     0.52455           0
-1.1668   0.0077846     0.49867    -0.16684     0.77576     0.36195     -1.4283    -0.30978           1
0.96846      -1.063    -0.26448    -0.40102     0.22904    -0.13142    -0.49573     0.80412           0
-0.79876     0.65186     0.58894      1.2447     0.34124     0.84421     0.90703     0.26784           1
-2.0828      2.7364      2.9092      1.0607      1.5501      1.6232      1.8805     -1.9282           0
0.57281     -0.4782    -0.94184   -0.057118    -0.47966    -0.57664    -0.82583      1.0382           1
0.86666   -0.054519     0.47384    -0.18397    -0.50898   -0.048023     0.14714     0.30298           0
0.7352    -0.86477    0.068818    -0.24371    0.090945   -0.077924     -1.4539      1.1541           1
0.070118      0.3912    -0.18661    -0.65668     -1.4283    -0.48841    -0.26113      1.7584           0
-0.84236     0.49134     0.89438     0.64705     0.19718     0.95507     0.36958    -0.20645           1
-0.5959      1.7739      1.1929     -1.3966     -0.1985     0.77927      2.3528    -0.25576           0
-1.4105     0.64865     0.21906      1.5023      1.2143     0.70994     0.19784    -0.63431           1
1.0404    -0.78809      -1.368    -0.44501    -0.47748     -1.7584     -1.0427     0.27727           0
-2.8672       1.297      1.3076     0.78633      2.0394     0.82036      1.1798     -1.6232           1
0.62482    -0.60756    -0.71328     -1.1243    -0.17738    -0.43358    -0.62561     0.35779           0
-0.38002     0.32069      0.7091    -0.18529     0.54476     0.10659    -0.36195  -0.0077846           1
1.0349    -0.44214    -0.82491    -0.69913    -0.63431     -1.5003      -1.297     0.46805           0
-0.089642    -0.40947     0.30706      2.1433      1.0908     0.41937     0.86477     -1.3246           1
0.71244    -0.55079    -0.42291    -0.29755    -0.74117    -0.60912    -0.76529    -0.22172           0
0.94894      1.0791     0.47384       0.569    -0.56291     0.40243    -0.74973     0.80592           1
-0.24505      1.3001     0.58894    -0.74801   -0.096158     0.71747      1.0908    -0.67449           0
0.22172     0.69582      1.1416      0.3057    -0.24238     0.60756     0.39821     0.18133           1
-0.45938    -0.72251    -0.74973   -0.025951      1.0539     -1.2225    -0.94996    -0.61069           0
-0.96846     0.12749      1.2405      1.1824     0.71244     0.59049     0.73435     -2.4198           1
1.0884     -2.0716     -1.9199     -2.4714     -1.8655     -1.8229    -0.59513      2.1837           0
-3.0799      2.0092      1.5437      2.6404      1.8438      1.2704      1.5901     -1.5165           1
0.35365    -0.62482    -0.49793    -0.83867     -1.7404    -0.86666     -1.1243      1.0584           0
-0.28942     0.29484     0.18595      2.1305      1.3001       2.228     0.72589     -1.9626           1
1.2225     -1.2704    -0.91292     -1.1955     -1.3153     -1.2197      -1.291      1.0184           0
0.3057     0.54626      1.1416      0.4666    -0.28132     0.26784       1.063    -0.69169           1
0.5523    -0.93881     -0.5365    -0.13011    -0.40665    0.075322     -1.0584     0.59203           0
-1.1541     0.88283     0.82127     0.81041     0.19454      1.0745     0.77226    -0.74117           1
0.62956    -0.83682     0.37514     -0.1079    -0.57817      -0.606      -0.394     0.34951           0
-0.067517     0.65829     0.85632      1.4211     0.44644     0.99259      1.0791     -0.3968           1
0.42149   -0.090945    -0.48695    0.048023    -0.19388    -0.50161    -0.19189     0.25978           0
-0.37027    0.044127     -0.6983     0.36333    -0.15633    -0.13404    -0.21972    -0.20778           1
1.3231    -0.58432    -0.89148    -0.93881     -1.4729     -1.3372     -1.2447      1.5765           0
-0.28402    -0.91884    -0.10007    -0.70744     0.32342      -0.394    -0.95711     0.36888           1
-0.13534     -1.0745    -0.42291     0.27457     0.17738    -0.68594    -0.92281     0.40806           0
-0.63431      1.2335      1.2405      1.7833      1.9716      2.4448      2.3133     -1.4211           1
1.1416    -0.64067     -1.0173     -1.1746     0.26852    -0.62797    -0.35641    -0.37027           0
0.18529      1.3983     0.82127     0.34262     0.43215     0.59978       1.046     0.91292           1
-2.2127       1.363      1.6816      1.7645     0.15633      2.3963      2.5638     -2.0943           0
-0.43073     -0.5523    -0.84792     0.44071   -0.040231     0.64705     -1.1982     0.84051           1
0.60756     -1.0316     -1.3581    -0.35089     -1.1003     -1.3729     -1.7288      1.3436           0
-0.3057     0.33163     0.95917      1.1929   -0.061017     0.50235     0.19057    0.062317           1
1.6529     -1.6183     -1.8027     -1.6843     -1.4319     -1.7464     -2.2602      1.5083           0
-0.013623      1.0097      0.6843     0.99684   -0.036336       1.291      1.4465     -0.4293           1
0.66313    -0.43786    0.068818    -0.67124    -0.66799      -1.291    -0.32889     0.22904           0
0.11442     0.98413       1.471      1.1122       1.334      1.6183     0.55835    -0.97366           1
0.45794    -0.53126    -0.37584     -1.9038    -0.29484    -0.44071    -0.71915     0.88571           0
0.27862    -0.59667    -0.65346    -0.77489    -0.55079     -0.3898    -0.29349     0.34537           1
1.4392    -0.98835      -1.471     -2.2772      -1.658     -1.9451    -0.32752     0.94691           0
-0.7549    -0.27323    0.025951    -0.10529    -0.42788     -1.0932    0.093551     0.21308           1
2.6853     -2.5638      -2.228     -1.9901     -2.5638     -1.9199     -1.1876      1.6041           0
0.53276     -0.1985    -0.11442     0.27727    0.032441    -0.48695     -1.2335     0.75145           1
-0.1092     0.51046      1.5437      1.3565      1.1195      1.0607     0.48987    -0.28537           0
-0.42646    0.036336    0.025951   -0.084433   -0.084433    -0.12226     0.20513    0.092248           1
0.56443    -0.66799    -0.33301     0.19983    -0.52678    -0.29755    -0.67205       1.334           0
0.29484    0.097461     0.65266     0.45362    -0.67286     0.74801       1.217     0.67042           1
0.18133    -0.17738    0.068818     0.30298    -0.11573   -0.064917    -0.17079     0.21839           0
-0.77052      1.5206   -0.036985     -1.4767     0.19586     0.80951   -0.055818    -0.47094           1
-0.3947     -1.1592      0.3968    -0.30842    -0.12095    -0.67775    -0.80233      1.0861           0
1.6379      -1.294     -1.3046     -1.0653     -1.3468     -1.5994     -1.8729      1.4247           1
1.9716     -1.0494     -1.8367     -2.0716     -2.0828     -1.1668     -1.1694      2.2438           0
0.47602    -0.12095    -0.67124    -0.57358    -0.34813   -0.044127    -0.47966    0.025951           1
-1.4319     0.78986     0.82127      1.0184   -0.016867      1.5948     0.29484      -1.217           0
-1.9996     0.86101      1.1929     0.94285    -0.70162     0.97574      2.2438     -1.7524           1
1.7524     0.54928     -0.6983     0.69087     0.20778     0.79341    -0.98203    -0.13927           0
0.54476     -0.5149      0.6843    -0.27188       -0.44    -0.49573     0.30638     0.84236           1
1.0494     -0.3898    -0.56139     -1.2391    -0.14976    -0.53575     -1.2062     0.87234           0
-0.51935      0.7242     0.42717     0.60133  -0.0019461      1.1772     0.18265     -0.1537           1
1.9538     -2.2772     -1.7404     -1.9282     -1.7288     -1.4923     -2.1564      3.0799           0
-0.3842       2.163     0.95917    -0.35918      0.6351      1.8367     0.73861    -0.66637           1
0.79697    -0.69087    -0.58355     -1.0699     -1.2503     -1.0791    -0.98518      1.1982           0
0.61225     -1.2503     -0.5365     -1.3309    -0.25174    -0.58278    -0.47675      1.2391           1
0.97157     0.12618    -0.24906    -0.82036   -0.049322     0.53725    -0.97157    -0.19586           0
-1.6843     0.81312       1.777      1.6379     0.86007     0.94691      1.8959     -1.0932           1
-0.7242      1.6017      0.7091      0.1079    -0.26784      1.0011      1.3122    -0.34262           0
0.90605    -0.66152     -1.0768      1.0427    -0.48184     -1.0814     -1.4001      1.4963           1
-0.87996    -0.35503     0.42717    0.090945     0.84792   -0.024654    -0.19388     -0.2091           0
0.67124    -0.75317    0.025951     -1.0471   -0.023356    -0.53725    -0.13534     0.64705           1
-0.9248     0.22105     0.85632     0.50308     0.14058     0.68758     0.24505    -0.85538           0
-1.256    0.014272     0.95917      1.3864      1.9118     0.50898     0.72927     -1.7833           1
-0.73266     0.33438     0.95917       1.063     0.40524     0.81493     -1.1317    0.036336           0
-1.4884      2.6853      1.0011    -0.60756     0.34262      1.1391     0.67449    -0.36888           1
-0.86666    -0.39821     0.16816    -0.42078    0.098765    -0.57817    -0.30842     0.40665           0
-0.45218     0.68102     0.65266     0.94083   0.0012974      1.0932      1.0033    -0.71579           1
0.64386    -0.78103    -0.81132    -0.58432   -0.057118    -0.63272    -0.66637     0.81132           0
-2.2772      1.5458      1.9901      1.0884    0.037634      2.1369     0.84978     -1.8161           1
0.32205    -0.30842    -0.61852  -0.0038923    -0.84236    -0.35089    -0.81312     0.44787           0
0.4529       1.036   0.0084334    -0.19586     0.50603    0.036336     0.57971     0.26583           1
0.20513     -1.7288     -1.1391     -1.5165    -0.99259     -1.0745     -1.1403      1.4502           0
0.25308    -0.44357    -0.21242     0.24238    -0.84607    -0.17079     -1.8509     0.70411           1
0.76008   -0.028547    -0.29687    -0.58278      0.3926    -0.44787     -2.1061    0.064917           0
-1.2763      1.8655      1.6816     -1.3372     0.65668     0.55381      1.6041      1.3565           1
0.81493    -0.44859    -0.81674    -0.33644     -1.1098    -0.10137    -0.83131     0.70079           0
-0.90508      1.3436      2.5816     0.88763     -0.1432      1.0722     0.74202   -0.084433           1
2.1837    -0.82765     -1.2293     -1.5415     -1.8229     -1.1416     -1.2763      2.0606           0
0.55532    -0.77752     -1.2461    -0.30298     0.56747   -0.083131    -0.46949    -0.59978           1
-2.5638      1.3122       1.777      1.9366     0.83498      1.0768       1.334    -0.95098           0
-1.9199     0.99471      1.9901      1.3796      1.2225      1.8438      1.5676     -1.7464           1
-2.0499     0.13665     0.42717      1.5588      0.6843     0.41512     -1.0562     -2.3963           0
-0.083131     0.87805      1.3932       1.105      1.1098     0.82218      3.0799     -3.0799           1
0.061667   -0.064917     0.25308    -0.55381     -1.0884    -0.70245     0.41371    -0.32479           0
0.40524      -1.723     -1.2532     -1.1342    -0.14058    -0.72927    -0.30026     0.25576           1
0.32889    -0.49427   0.0084334    -0.41653     -1.0584    -0.87044   -0.057118      2.0499           0
-1.8881     0.62009      2.2053      1.4428      1.3153      1.0382      1.8367    -0.81312           1
1.7346      -0.435     -1.1231     -1.3729     -1.7645     -1.6232     -2.0943      1.6379           0
1.2617     0.55532       1.471     -0.2504    -0.41371    0.055818       1.228     0.44214           1
-0.97783      1.1416     0.12226     -0.3385    -0.85538   -0.068818      1.0097    -0.24505           0
-1.2062      1.8582       1.471      1.5247     0.13011      1.3309     0.95098     -1.4355           1
1.4176     0.30842    -0.28604    -0.62956    -0.43786    -0.78633    -0.43073      1.1772           0
-2.198      1.7145      1.1416     0.71328      0.9695      1.7346     0.29755    -0.94894           1
-0.47094     0.16421     0.89438      0.7242     0.61852     0.67775     -0.3884    -0.62956           0
-2.1564      1.1707      1.1929      1.1798     0.54325     0.91884    0.029196     -1.0427           1
0.2164    -0.74973    -0.61852    0.036336     -1.3663    -0.44214    -0.37444      1.4211           0
-0.50455     -0.3912    -0.74973    -0.01038     0.37653    -0.31523    -0.74544    -0.47384           1
-0.065567  -0.0012974     0.60522    -0.55835    -0.15173    -0.46949      0.2317    -0.11442           0
1.1824      -1.777     -1.6555     -1.4465    -0.94488    -0.94488     -1.0814     0.84699           1
0.63907     -1.2646      -1.363    -0.54626     0.07272     -1.4211     -1.2238     0.32616           0
0.34124    0.011677   -0.054519      -0.569    0.076623    -0.29078   -0.032441    -0.17869           1
0.05322    0.077924     0.30706   -0.071419     -1.2307  -0.0090821    -0.36056     0.28807           0
-1.9282     0.31659       1.046      1.2035     0.68184     0.45794     0.26515    -0.75317           1
1.8729     -2.0499     -2.2772     -1.7962     -1.8729     -1.3309    -0.65346      1.9538           0
-0.76182     0.15501     0.35779     0.72251     0.50972    -0.32069   -0.014272     0.29484           1
-0.033739     0.22504      1.1416     0.15764    -0.38071    -0.17342       0.544    -0.49427           0
1.5901     0.41371    -0.12618     -1.0228     -0.9695     -1.1268     -0.2766     0.80233           1
0.88187     -0.3954    -0.52827    -0.81312    -0.18001   -0.081829    -0.69417     0.89535           0
-1.2293     0.17342     0.58894      1.3436      1.5331      1.6951    -0.67205     -1.7897           1
0.62167    -0.76703    -0.74973     0.91391     0.54626    0.087037     -1.6088    0.075322           0
0.37444    -0.20513     0.10463    -0.47239    0.045426     -0.3842     0.45362     0.31932           1
0.32752    -0.58278    -0.46226    -0.65507    -0.79519    -0.33026    -0.83498     0.55684           0
0.5149   -0.098765     0.33026     -0.2571     -1.0449     -1.1929    -0.40947   -0.093551           1
1.063     -1.4845     -1.8655      -1.723    -0.49793     -1.4465     -1.4577      1.5415           0
-0.35641      1.4923      1.1929     0.81674     0.77226      2.2438      2.1061     -1.6183           1
1.5124     -1.5765     -1.7833     -1.5003     0.18265    -0.54325    -0.93781     0.99259           0
-1.5501     0.37862       1.777     0.27323    -0.25576     0.41371     0.69913     -1.1466           1
-1.0184      1.0861     0.56671     0.54175      1.4729      1.7006     -1.6632     -1.4105           0
-0.01038    -0.43928     -0.5928     0.74031    0.038933    -0.11965    0.075322    -0.62324           1
-0.53725     0.10268     0.62403     0.44931     0.10007     0.17474     0.73096      0.9368           0
-0.58278     0.93078    -0.36403     0.78986     0.69417     0.70994     0.73605    0.095506           1
2.0661    -0.21839     0.23637     -1.5373     -1.8959     -1.4283     0.76008      2.1698           0
-0.89923    -0.72589     0.08834      1.1694      1.0076     0.64386   -0.092248    -0.10985           1
-2.2438      1.3468      1.5437      2.2438      1.7524      1.6843      1.1268     -1.7404           0
0.16158   0.0012974     0.27862      0.4293    -0.97574    -0.23837     0.43215    -0.11181           1
-1.6379      1.0607     0.82127      1.5289      1.7288     0.89729     0.80772     -1.5856           0
-1.4845      1.2503      1.9901      1.0294      1.8729      1.0097      1.5083    -0.65025           1
0.76877     -2.1061     -1.4373     -1.3184    -0.31932     -1.0404     -1.9716     0.80772           0
0.54175    -0.11116    -0.29687     0.30026     0.16092     0.16816   -0.087037      0.2317           1
-0.018165    -0.73435      -0.344     0.02076   0.0077846    -0.21176     -1.0908     0.83867           0
-0.59823     -1.0768    -0.47602      -1.117   -0.068818    -0.28267    -0.37027     0.53425           1
1.228    -0.81674    -0.91292    -0.53575    -0.93379     -1.1876    -0.66799     0.41512           0
-2.1182      1.0494     0.95917           1      1.3864     0.88955      1.3046    -0.92679           1
1.0033    -0.26381    -0.21242    -0.21308     -1.0427    -0.21308    -0.86289     0.59667           0
-0.74117     0.14058      0.7549      0.2038     -1.0382    -0.16947    -0.19586    -0.81674           1
0.11312     -2.0606     -1.7739     -1.5206    -0.40102     -2.0606     -1.4319      1.0119           0
0.32616    -0.22371      0.3968    -0.22637    -0.33575    0.025951    -0.14714     0.07272           1
-0.69087     0.65507     0.82127      1.3763      0.5075     0.61617   -0.053869     -1.2447           0
1.3729     -1.5588    -0.60289     -1.6183    -0.49573    -0.57511     0.04153      1.3061           1
1.1219    -0.65829    -0.85819     -1.0294      -1.217    -0.68758     -1.3864       1.217           0
1.5588     -1.8509     -1.7897     -1.1592    -0.19057    -0.70744     -1.1491     0.17869           1
-0.11573    -0.93078   -0.054519    -0.13404     0.25241    -0.27053    -0.45218     0.21574           0
1.5632     -1.8367     -1.7464     -1.5588    -0.51046    -0.62956    -0.72083      1.4767           1
