1.7346      -0.435     -1.1231     -1.3729     -1.7645     -1.6232     -2.0943      1.6379           0
1.5588     -1.8509     -1.7897     -1.1592    -0.19057    -0.70744     -1.1491     0.17869           1
0.49134    -0.12488     0.85632     0.26784     0.45146    0.066217    -0.29484     0.02076           0
-0.1629       1.581      1.3076     0.34951      1.0699      1.4614     0.52529     -1.0184           1
-1.5331      1.5289       1.777     0.47094      1.8297      1.1798      1.9199      -1.291           0
0.057118      1.4465      1.1929     0.27592     0.18001     0.88763      1.7897    -0.36611           1
0.32479    -0.60289    -0.44143    -0.24772    -0.13927    -0.58894    -0.19388     0.77401           0
0.5149   -0.098765     0.33026     -0.2571     -1.0449     -1.1929    -0.40947   -0.093551           1
0.037634    -0.90118     -0.7828    -0.12357    -0.13404    -0.47094    -0.37723     0.18001           0
0.17738     0.75662     -0.2766     0.50014     0.43643     0.43358     0.23437    -0.51786           1
1.6232    -0.53725    -0.87139    -0.84792    -0.94691     -1.1982     -1.3729     0.44644           0
-0.093551      1.4845      1.3932     0.58124     0.94894      1.7404     0.58586     -1.0979           1
-0.37653    -0.11442     0.58894      1.2363      1.5948     0.31387     0.31387     0.33918           0
-0.31387    -0.83867    -0.71328     0.31796    -0.40243    -0.51046     0.30434    -0.43928           1
0.36195    -0.51935     -1.4596     0.35779    -0.49793    -0.56443    -0.68922     0.18529           0
-0.68594     0.46371     0.60522     0.05322     0.35365     0.44787     0.01038    -0.64865           1
0.8304    -0.64545     0.35779    -0.69747    -0.45362    -0.28537     0.42078     0.49427           0
0.15633     0.28942    -0.45003     0.15107       0.394     0.15895     0.45938   -0.090945           1
0.3954    -0.41371     0.10463    -0.12618    -0.84978     0.18661    -0.78103      1.1026           0
-0.85351    -0.27929    -0.33301      1.0979     0.81674      1.1268    -0.64386    -0.84607           1
0.80054    -0.24505    0.049972    -0.78456    -0.82218    -0.93881    -0.43643     0.41371           0
0.54777   -0.097461    -0.26448    -0.26381     -1.0562     -0.1537     -0.5075      1.2252           1
-0.61225      0.3842   -0.077274     0.90703    -0.33026     0.28672     0.59358      -1.063           0
1.6135     -1.1416     -1.5247    -0.84236     -1.2881      -1.014     -1.8438     0.90118           1
1.4001    -0.60444     -1.0584     -1.0722     -1.1074    -0.79164     -1.9118      1.6529           0
0.29484    0.097461     0.65266     0.45362    -0.67286     0.74801       1.217     0.67042           1
0.85913     -1.0516    -0.96329    -0.65186    -0.61695    -0.60289    -0.72927     0.91687           0
0.4529       1.036   0.0084334    -0.19586     0.50603    0.036336     0.57971     0.26583           1
1.2419     0.10137    -0.12618    -0.10137    -0.64067    -0.58124    -0.93781      0.6599           0
-0.61382     0.78103      1.3932      1.6684      1.3663      1.2733      2.3963      -1.572           1
-0.0025949    -0.14452    -0.11442    -0.65025    -0.82583    -0.24104    -0.25107       0.394           0
0.17474   -0.096158       1.046    0.081829    -0.70744    0.022707      1.1466     0.23437           1
0.53051     0.51194   0.0084334    -0.96329    -0.74801    -0.90508     0.17342      1.0471           0
-0.29484     0.26919       -0.32    -0.10007      0.1985     0.11442     0.80233   -0.061017           1
0.22172     -1.3966    -0.10007     -1.2143    -0.18925     -1.3031    -0.50898     0.11769           0
-0.85725     0.63748     0.85632     0.42362       1.117     0.93278     0.43643     -1.3277           1
0.62482    -0.60756    -0.71328     -1.1243    -0.17738    -0.43358    -0.62561     0.35779           0
-2.1061      1.1268      1.6816      2.1182      2.2127       1.228      1.2197     -1.8438           1
0.53875     0.75835     -1.2102    -0.40383    -0.83131      0.2038      -1.063     0.47239           0
-0.21441     0.13273    -0.40595     0.84236   0.0038923     0.29078    -0.31523     0.16421           1
-1.7173      1.6684      2.2053     0.36749      1.8094       1.572      2.9571     -1.5206           0
-1.1243      1.6017      1.8692     0.85913      2.1698      2.2949     0.82948      -1.383           1
1.7061     0.33026     -1.6843     -1.3932     -1.6183    -0.57358     -1.2197      2.2602           0
-1.581      1.7584      1.6064      2.4714      1.7346      2.6404      2.0499     -2.3528           1
1.6529     -1.6183     -1.8027     -1.6843     -1.4319     -1.7464     -2.2602      1.5083           0
-3.0799      2.0092      1.5437      2.6404      1.8438      1.2704      1.5901     -1.5165           1
1.0814     -1.3001     -1.7288     -1.6529    -0.51342     -1.0272    -0.86855      0.2357           0
-2.1837      1.0814     0.62403      1.4484      1.2881       1.723   -0.080527     -1.5544           1
0.91096   -0.066217       -0.32     0.16684     -0.7242     -0.2397    -0.55835      0.7549           0
0.54175    -0.11116    -0.29687     0.30026     0.16092     0.16816   -0.087037      0.2317           1
1.092    -0.88187     -0.9002    -0.61382     -1.6428     -1.5523     -1.2646      1.6428           0
-1.4652      1.3246      1.3076     0.51935      1.9451      1.0979     0.77401      -2.198           1
0.2397     0.34537     0.23637     0.23837    -0.44357     0.16027     0.53425    0.019463           0
0.32342      1.5247     0.54476     -1.9199     0.73946      1.5544      1.1592    -0.83131           1
-0.17869      1.3532      1.0011     0.11965     0.58432     0.73946      1.3092    -0.41653           0
-1.5856      1.2391      1.6064       1.014     0.75835       2.198     0.24906    -0.90703           1
0.48549    -0.44859    -0.52827      0.2397    -0.86477      -1.363     -0.1537    -0.05192           0
0.57281     0.63907     0.56671    -0.56291     0.36611     0.21176     0.65186   -0.094854           1
-0.14189    -0.40172    -0.20115     0.22238     -0.1629      0.1079    -0.85351     0.38281           0
-0.36749     0.61695     0.52306     0.54476     -0.4565     0.92679     0.43928    -0.16816           1
0.79876    -0.99898     -1.6329    -0.72758     0.16553   -0.014272     -1.0539    -0.67938           0
0.27323    0.058417     -0.2766    -0.07272    -0.61225   -0.093551    -0.16816     0.57358           1
-0.87996    -0.35503     0.42717    0.090945     0.84792   -0.024654    -0.19388     -0.2091           0
-0.40665     0.53875     0.89438      1.2733     0.70245      1.0699   -0.074021   -0.089642           1
0.65668    -0.54175    -0.12618     0.44214    -0.70162     0.20513      -1.105      1.0884           0
-0.63114      2.0394     0.85632    -0.42504    -0.01038    -0.36611     0.52083      0.2397           1
-0.83682     -1.3468    -0.46226    -0.97993     0.51935    -0.84607    -0.28672    -0.27188           0
0.065567     -1.5043     -1.5352     -1.5901    0.022058      -1.628     -1.9451     0.66313           1
0.22704    -0.16553     -1.1837    -0.20778    -0.50603    -0.96535    0.042828     0.61852           0
0.69747     0.07272     0.21906    -0.18265    -0.25375    -0.54175     0.45794     0.23037           1
1.407    -0.83223     -1.3309   -0.068818      -0.387     -0.6599     -0.3954      1.0699           0
-0.60756     0.94285      1.3932     0.32616    -0.33987     0.97366      1.3932   0.0051897           1
-0.54175     0.92679     0.30706     0.89923   -0.028547      1.0516    -0.12095     -1.3864           0
0.90605    -0.66152     -1.0768      1.0427    -0.48184     -1.0814     -1.4001      1.4963           1
-0.77927    -0.37862     0.08834     0.12488     0.51268    -0.77226    -0.54476     0.24104           0
-0.76877     0.83498     0.30706     0.30706     0.91588     0.41795     0.94083    -0.65668           1
0.83959     -1.0449     -1.8094     -1.9716     -2.2602     -1.7897     -1.0699      2.4448           0
-1.3404    -0.76182    -0.18661     0.45218     0.46226   0.0077846     -0.9602      0.1432           1
1.3184     -1.9716     -0.3898     -1.2763    -0.79253    -0.86855    -0.10137      1.9199           0
-1.8229      1.8263       1.777       1.025     0.45506      1.5415      1.1098     -1.5765           1
1.8229     -1.1268     -1.2391    -0.94488     -1.5415     -1.5043     -1.4502      1.5206           0
-1.1824     0.58432   -0.036985     0.63272     0.49573      1.1183     0.27727     -0.2504           1
-0.78809     0.56139      0.6843      1.6088      1.4614      1.1746    0.079226    -0.27053           0
0.61225     -1.2503     -0.5365     -1.3309    -0.25174    -0.58278    -0.47675      1.2391           1
0.41866     0.91292     0.60522    -0.48111   -0.054519     0.47094     0.68102     0.72758           0
0.57281     -0.4782    -0.94184   -0.057118    -0.47966    -0.57664    -0.82583      1.0382           1
0.80772     -1.0584     -1.3356    -0.51638    -0.30706    -0.84792     -1.4767      1.5373           0
-1.5063     0.77927       1.471     0.88379     0.86007       1.294      0.5149    -0.72758           1
0.084433    -0.74288    -0.81674    -0.15567    -0.56443    -0.57205    -0.22105     0.74117           0
0.087037     -1.3092     -1.4652    -0.46805    -0.26247    -0.35503     -1.6896      1.4577           1
1.1955     -1.5415     -1.1681     -1.0955     -1.5458     -1.5247     -2.5306      1.5003           0
-1.6843     0.81312       1.777      1.6379     0.86007     0.94691      1.8959     -1.0932           1
-0.033739     0.22504      1.1416     0.15764    -0.38071    -0.17342       0.544    -0.49427           0
-1.8161      1.6183       1.471   -0.085735      2.7959     0.92878     0.64067    -0.55684           1
-0.53575      1.7288   -0.022707     0.55532    -0.22904      1.3729    -0.71244   -0.033739           0
-0.51935      0.7242     0.42717     0.60133  -0.0019461      1.1772     0.18265     -0.1537           1
0.33781    0.038933    -0.28604    -0.66637    -0.18793    -0.72083     0.48549     0.14452           0
-1.0382      1.0011      1.8692     0.81855     0.83867     0.66637     0.72251     -1.8959           1
-0.11573    -0.93078   -0.054519    -0.13404     0.25241    -0.27053    -0.45218     0.21574           0
-0.35227     0.27997     0.72927   -0.031143    -0.65266  -0.0077846     0.82036    -0.16618           1
1.0884     -2.0716     -1.9199     -2.4714     -1.8655     -1.8229    -0.59513      2.1837           0
-0.80412    -0.15107      0.7549     0.55835     0.10659     0.34537     -0.2317     0.56747           1
0.78809    -0.65186     0.10463      0.2091    -0.54175   -0.055818     -1.1541     0.35089           0
-0.43073     -0.5523    -0.84792     0.44071   -0.040231     0.64705     -1.1982     0.84051           1
1.3932     -1.2675     -1.8263     -1.3468     -1.5003     -1.1902     -2.3963      1.7833           0
-0.97993    -0.34537     0.65266     0.66475      1.3309     0.90703    -0.33712     0.13011           1
0.84607    -0.56443    -0.76182     -0.9368    -0.99684    -0.81222     -1.0745      0.4782           0
0.18001    -0.55987    -0.85819    -0.23637     -0.2038    -0.97366     -1.0382     0.27592           1
-1.7117     0.56747     0.62403      1.4001     0.65507     0.35227    -0.16684    -0.52977           0
-0.62324     0.39821     0.47384     0.31114  -0.0038923     0.51194     0.15895    -0.91489           1
0.83682     -1.4247    -0.14911     -1.3061    -0.76008     -1.4884   -0.068818     0.53276           0
-2.0092      1.0676      1.1929      0.7463      1.2532      1.2675      1.0814     -1.0151           1
-1.3468     0.67124      1.8692      1.2821    0.019463      1.0562     -0.2766    -0.27457           0
-0.57664    -0.28402     0.33026     0.44787     0.79519  -0.0012974    0.058417    -0.57358           1
0.37027     -0.1092    -0.16224    -0.84978     -1.5765    -0.66637    -0.66313     0.33163           0
-0.77401      1.1379       1.046      1.6232     -0.2337      1.1441      1.2733     -0.2962           1
1.7464     -1.2532    -0.97679     -1.2675     -1.2475     -1.1955     -1.5003      1.5856           0
-0.23637     0.16027     0.26247     0.39961     0.24839     0.42362       0.394     0.21707           1
1.4176     0.30842    -0.28604    -0.62956    -0.43786    -0.78633    -0.43073      1.1772           0
-0.13273     0.73776      1.2405      1.9199     0.28537      1.3796      1.4105    -0.37236           1
0.44501     -1.1003     -1.6041     -1.6329    -0.11181     -1.0873    -0.91687     0.45362           0
-1.5124     0.62167      0.7549      0.1985     0.66799     0.29484     0.91588    -0.14714           1
2.0943    -0.18925     -1.3779     -1.4319     -1.8509     -1.8655    -0.83682      2.5638           0
-0.13993    -0.32069    -0.18661     0.17869     0.13142     0.15107    -0.38002     0.40947           1
1.2252     -1.1074     -1.1541      -1.531   -0.067517     -0.9368    -0.76008     0.21176           0
-1.8094      1.5331     0.89438       1.228     0.75576      1.7645     0.94691    -0.24104           1
0.67449    -0.29755    -0.14911    0.014272     -1.1772    -0.77401    -0.59667     0.59049           0
0.01557      0.7463     0.85632      1.0494     0.81855     0.53126      1.0404    -0.18925           1
0.6843     -1.7117    -0.57281     -1.2419     -1.1342     -1.1317    -0.60289      0.9248           0
-1.4465     0.76529     0.35779     0.72589     0.51638      1.1098     -0.2091    -0.64386           1
1.0294     -1.1929    -0.18661   -0.076623    -0.81312    -0.37723     -1.0162     0.74973           0
-0.50603     0.68758     0.89438     0.70079      1.3184      1.0272    0.089642    -0.40595           1
-0.027898    0.096158    -0.67693     0.77752     -0.3571    0.081829   -0.033739    -0.27727           0
0.38141     0.45218      1.1929     0.34813    -0.13076     0.11181      1.0664     0.46949           1
-0.018165    -0.73435      -0.344     0.02076   0.0077846    -0.21176     -1.0908     0.83867           0
0.0051897     0.89148    -0.82491   -0.022058     0.52977      0.7549     0.57129   -0.038933           1
2.3326     -2.1564     -1.9996     -2.0499     -2.4448     -2.1305     -1.4652      1.5124           0
0.75145    -0.43073    -0.71328    -0.88955     -1.0791     -1.0768    -0.84792     0.58201           1
-0.12684     -1.0838    -0.10007    -0.36472    -0.42149    -0.23704    -0.52827    -0.51046           0
-0.15633       1.291      1.5437     0.81312      0.2571      1.8881    -0.11312     0.17738           1
0.024654     0.23437     0.14452    -0.94285     0.72504   -0.080527    -0.27997     -0.4928           0
0.47602    -0.12095    -0.67124    -0.57358    -0.34813   -0.044127    -0.47966    0.025951           1
1.2225     -1.2704    -0.91292     -1.1955     -1.3153     -1.2197      -1.291      1.0184           0
-1.6896     0.45794      1.3076      2.1698      3.0799      1.9199     0.47966     -2.7959           1
0.7352     0.64705      1.3076      1.5765      0.4565      1.3031      1.3796     -1.1929           0
-0.58663     0.99684      1.3932      1.7524     0.31796     0.86289      2.4714    -0.47239           1
2.0828     -1.2116     -1.6632     -1.7346     -1.7833     -1.7288      -1.407      2.0092           0
-1.9901      1.9901      2.2053      1.8297      1.5458      1.4539      1.5124    -0.46515           1
-0.048023    -0.17342     0.85632     0.76703      1.9199     0.59203   -0.038933    -0.28942           0
-1.9282     0.31659       1.046      1.2035     0.68184     0.45794     0.26515    -0.75317           1
1.0768      1.5948     0.58894    -0.96535     -1.0076     0.26247     0.93881     0.50455           0
-2.3326    -0.23837     0.15501     -0.4972      1.6379    -0.31932       0.544     -1.2821           1
-0.13011     0.27457     0.12226     0.40102    -0.05192    0.063617     0.46371     -0.3842           0
-0.18661    -0.53575    -0.58355    -0.54476     -1.0932    -0.62482    -0.15239    0.080527           1
0.19057     0.14452    -0.17276   -0.040231     -1.5206    -0.13665     0.42788     -1.3796           0
-1.0206     0.82036       1.046     0.80772     0.49134      1.0539      0.5874    -0.79341           1
-1.6479     0.69747    -0.13665      1.1876      2.0291     0.84978     0.50455     -1.1643           0
-0.80054    0.067517     0.89438     0.82948    -0.32479      1.1026     0.38141    0.087037           1
1.469     -1.2197     -1.1837    -0.64067     -1.6479      -1.228     -2.2949     0.30162           0
-0.10659    -0.05322   -0.022707    -0.35296     0.12226    -0.49867    -0.56443    -0.71244           1
0.5928     0.48841    -0.57281      1.1746    -0.19189     0.78986    -0.21176     0.33918           0
0.076623     0.24772    -0.45003     0.63431      1.0382     0.61069     0.74459    -0.61382           1
-0.82036    -0.42504      1.0943    -0.58586     -1.8805    -0.82036     0.90118     0.20778           0
-0.0051897      1.9538      2.1182      1.8027     0.94589      2.7364     0.98203     -1.5415           1
-0.69913      2.8672      1.3076    -0.67286     0.29823     0.95098       1.025     -1.3898           0
-0.54476     0.16158    -0.72589    -0.70245     0.69913    -0.83498    -0.95507    -0.32342           1
1.0228     -2.7649     -2.0606     -2.7959     -1.9538     -3.2808    -0.59978       2.198           0
-0.28537     0.25576     0.89438     0.46949    -0.35503     0.24639     -0.4565    -0.28672           1
-0.5395    -0.75145    -0.37584    -0.51786      -1.469     0.23437    -0.84607      1.2008           0
-0.065567    -0.33712    -0.10007       1.291      0.2337     0.44357      -1.628     0.19718           1
0.4666    -0.38141    -0.88187    -0.77752     0.34675    -0.52381     0.15107     0.32069           0
0.76442   -0.062317     0.60522    -0.98835    -0.12488   0.0064872    0.059717    -0.59203           1
1.8094     -2.4999     -2.2949     -2.1061     -1.9716     -2.7364    -0.85538      1.6479           0
-1.3597      1.8438       1.471      2.5638      1.7584      1.4767       1.628    -0.43786           1
1.063     -1.4845     -1.8655      -1.723    -0.49793     -1.4465     -1.4577      1.5415           0
0.2618    -0.12749    -0.28604    -0.48841    -0.67612    0.089642    0.018165     0.83682           1
-2.7959     -1.6736     -3.2808     -2.6404     -3.2808     -1.8582     -3.2808     -2.2949           0
-1.4729     0.70577      1.6064      1.1995      1.0349     0.71412     0.92679     -1.5901           1
0.19718    -0.47384     -1.1889   0.0025949   -0.055818    -0.37862     -1.4428     0.53875           0
-0.42646    0.036336    0.025951   -0.084433   -0.084433    -0.12226     0.20513    0.092248           1
0.29078    -0.24371     -0.7828    -0.93078    -0.34262    -0.40383    -0.59049     0.55381           0
-0.7549    -0.27323    0.025951    -0.10529    -0.42788     -1.0932    0.093551     0.21308           1
1.3468     -1.1219     -1.6951     -1.1798      -1.063     -1.9038     -1.4176     0.94488           0
0.37584     0.92281     0.65266     0.32889    0.080527     0.28942     0.57817     0.19321           1
-0.34262      1.1441      0.6843     0.41512     0.83131      1.2116     0.21707     -1.0955           0
-0.43786     0.60444      0.6843     0.73266    -0.12618     0.64545     0.57511    -0.29213           1
-0.72927     0.77576      1.3076     0.83867    -0.62482     0.80772     0.15764    -0.45794           0
0.044127     0.24238      1.0011     0.89535     0.88763     0.72083       -0.44    -0.36195           1
0.54928   -0.024005     0.12226    -0.73946      -1.363    -0.63114    -0.86477     0.47966           0
-0.58432      1.6479      1.6064      1.4845     0.89923      2.0394     0.42504    -0.10985           1
-0.25241     0.03309     0.45218   -0.075322    -0.43073    -0.15633      0.4565     0.42362           0
-0.25241      1.5901      1.3932      1.1466    -0.66313      1.1643      1.7404     -1.3122           1
-0.75145     0.25911    -0.23837     0.37862    -0.69169     0.15764     0.23704    -0.24772           0
-1.5458      1.0584      1.9901      1.6529      1.0584      1.1491     0.87234     -1.3436           1
-0.30706    -0.14583     0.18595     0.82036     0.86666    -0.18661    -0.63351     0.19586           0
-0.44931    -0.16158    -0.20115     0.27997    -0.52306    -0.11181      1.0768     -0.7463           1
0.30298     0.60289     0.35779       1.294    -0.24772     0.32069      0.3898   -0.068818           0
-1.2475      1.4319      0.9238    0.024654     0.33438      1.1366       1.014     -1.3309           1
1.5206     -1.5901     -1.8438     -1.7645    -0.61382     -1.3092      -2.198      1.0516           0
-1.2089     0.74459      1.5437     0.57511       1.383     0.84792     0.89535     -1.4845           1
-1.8297     0.98624      1.5437      1.5676      1.0097      1.3468      1.0338     -0.3954           0
-0.41724     0.92878       1.046      2.2602     0.56139     0.65186      1.1772    -0.75662           1
-0.39961    -0.77489     -1.0438    -0.13665    -0.81674    -0.17211    -0.28267       1.581           0
0.16158   0.0012974     0.27862      0.4293    -0.97574    -0.23837     0.43215    -0.11181           1
1.4211    -0.91489     -1.3001    -0.52083     -1.0745     -1.3122      -1.414     0.95917           0
0.98624      0.2277     0.35779     0.11573    -0.53276    0.028547     0.36958    0.095506           1
0.85725     -1.0884    -0.91292  -0.0077846    -0.45938    -0.20778    0.081829     0.37027           0
0.042179     0.41088      1.3076      1.0699      1.0184      1.0427     0.08834     -1.2363           1
1.217     -1.2391     -1.6763     0.12618     -1.0162    -0.29213    -0.19057      1.8438           0
-2.0291      2.0191       1.777      1.6843      1.1146      1.4355      1.9996     -1.8881           1
2.4198     -2.0291     -2.1182     -2.5638     -2.0394     -1.9626     -1.1026     0.83498           0
-0.3842       2.163     0.95917    -0.35918      0.6351      1.8367     0.73861    -0.66637           1
0.16947      0.5523     0.65266     0.79519    -0.89341     0.18265    -0.14976       1.414           0
-0.68266     0.56291     0.33026      1.4176     0.10463        1.35     0.48768    -0.53276           1
0.47966     -1.4502    -0.21242    -0.37584     0.33712     -1.1592    -0.67449     0.20446           0
0.40806     -1.6789      -1.414    -0.65346    -0.51638     -1.2503    -0.36888     0.76355           1
0.33575    -0.58048     -1.7962    -0.86855     0.35987    -0.67124    -0.63748   -0.023356           0
-0.07272    -0.75662    -0.18661    0.077924     0.40383   -0.071419    -0.70079    -0.12357           1
0.70411   -0.045426    -0.52009    -0.61695    -0.29755    -0.36472    -0.60912    -0.14976           0
1.5083    -0.84051     -1.4786    -0.94894    -0.20115    -0.54777    -0.57358     0.61069           1
0.43928    -0.40172     0.08834      0.5874     -1.0184    -0.46082    -0.88187     0.82765           0
-0.76355     0.96329      1.3932      1.0653      1.1122      1.5501      1.8881    -0.61225           1
0.07272    -0.62324     -1.0687    -0.47384     0.75576     0.62482    -0.75835      0.8304           0
0.13011    -0.19983    -0.94184    0.027249    -0.83498    -0.41653    0.063617   0.0038923           1
0.394    -0.45506    -0.46226    0.083131     -1.0814   -0.089642     -1.1003      1.4283           0
0.3926    0.054519     0.27862   -0.080527     -1.0327    -0.37027    -0.48403     0.23303           1
-1.4319     0.78986     0.82127      1.0184   -0.016867      1.5948     0.29484      -1.217           0
-2.198      1.7145      1.1416     0.71328      0.9695      1.7346     0.29755    -0.94894           1
0.71412     -1.2008    -0.81132     -0.2962    -0.14517     -1.3864     -1.7346      1.1798           0
1.2574    -0.30502    -0.58355    -0.69087     -1.3184    -0.78456    -0.99047     0.86855           1
-1.6684       2.228      1.6064      1.8438      1.3372      1.4001     0.97993     -1.4247           0
0.058417     0.54325      0.6843     0.22704    -0.92878     0.19454      0.7463     -1.3468           1
-0.73266     0.33438     0.95917       1.063     0.40524     0.81493     -1.1317    0.036336           0
-0.29213    0.081829    -0.50898     0.40524   -0.066217     0.17342     0.19983    -0.60133           1
0.80592    -0.92281    -0.26448    -0.90312     -1.3729      -1.407   -0.085735      1.2143           0
-0.88187     0.60756      0.9238     0.92679      1.2763      1.1146     0.46949    -0.87614           1
0.81312    -0.88571     0.23637    -0.89923       0.569    -0.28132     -1.0076    -0.47966           0
0.3842    -0.78456    -0.81674    -0.99684   -0.076623    -0.96123     -1.3932     0.86101           1
0.63431    -0.48403    -0.22238    -0.19189      -0.394    -0.47675     -0.6599    -0.81132           0
0.40383      1.4729      0.7943     0.32342    -0.20513      1.5247     0.71747    0.024654           1
1.4502    -0.32205    -0.10007    -0.72927   -0.020111     -1.1541    -0.12488     0.57894           0
-0.34124     0.29891      0.2038    -0.14845    -0.71915    -0.34675     0.14845      0.1675           1
0.80233     -1.0861      -1.117    -0.66799   -0.085735     -1.3184    -0.79341     0.30978           0
1.7404     0.14714     -1.4845    -0.78721     0.37166     0.74459    -0.25844     0.77576           1
2.0291     -1.5003     -1.2617     -1.6736     -1.9038     -1.8438     0.01557      1.8161           0
-0.25978    -0.33438     0.27862  -0.0090821      0.3912    -0.11704    -0.70744    -0.92878           1
2.6853     -2.5638      -2.228     -1.9901     -2.5638     -1.9199     -1.1876      1.6041           0
-1.3138     0.51638     0.95917      1.3277    -0.29349      0.6843     0.46805     -1.2475           1
1.2475    -0.67938     -1.4884     -1.0119     -1.2447     -1.1292     -1.3153      1.5501           0
-0.37027    0.044127     -0.6983     0.36333    -0.15633    -0.13404    -0.21972    -0.20778           1
-0.28807     -1.0404    -0.61225    -0.16027    -0.33438    -0.53425    0.057118      -0.136           0
-0.029845      1.3932     0.52306      1.2225    -0.26113   -0.075322     0.13142   -0.070769           1
0.12095     0.45074    0.049972     0.76008    -0.53875     0.29349     0.41512    -0.40947           0
0.49427     0.84421     0.13404    -0.10268   -0.024654     0.27188     0.54626      1.4652           1
1.0699    -0.65668    -0.73435    -0.44357     -1.4502     -1.1122     -1.4923     0.05192           0
-1.105     0.49427      0.7549      1.0054      1.2574     0.75662     0.15633     -1.5003           1
1.1491     -1.8729     -1.6088     -1.7288     -0.3571    -0.75662     -1.9366       1.572           0
-1.9038     0.43358       1.777      0.7091     0.44931     0.57664     0.68594     -0.7828           1
1.4652    -0.97574     -1.4301     -1.1441     -1.6329     -1.7404     -1.6379      1.3031           0
-1.9716     0.80592      1.0011    -0.17211      1.1982     0.68266     0.79519     -1.2143           1
0.74288     -0.4222     0.29484    -0.50014     -1.1416    -0.27592     -0.6359       1.036           0
0.36472     0.41937     0.58894       1.163  -0.0064872      0.6359     0.28807      0.1288           1
-0.25844     0.41795     -0.7828     -1.4211    0.059067     0.17606     0.11312     0.26247           0
-0.90508      1.3436      2.5816     0.88763     -0.1432      1.0722     0.74202   -0.084433           1
1.7584    -0.87234     -1.5994    -0.27592    -0.95302    -0.99684     -2.4448      1.2419           0
0.54476     -0.5149      0.6843    -0.27188       -0.44    -0.49573     0.30638     0.84236           1
0.64705     0.32479     0.89438    0.066217     -1.3309    0.059717     0.55381    -0.74801           0
-1.5544      0.1985    -0.10007      1.6329      1.3468     0.31659    -0.39821     -1.8367           1
0.42859    0.098765     0.85632     0.26515    -0.67857    -0.20115    -0.57664    0.097461           0
-1.6789     0.43073      1.3076      1.5124     0.68184     0.97157     0.85538     -1.8094           1
0.52827    -0.85538    -0.17276     -1.2646    -0.47094    -0.52529    -0.85913     0.83315           0
-1.2293     0.17342     0.58894      1.3436      1.5331      1.6951    -0.67205     -1.7897           1
-0.035687     -0.1537   -0.054519     0.37723    -0.84051     0.39821    -0.18397     0.64226           0
-0.84236     0.49134     0.89438     0.64705     0.19718     0.95507     0.36958    -0.20645           1
0.37723     -1.1195    0.038283    -0.31114     0.67775    -0.12488     -1.2008    -0.23103           0
-0.15895    -0.22904     0.26247     0.25174     -0.2962    0.061667     0.49573      1.0814           1
-0.18067     0.77226     0.47384     0.11704      0.3057     0.27997       0.435      0.2091           0
0.14583     -1.4001    0.049972    -0.46515      1.0228     -0.4293     -1.0294     0.28942           1
0.7549    -0.54476    -0.17276    -0.86101     -1.7117     -1.3277    -0.73266      1.1643           0
-0.19586     0.40383      1.9901      0.4782      1.0119     0.77052     0.54175    -0.65346           1
1.3122    -0.79697    -0.40595    -0.40524   -0.079877    -0.31796    -0.27188     0.76182           0
-1.1798      1.9118      1.9901     0.61069    -0.60289      0.4972     0.36195     0.37862           1
0.28537     -1.1772     -0.6983     -1.1694      0.5149     -1.8881     -2.1433    -0.11573           0
0.9602    -0.70079    -0.22238    -0.37723     -1.1876    -0.42646    -0.77576      1.2475           1
0.33095    -0.19057     0.30706     0.62639     0.55381      -0.387  -0.0090821    -0.94691           0
-0.013623      1.0097      0.6843     0.99684   -0.036336       1.291      1.4465     -0.4293           1
-0.079226    -0.77489    -0.20115    0.045426    -0.62639     0.13665    -0.61695     0.62167           0
-1.4001     0.98203       1.046      1.9626      2.0092      1.6329      1.0184    -0.98203           1
0.435     0.35227     -1.4539     0.91687    -0.10268     0.23837    -0.43215      -1.185           0
-0.74117     0.14058      0.7549      0.2038     -1.0382    -0.16947    -0.19586    -0.81674           1
-0.081829    -0.37584     0.72927    -0.32479    -0.10398    -0.51935     0.79341     0.24639           0
-1.4105     0.64865     0.21906      1.5023      1.2143     0.70994     0.19784    -0.63431           1
0.061667   -0.064917     0.25308    -0.55381     -1.0884    -0.70245     0.41371    -0.32479           0
0.20778     -1.0011    -0.96329    -0.46082    -0.33163     -1.1772    -0.36749     0.48257           1
0.9368    -0.21972    -0.26448     -0.4782     -1.1366    -0.65025   -0.076623      1.2733           0
0.73096     -1.1617    -0.67693    -0.32342    -0.27862    -0.85165     -1.4211     0.95507           1
-1.9538     0.69913     0.65266      1.1317      1.5901      1.4652     0.25442     -1.1391           0
-0.87805       2.385      2.3426      1.8655      1.7833      2.0191      1.1026     -1.3153           1
0.61695    -0.47675    -0.82491    -0.74117     -1.0404     -0.9002     -2.0606      1.3484           0
-0.45722    0.048023     0.62403     0.93881     0.36749     0.35918     0.30298    -0.96742           1
1.5765     -1.7645     -1.8509     -1.6789     -1.4614     -1.1003     -1.3277      1.3122           0
0.67124    -0.75317    0.025951     -1.0471   -0.023356    -0.53725    -0.13534     0.64705           1
0.89923    -0.76442    -0.24906     -1.5676    -0.67449   0.0038923    0.068818      0.4293           0
0.19983      -1.105    -0.13665     -1.4001    -0.65266     -1.2391     0.17738      1.2225           1
-0.52827       1.256       1.046      1.0745     0.12488     0.96329      1.2896   -0.055818           0
-1.6736      1.6843      1.8692      1.1592      1.3565      1.5676      1.1982    -0.99259           1
-0.52083    0.087037      1.0943   -0.065567     0.42008     0.77401      1.1516    -0.44071           0
1.5632     -1.8367     -1.7464     -1.5588    -0.51046    -0.62956    -0.72083      1.4767           1
1.723     -2.1698     -2.1061      -2.198     -2.1837     -2.1182    -0.93078      2.1182           0
0.95507    -0.86289     -1.3184     -1.0791    -0.58894     -1.5289    -0.97574     0.25308           1
0.50308    0.017516    -0.65346    -0.73776     -0.7369     -1.3436    -0.88571    0.070118           0
-0.20645    0.035038    -0.47602    -0.23437    -0.98203     -0.4222     0.52827     0.13665           1
-0.34675     0.67612      1.2405      1.0584     0.12618     0.80054      0.3385    -0.22438           0
-2.1182      1.0494     0.95917           1      1.3864     0.88955      1.3046    -0.92679           1
0.17606    -0.20645     -1.0687     0.13142    -0.60444    -0.63431    -0.89923      0.5149           0
0.1537      1.0076     0.18595      0.5149    0.035038     0.50455     0.21308     0.68102           1
1.1086    -0.98203    -0.74288    -0.81855     -1.1491     -1.0449    -0.69582     0.80054           0
-0.85538    -0.37027     0.52306     0.25308      1.1567    -0.32342    -0.20115     -1.1122           1
0.2164    -0.74973    -0.61852    0.036336     -1.3663    -0.44214    -0.37444      1.4211           0
0.25777    -0.26919     0.12226     0.42646     0.28942     0.02076    -0.80951    -0.82948           1
-0.61774     0.13142   0.0084334     0.49867    -0.54928     0.30162      1.1491    -0.23704           0
-0.5395    -0.59049    -0.83407     0.28672     0.25241    -0.61382     0.18529  -0.0051897           1
0.05192    -0.53875    -0.96329    -0.75835     0.11051    -0.69747     -1.7464     0.32889           0
1.1342     -1.2335    -0.60289    -0.99471     0.11899    -0.61852    -0.33575     0.29755           1
-0.33575   -0.024005      0.7091    0.068818      1.2335     0.14583    -0.33438    -0.15239           0
0.21839     0.12095     0.65266   -0.033739      -1.383    -0.42504     0.55532   -0.011028           1
-0.43358  -0.0025949    -0.29687      0.3926    -0.88379    -0.38002     0.24772     0.16553           0
-0.88379     -1.8438    -0.87139    -0.23037     0.27188      -1.658     -2.4714    -0.51194           1
-0.075322     0.61538     0.85632     0.82583     0.16421     0.52678      0.4753    -0.42078           0
-0.69747     0.73266    -0.10007     0.48111      1.0272     0.94488      1.4729    -0.41795           1
-1.2503       1.063      1.3076     0.69252     0.86855      1.3153      0.5523    -0.42788           0
0.53276     -0.1985    -0.11442     0.27727    0.032441    -0.48695     -1.2335     0.75145           1
-1.383     0.45938     0.72927      1.8367     0.91884     0.38281     -1.6329     -1.6789           0
-0.97574      1.5043       1.471      1.7707      1.5247     0.69747      1.2896     -1.2225           1
1.0349    -0.44214    -0.82491    -0.69913    -0.63431     -1.5003      -1.297     0.46805           0
-1.7346     0.64067     0.52306      2.7364      1.6232     0.81855     0.18925     -1.6041           1
0.65186      0.7091   -0.054519   -0.044127     0.04088      0.1537     0.40665     0.55532           0
0.25978    -0.52977    -0.93379    -0.85538     0.16816     -1.1798    -0.17474     0.56291           1
0.44644     0.12357     0.45218    0.079226     -1.0033    -0.45794     0.33163    -0.79519           0
0.3057     0.54626      1.1416      0.4666    -0.28132     0.26784       1.063    -0.69169           1
-0.72758     0.47675     0.15501     0.63114    -0.86289      0.2504    -0.43786     0.11442           0
-0.12095     0.49573     0.62403    0.084433     -1.2763    0.054519     0.51638     -0.3884           1
0.87805    -0.45938   -0.077274    -0.64545    -0.54325    -0.32205    0.066217      1.1478           0
-0.18529     -1.5544     -1.2532     -0.7549    0.063617     -1.1516    -0.57052     0.82218           1
0.81493    -0.44859    -0.81674    -0.33644     -1.1098    -0.10137    -0.83131     0.70079           0
-1.7006      2.4999      1.0011    -0.33987     0.59513      2.4198      1.8229    -0.71747           1
0.42149   -0.090945    -0.48695    0.048023    -0.19388    -0.50161    -0.19189     0.25978           0
-0.72251      1.2252     0.33026      1.0471     0.40806     0.98098     0.46082     -0.6359           1
1.6329     -1.3763     -1.5856     -1.1026      -1.407     -1.7645     -1.7962     0.82583           0
-1.0607     0.21308      0.7943      1.1219      1.6329     0.30706     0.83131    -0.78986           1
1.5856     -1.9626     -2.1305     -2.9571     -2.1305     -2.0191    -0.92082      2.0191           0
-1.2447     0.59513      0.7943      0.1537     0.48695     0.87424      1.2335    -0.56291           1
0.62956    -0.83682     0.37514     -0.1079    -0.57817      -0.606      -0.394     0.34951           0
-1.0699      1.4123     0.72927      1.1416     -0.7549      1.0653     0.80951    -0.52232           1
1.3061     -1.1243    -0.88187    -0.67938     -1.2211     -1.4767     -1.3246      1.6207           0
-0.78633     0.34331     0.35779     0.33026      1.1003     0.44214     0.17211     -1.1668           1
-1.407     0.75317      2.3426      1.9716      1.8805      2.0716      1.2447      -2.374           0
-0.76703    0.050621     0.33026       1.723     0.82857     0.75835    -0.57817   -0.013623           1
0.31114    0.066217     0.18595    -0.81674      -1.334    -0.40172     0.17935     0.22504           0
-1.0449     0.90118     0.42717     0.94691      0.1079      1.2419     0.57664    -0.66961           1
0.55381     0.84978       1.471     0.77052     0.64067     0.97783      1.4211    -0.87234           0
-1.572     0.88955     0.56671     0.48914      1.6736     0.86101     0.80412     -2.6853           1
0.05322    0.077924     0.30706   -0.071419     -1.2307  -0.0090821    -0.36056     0.28807           0
-1.5373      1.8881      1.6064     0.64386      1.0562      1.6632       1.581     -1.0699           1
0.47384     -1.0338   -0.077274      -0.824    -0.63114    -0.79697     0.30638     0.92181           0
-0.13796    -0.64226     -1.1441    -0.18793     0.16684    -0.64865    -0.53126     -0.1079           1
1.7524     0.54928     -0.6983     0.69087     0.20778     0.79341    -0.98203    -0.13927           0
0.27457   -0.055818     0.47384     -0.3856    -0.45074     0.37584     0.56443     0.49573           1
-1.7288      1.7145     0.47384    -0.56595      1.1491      1.4176      0.4222    -0.61538           0
0.96846    -0.56747    -0.33301    -0.92679    -0.32684    0.083131     0.22238     0.53575           1
-0.32684     -1.4211    -0.74973    0.076623    -0.47239    -0.18991     -1.7061     0.67775           0
0.27121    -0.11899     0.89438     0.16816     0.27525    -0.46805     0.54928    -0.19189           1
-2.0394    -0.96742     0.56671    -0.14189      0.6099    0.080527    -0.40665    -0.88763           0
-0.32205    -0.12226    -0.68348    -0.45938    -0.57052    -0.80592     0.22371      1.1902           1
1.0471     -1.2252     -1.0438     -0.9695     -1.2792    -0.78103     -1.8161      1.3796           0
-0.86101      2.2949      1.5437       2.198     0.89341      1.7117      2.7364      -1.228           1
-0.66799     0.21839      1.0943     0.21308     0.39821   -0.098765    -0.10398     -1.4652           0
-1.5588       1.228      1.6816       2.228      1.0033      1.2307     0.74973     -2.4448           1
0.569     -1.2062    -0.73861   -0.054519     0.48841    -0.36195    -0.81132      1.1929           0
-0.72589      1.3565      1.3076       1.407      1.6843      3.2808       2.228     -1.4806           1
-0.13993      0.2397    -0.73861     0.13404    -0.10529     0.13796     -0.2277      0.3856           0
-0.57971    -0.10137     0.89438     0.36056     0.76703     0.73435      0.6599    -0.95302           1
-0.27727      1.3729      1.3932      1.3153   -0.018165      1.0054     0.83682  -0.0038923           0
-0.11704    -0.21707    0.049972    0.080527   -0.090294    0.050621    -0.79164     0.34675           1
0.60444     0.40806    -0.76182     -0.6843    0.054519     0.53575    -0.25576     0.89148           0
-0.38141     0.79697     0.15501     0.67612     0.50455     0.01557     0.84236    -0.92281           1
1.014     0.33301      2.3426     0.58586     -0.4666     0.29891    -0.38141     0.57052           0
-0.6359      1.1491      1.1929     0.73776      1.1798      1.3001      1.4355    -0.58432           1
0.13665     -1.5247    -0.99047     -1.0596    -0.10007     -1.0562     0.17079     0.71412           0
-1.6088     0.58124       1.471     0.70577     0.40243     0.89341     0.85725     -1.1503           1
-0.3947      1.9808      1.2405      1.8094     0.47094       1.172     0.35503    -0.44501           0
0.73776    -0.24772     -1.6684     0.36472     -0.2504    -0.15107     -1.5373     0.52827           1
1.2881     -1.3031     -1.1772     -1.4247     -1.2532    -0.72758     -1.0494      1.6088           0
-0.4782     0.26448     0.58894     0.12357    -0.17606     0.54325     0.73266    -0.64705           1
0.038933    -0.99259    -0.72589    -0.52232    -0.60912     -1.2532    -0.13665     0.65346           0
-0.44501    -0.25844    -0.16224    -0.86289   -0.031143    -0.62009     0.74801     0.08834           1
-0.33026    -0.48987   -0.022707     -1.3031    -0.60055    -0.53875    -0.49867    -0.57817           0
-0.35641      1.4923      1.1929     0.81674     0.77226      2.2438      2.1061     -1.6183           1
1.291     -1.9808     -1.9366     -2.6853     -1.9808     -2.1837     -1.3031      2.4714           0
0.33301      0.2038     0.82127     0.33438     -0.5149    -0.29891     0.35365    -0.18001           1
