-1.5331      1.5289       1.777     0.47094      1.8297      1.1798      1.9199      -1.291           0
1.0861     -1.5856     -1.0316     -1.3696      -1.185    -0.64386     -1.0404      1.2675           1
0.71999    -0.90508    -0.26448    -0.27053     0.20645    -0.93479    -0.27862     0.22238           0
-0.77052      1.5206   -0.036985     -1.4767     0.19586     0.80951   -0.055818    -0.47094           1
1.8509    -0.92082     -1.3404     -1.7061     -2.0092     -1.5676     -1.0228      2.4198           0
-2.0092      1.0676      1.1929      0.7463      1.2532      1.2675      1.0814     -1.0151           1
0.76703    -0.11899    -0.13665    -0.47094     -1.1694    -0.69417    0.083131     0.46082           0
0.3926    0.054519     0.27862   -0.080527     -1.0327    -0.37027    -0.48403     0.23303           1
-1.9808       1.117      1.1929     -1.4577     0.14583     0.65829      1.6951    0.012975           0
-2.3326    -0.23837     0.15501     -0.4972      1.6379    -0.31932       0.544     -1.2821           1
1.3092    -0.89535    -0.96329     -1.2589    -0.35918    -0.50529     -1.1441      1.1516           0
0.14583     -1.4001    0.049972    -0.46515      1.0228     -0.4293     -1.0294     0.28942           1
-1.7173      1.6684      2.2053     0.36749      1.8094       1.572      2.9571     -1.5206           0
-0.73946     0.42788     0.30706     0.28807    -0.69747     0.56595    -0.30978     0.43073           1
0.83959     -1.0449     -1.8094     -1.9716     -2.2602     -1.7897     -1.0699      2.4448           0
0.065567     -1.5043     -1.5352     -1.5901    0.022058      -1.628     -1.9451     0.66313           1
0.50087    -0.61852    -0.33301    -0.46299    -0.22504    -0.50898    -0.46805      1.6207           0
0.0019461    -0.36611  -0.0090821    -0.48987    -0.21176     0.15633    -0.52678    -0.51342           1
2.2602     -2.8672     -1.9451     -2.4999     -2.5306     -1.9282     -1.2617      1.7006           0
-0.30434     0.48403    -0.99684    -0.01557     0.52232    0.097461     -1.5331    -0.56139           1
0.2504    -0.81312    -0.85819    -0.18133    -0.94894    -0.90703     -1.5901      1.1668           0
-0.77401      1.1379       1.046      1.6232     -0.2337      1.1441      1.2733     -0.2962           1
-0.023356    -0.56139    -0.42291      -0.952    -0.68594    -0.79876     -1.2881      1.3092           0
-0.3884      1.4614      1.1416      1.8881      1.0838      1.9538      1.7645     -1.4539           1
0.17211     0.33918     0.47384      1.0228    -0.25844     0.69252     0.22637     0.34124           0
-0.25576    -0.55381     0.58894     0.14452    -0.85913   -0.084433     0.28672     0.64386           1
1.2532      1.1902     -1.0108     -1.8959    -0.29078     0.40524    -0.36472      1.4428           0
-1.5501     0.37862       1.777     0.27323    -0.25576     0.41371     0.69913     -1.1466           1
0.52678     -0.9368      0.2038    -0.51935     -1.4539    -0.76008    -0.80772     0.94083           0
0.55532    -0.77752     -1.2461    -0.30298     0.56747   -0.083131    -0.46949    -0.59978           1
0.4666    -0.38141    -0.88187    -0.77752     0.34675    -0.52381     0.15107     0.32069           0
-0.33712     0.17474    -0.52827     0.71579    -0.21972     0.31932     0.91096     0.05322           1
0.97574      1.6896   -0.077274    -0.90899    -0.01038     0.40383    -0.14583    -0.34813           0
-0.50455     -0.3912    -0.74973    -0.01038     0.37653    -0.31523    -0.74544    -0.47384           1
-0.75145     0.25911    -0.23837     0.37862    -0.69169     0.15764     0.23704    -0.24772           0
0.34124    0.011677   -0.054519      -0.569    0.076623    -0.29078   -0.032441    -0.17869           1
-0.21972      1.4963      0.3968     0.24371    0.083131     0.35365     0.28267    -0.34124           0
1.1929    -0.87044    -0.23837     -1.3565     0.22504    -0.94691   -0.096158     0.63748           1
0.58509    -0.30502     0.54476    0.050621     0.48403    -0.52232     0.95302    -0.26919           0
-0.61538      0.3898     0.95917     0.59823     0.33575     0.35503     0.18133    -0.27862           1
1.8229     -1.1268     -1.2391    -0.94488     -1.5415     -1.5043     -1.4502      1.5206           0
-0.44501    -0.25844    -0.16224    -0.86289   -0.031143    -0.62009     0.74801     0.08834           1
0.62009     -0.2397     0.18595    -0.42788     -0.7369     -1.2851     0.11181     0.22371           0
-0.59823     -1.0768    -0.47602      -1.117   -0.068818    -0.28267    -0.37027     0.53425           1
0.80233     -1.0861      -1.117    -0.66799   -0.085735     -1.3184    -0.79341     0.30978           0
0.65829     -1.3061      -0.344    -0.80951     -0.8695    -0.94083    -0.59203     0.30026           1
0.090945    -0.48549     0.18595    -0.43643     -1.4652    -0.91292    -0.63351     0.62009           0
-0.019463    -0.52827    -0.24906    -0.27323     -1.7173    -0.10659     -1.0516      1.7061           1
-0.73776     0.91489       1.046     0.84792     0.87234      1.0449     0.87614    -0.50898           0
-0.05322      0.2571     -0.6599   -0.092248   -0.042828    0.018165    -0.68102    -0.19057           1
0.063617      1.0471      1.5437     0.52529     0.74801     0.73096      1.5501     0.50014           0
-1.0699      1.4123     0.72927      1.1416     -0.7549      1.0653     0.80951    -0.52232           1
-1.8297     0.98624      1.5437      1.5676      1.0097      1.3468      1.0338     -0.3954           0
1.5588     -1.8509     -1.7897     -1.1592    -0.19057    -0.70744     -1.1491     0.17869           1
-0.35779     -1.4158     -1.2391    -0.67449      -1.036    -0.98413    -0.48622     0.91489           0
0.59513     -1.0054    0.068818    -0.79876    -0.11704    -0.45218    -0.30706     -0.2397           1
0.2164    -0.74973    -0.61852    0.036336     -1.3663    -0.44214    -0.37444      1.4211           0
0.18661    -0.52232      0.7943     0.47239     -1.0494     0.24104     0.23037     0.14845           1
0.35779     0.61069       1.046       0.344     0.13273       0.387     0.89923    0.067517           0
-1.3138     0.51638     0.95917      1.3277    -0.29349      0.6843     0.46805     -1.2475           1
0.53425    -0.68266    -0.98308    -0.29213    -0.25375    -0.08834     0.22904     0.15501           0
-0.76877     0.83498     0.30706     0.30706     0.91588     0.41795     0.94083    -0.65668           1
0.97783     0.11051    -0.79519     0.43429    -0.37653     0.44501     -1.0676     0.13534           0
-0.36195     0.14583      0.7943     0.71328   -0.020111    -0.26784     0.88187     -1.2197           1
1.7897     -1.0908    -0.45003     -1.7464     -2.4198     -1.6843   -0.023356     0.14058           0
-2.1837      1.0814     0.62403      1.4484      1.2881       1.723   -0.080527     -1.5544           1
0.071419      2.9571      1.3076      1.5948     0.71412      1.4923      1.5948     -1.7707           0
-0.58278     0.93078    -0.36403     0.78986     0.69417     0.70994     0.73605    0.095506           1
-0.35365      1.2881     0.85632      1.2704     -0.2665     0.80233     0.98624     0.44071           0
0.88475     0.48549    -0.52009      1.1074     -1.1195     0.46082    -0.22637    -0.18397           1
1.5247     -0.7242    -0.13665    -0.89341     0.10137     0.25442    -0.67938     0.33301           0
0.80412     0.51342     0.21906    -0.98413    -0.93781    0.027249      0.2091    -0.99684           1
0.81312    -0.88571     0.23637    -0.89923       0.569    -0.28132     -1.0076    -0.47966           0
0.13011    -0.19983    -0.94184    0.027249    -0.83498    -0.41653    0.063617   0.0038923           1
-0.70079     0.11181     0.23637     0.18001      1.0349     0.33163    -0.96329    -0.44787           0
-0.04153   -0.049322      1.0011     0.91096     0.44429    -0.55079      1.0943    -0.32889           1
-0.24706     -0.1432    -0.18661    -0.87805    -0.36611    -0.75145    -0.62009     -0.7091           0
-0.3385     0.60912      1.1929     0.96123     0.72251     0.87805      1.2763    -0.77314           1
-0.46082     0.30978     0.52306    0.011677     0.22238    0.016867    -0.19983      0.7828           0
0.32342      1.5247     0.54476     -1.9199     0.73946      1.5544      1.1592    -0.83131           1
-0.081829    -0.37584     0.72927    -0.32479    -0.10398    -0.51935     0.79341     0.24639           0
0.599     0.89341     0.30706      1.0206     0.33163     0.73776    0.033739      0.2571           1
0.69087     -1.9451    -0.40595     -1.3763     -1.1955      -1.025    -0.29213     0.63431           0
-0.31659     0.01038    -0.40595     0.28267     0.18661    -0.21839     0.17935    0.031143           1
-0.024654     0.16947     0.33026    -0.25978      0.2038   -0.020111     -0.8771    0.029845           0
0.57281     0.63907     0.56671    -0.56291     0.36611     0.21176     0.65186   -0.094854           1
0.025951     -1.1292     -1.5083     -1.4806      1.2307    -0.15764    -0.97783   -0.029845           0
-1.0228      1.2062       1.471     0.75662       1.407      1.9118      1.2143     -1.9538           1
1.7346      -0.435     -1.1231     -1.3729     -1.7645     -1.6232     -2.0943      1.6379           0
0.58278     0.71412      0.7943     0.23303     -0.2397    -0.43215      1.0427      1.2589           1
-0.67775    -0.18133    -0.29687    -0.50603    -0.14517    -0.19718     0.21176    -0.42504           0
-2.198      1.7145      1.1416     0.71328      0.9695      1.7346     0.29755    -0.94894           1
-0.51638    -0.75835     0.23637     0.14976    0.044127    -0.50308    -0.35227     0.93278           0
-1.9038     0.43358       1.777      0.7091     0.44931     0.57664     0.68594     -0.7828           1
0.40665     -0.3385    -0.79253    -0.52678    -0.31591    -0.86477     -1.9808       1.228           0
-0.70411    -0.46949    -0.47602     -0.3926    -0.32684    -0.80951     0.90312    -0.59513           1
-2.0191     0.85913      1.1929      1.3966     0.27997      1.5124      1.1746     -2.0716           0
0.76442   -0.062317     0.60522    -0.98835    -0.12488   0.0064872    0.059717    -0.59203           1
-1.3532     0.55835      1.2405      1.1567      1.0404      1.4502     0.88763    -0.81855           0
-0.80054    0.067517     0.89438     0.82948    -0.32479      1.1026     0.38141    0.087037           1
-0.75662    -0.22637     -0.5928      0.4565     0.94184   -0.049322    -0.71412     -1.1617           0
-0.0077846   -0.070118    0.068818     0.54777     0.29349      0.3856      -1.185      0.6359           1
0.88763      -1.025      -1.117    -0.60133     -1.2589    -0.88571     -2.3326       0.606           0
0.21839     0.12095     0.65266   -0.033739      -1.383    -0.42504     0.55532   -0.011028           1
1.9716     -1.0494     -1.8367     -2.0716     -2.0828     -1.1668     -1.1694      2.2438           0
0.18529      1.3983     0.82127     0.34262     0.43215     0.59978       1.046     0.91292           1
0.35365    -0.62482    -0.49793    -0.83867     -1.7404    -0.86666     -1.1243      1.0584           0
-1.4884      2.6853      1.0011    -0.60756     0.34262      1.1391     0.67449    -0.36888           1
1.35     0.15895      0.3968    -0.28132    -0.91391   -0.037634    0.032441     0.65106           0
-0.049972     -0.1629      0.7091    -0.51046     0.67286    0.070118    -0.46371    -0.40243           1
-1.2503       1.063      1.3076     0.69252     0.86855      1.3153      0.5523    -0.42788           0
-0.15501     0.13927      0.7943     -0.1629     0.24371     0.13273     0.54025    -0.86101           1
1.9808     -1.7464     -1.8161     -1.9366     -1.9282     -2.4198    -0.81855      2.7364           0
-0.19586     0.40383      1.9901      0.4782      1.0119     0.77052     0.54175    -0.65346           1
0.29349     -1.1026     -1.1681     0.34124    -0.65025     -1.3153     -2.6002      1.2617           0
-0.92778      1.3813      0.9238      0.6688     0.45362      1.5331     0.96329     0.14976           1
0.53051     0.51194   0.0084334    -0.96329    -0.74801    -0.90508     0.17342      1.0471           0
0.69747     0.07272     0.21906    -0.18265    -0.25375    -0.54175     0.45794     0.23037           1
0.17869     -0.2038      0.3968    -0.02076     -1.2419    -0.70079     0.26247      1.2851           0
-1.9282     0.31659       1.046      1.2035     0.68184     0.45794     0.26515    -0.75317           1
1.0316    -0.21441     0.27862     -1.3001     -1.4465    -0.59358    -0.92679   -0.074021           0
0.076623     0.24772    -0.45003     0.63431      1.0382     0.61069     0.74459    -0.61382           1
-1.3184     0.55079     0.49867      1.0768     0.60756     0.85913    -0.13927    -0.56747           0
-0.44931    -0.16158    -0.20115     0.27997    -0.52306    -0.11181      1.0768     -0.7463           1
0.32205    -0.30842    -0.61852  -0.0038923    -0.84236    -0.35089    -0.81312     0.44787           0
1.0349    -0.44501     -1.0316     -0.1985    0.050621     0.37444    -0.37862     0.59823           1
2.7959     0.36472     -1.3581     -1.2821     -2.1564     -0.9002     -1.0449      2.6853           0
-1.9118      1.3898      2.7959      1.6896      1.0294      1.6529      2.4999     -1.5124           1
0.3898     -0.6843    -0.86572     -1.2008     0.13927     -0.3057    -0.90118    -0.67775           0
-0.65507    -0.29349   -0.022707     0.63748     0.62245     0.35779     0.34331    -0.60912           1
0.19454     0.38002     0.33026   -0.098113    -0.71244    -0.16421     0.40102    0.017516           0
-0.69747     0.73266    -0.10007     0.48111      1.0272     0.94488      1.4729    -0.41795           1
-0.70245     0.53276     0.33026     0.84051    -0.47748     0.78456   -0.011677      0.2962           0
-0.93278     0.74801    -0.56139       0.824    -0.82948     0.34675      1.5458    -0.57052           1
-0.33575   -0.024005      0.7091    0.068818      1.2335     0.14583    -0.33438    -0.15239           0
-1.5994     0.76877      2.1182      2.6853     0.61538     0.19718      1.0054     -1.9716           1
0.93078    -0.47966     -1.2704    -0.94083    -0.88187     -1.6789     -0.6843      1.3215           0
-0.12684       1.407     0.10463    -0.73096    -0.77052   -0.059067    -0.67612     0.43786           1
-0.3125    -0.18793    -0.73861    -0.53725    -0.17079    -0.24772    -0.31796   -0.066217           0
-1.8805      1.2792     0.62403      1.1902      1.7707     0.76877     0.11442     -2.1837           1
0.5928     -1.1516    -0.54777     0.14058    -0.31114    0.058417     -2.6404      0.4928           0
-0.7828     0.42078     0.25308     0.33987     0.66961     0.31114    0.084433     -1.3932           1
-0.02076     0.13534     0.33026    -0.10659    -0.87614    -0.72589    -0.60444    -0.47675           0
-0.13993    -0.32069    -0.18661     0.17869     0.13142     0.15107    -0.38002     0.40947           1
-0.61774     0.88283    -0.22238     0.68758     -1.0838     0.51342    -0.74288    -0.26515           0
0.4601    -0.21574     0.52306     -0.3842    -0.67857    -0.64545     0.18793     0.96329           1
0.49647    -0.43358    -0.23103     0.60756    -0.90703     -0.1092    -0.64226    0.048023           0
-0.45722    0.048023     0.62403     0.93881     0.36749     0.35918     0.30298    -0.96742           1
1.658     -1.6329     -1.7524      -1.294     -1.0861     -1.3966     -1.1516      1.3532           0
-0.58432      1.6479      1.6064      1.4845     0.89923      2.0394     0.42504    -0.10985           1
0.89923    -0.76442    -0.24906     -1.5676    -0.67449   0.0038923    0.068818      0.4293           0
-1.4652      1.3246      1.3076     0.51935      1.9451      1.0979     0.77401      -2.198           1
0.85913     -1.0516    -0.96329    -0.65186    -0.61695    -0.60289    -0.72927     0.91687           0
1.1342     -1.2335    -0.60289    -0.99471     0.11899    -0.61852    -0.33575     0.29755           1
0.12095     0.45074    0.049972     0.76008    -0.53875     0.29349     0.41512    -0.40947           0
0.042179    -0.15895      1.3076     0.23704   -0.033739     0.82491     0.16158     0.58201           1
-0.87996    -0.35503     0.42717    0.090945     0.84792   -0.024654    -0.19388     -0.2091           0
-0.3842       2.163     0.95917    -0.35918      0.6351      1.8367     0.73861    -0.66637           1
0.67286    -0.10594     0.33026    -0.12095     -0.1583    -0.17869    -0.86666     0.26919           0
-0.16947      1.1317      0.9238     0.72927      0.2397      1.3122     0.56747     -1.0033           1
-1.0908    0.019463     0.60522     0.56139      1.5043      0.5523    -0.23037     -1.1074           0
-0.18529     -1.5544     -1.2532     -0.7549    0.063617     -1.1516    -0.57052     0.82218           1
1.5124     -1.5765     -1.7833     -1.5003     0.18265    -0.54325    -0.93781     0.99259           0
-0.51935      0.7242     0.42717     0.60133  -0.0019461      1.1772     0.18265     -0.1537           1
0.75835    -0.91292     -1.4465    -0.99259    -0.05322    -0.68266     -1.6529      1.2335           0
-1.3215    -0.41653     0.42717    -0.15107     0.81493     0.14976    -0.22504    -0.20513           1
-0.098765     0.61382    -0.26448    -0.12226     0.73435     0.25308      0.3968     -1.1098           0
-0.18793     0.93479     0.29484     0.68266    -0.57281     0.96742     0.32889      1.7117           1
0.17079     0.70411      1.3932      1.5331      1.5373     0.74117     0.62324    -0.76877           0
-0.34468      0.2357      1.0011     0.50898     0.21839     0.36749     0.55079     0.22704           1
0.2397     0.34537     0.23637     0.23837    -0.44357     0.16027     0.53425    0.019463           0
-0.60289     0.21441     0.23637    -0.24639      0.1288    -0.52678     0.49793    -0.53875           1
1.1366    -0.95711    -0.80592     -1.0745     -1.3262     -1.2252    -0.90899      1.3309           0
-0.065567    -0.33712    -0.10007       1.291      0.2337     0.44357      -1.628     0.19718           1
-0.11181      1.4806     0.85632    -0.37862     0.32069     0.81312     0.11573    -0.33163           0
0.92679     0.40524      0.6843   -0.032441  -0.0019461    0.092248    -0.57511     -0.2038           1
0.9602      -1.581     -1.5523     -0.7828    -0.71663     -1.3663     -1.1798     0.90312           0
0.55079     -0.4565     0.23637     -1.4729    -0.91884    -0.18001    -0.18529     0.30434           1
-0.57511     0.15633      0.7549   -0.083131      1.1074     0.16947    -0.12749      -1.334           0
-0.6359      1.1491      1.1929     0.73776      1.1798      1.3001      1.4355    -0.58432           1
-0.62009     0.29078      0.6843     0.14845      1.2116     0.19321      0.3919      0.1079           0
-1.2293     0.17342     0.58894      1.3436      1.5331      1.6951    -0.67205     -1.7897           1
0.83498     -1.7346     -1.7645     -1.1643     0.15107     -1.2062     -1.9038   -0.075322           0
-1.5063     0.77927       1.471     0.88379     0.86007       1.294      0.5149    -0.72758           1
0.5523    -0.93881     -0.5365    -0.13011    -0.40665    0.075322     -1.0584     0.59203           0
0.54476     -0.5149      0.6843    -0.27188       -0.44    -0.49573     0.30638     0.84236           1
-0.63907      1.0206    -0.11442     -1.5856    -0.24104     0.33026     0.63748     -0.3912           0
-0.13273     0.73776      1.2405      1.9199     0.28537      1.3796      1.4105    -0.37236           1
-0.30842     0.58894     0.37514     0.35365     0.50308      1.2763     0.27592    -0.58894           0
0.87519    -0.02076    -0.64465    -0.50161    -0.58278    -0.33987    -0.64705    -0.24371           1
-0.14189    -0.40172    -0.20115     0.22238     -0.1629      0.1079    -0.85351     0.38281           0
-2.2602     0.74288      1.1416      1.8509       1.414      1.8959      0.3856    -0.39961           1
1.1876      1.1746    -0.37584    -0.27457     0.48257      1.0184       0.569    -0.13011           0
-0.36888     -1.4428    -0.49793     -0.1092     0.10463     -1.1441     -1.6428     0.49134           1
-0.62167     0.86855       1.046      2.0291     0.98203       1.363       1.046     -2.0499           0
0.28402     0.69252    -0.71328     0.22504    -0.84421     0.10529     -0.1092     0.84978           1
1.4652    -0.97574     -1.4301     -1.1441     -1.6329     -1.7404     -1.6379      1.3031           0
-0.84792     0.28402       1.777      1.1541      1.4319     0.56139     0.60133    -0.84792           1
0.55987    0.017516       -0.32    -0.17408    -0.42362      -0.569    -0.28537     0.68348           0
-1.5544      0.1985    -0.10007      1.6329      1.3468     0.31659    -0.39821     -1.8367           1
1.723     -2.1698     -2.1061      -2.198     -2.1837     -2.1182    -0.93078      2.1182           0
0.11442     0.98413       1.471      1.1122       1.334      1.6183     0.55835    -0.97366           1
1.4247     -2.6404     -2.2127     -1.8582     -2.1182     -2.9571    -0.82036      1.8655           0
-0.99047    -0.48111     0.89438     0.20645     0.87044    -0.16684     0.25308     0.74801           1
0.51935    -0.35641    -0.50898    -0.67775    -0.52827     -1.0584  -0.0051897     0.53126           0
-1.2252     0.62639      1.3076     0.83498     0.41229     0.52083     0.34537    -0.89923           1
-0.1092     0.51046      1.5437      1.3565      1.1195      1.0607     0.48987    -0.28537           0
-1.1863      0.3057    -0.91292    -0.63114      2.0716    -0.21972    -0.81493    -0.28807           1
-0.87424     0.93278      2.3426     0.52902    -0.46082     0.58894     0.61382    -0.29755           0
0.40806     -1.6789      -1.414    -0.65346    -0.51638     -1.2503    -0.36888     0.76355           1
1.6329     -1.3763     -1.5856     -1.1026      -1.407     -1.7645     -1.7962     0.82583           0
-0.64705      1.3092     0.85632     0.38281     0.66475     0.73605      1.6135   0.0077846           1
-0.53725     0.10268     0.62403     0.44931     0.10007     0.17474     0.73096      0.9368           0
-2.3133      2.2686      2.5816      0.6359     0.86477       2.374      1.9366     -2.2438           1
-1.414      1.1772     0.27862     -3.2808    -0.95098     -0.4753      1.2035      1.5043           0
-0.46371      0.3954     0.72927    0.071419   -0.083131     0.45506    -0.59358    -0.66313           1
1.6951    -0.82948    -0.24906     -1.1824      -1.628     -1.2733    -0.84421     0.79519           0
-0.88379     -1.8438    -0.87139    -0.23037     0.27188      -1.658     -2.4714    -0.51194           1
0.80592    -0.92281    -0.26448    -0.90312     -1.3729      -1.407   -0.085735      1.2143           0
-1.0316     0.94691      1.5437     0.50455     0.35779      1.1982     0.48403    -0.82218           1
-1.7584      1.1026       1.777      2.5306      2.7364      1.2197     0.88955     -1.4176           0
-1.1195     0.77052      1.3076      1.3597      1.0814      1.2546   -0.083131     -1.0206           1
0.74973    0.061017       -0.32      1.0382   -0.062317    0.042828     -1.2589     0.57894           0
0.045426    -0.14189   0.0084334     0.91884     0.51935     -0.5523   -0.045426     -1.2391           1
0.44644     0.12357     0.45218    0.079226     -1.0033    -0.45794     0.33163    -0.79519           0
-1.4577     0.85351      1.9901      1.3184     0.71077      1.0884      1.8729     0.10398           1
-0.35089     0.50455    -0.43358    0.089642    -0.78633    -0.25442     0.12488    -0.73435           0
-0.50898      0.7549      0.7943     0.53276      1.9808     0.54175    -0.40243   -0.025951           1
1.5206     -1.5901     -1.8438     -1.7645    -0.61382     -1.3092      -2.198      1.0516           0
-1.9996     0.86101      1.1929     0.94285    -0.70162     0.97574      2.2438     -1.7524           1
0.17606    -0.20645     -1.0687     0.13142    -0.60444    -0.63431    -0.89923      0.5149           0
-0.37305   -0.080527    -0.42291       0.394    -0.76529     0.12749    -0.31659    -0.50161           1
1.4502    -0.32205    -0.10007    -0.72927   -0.020111     -1.1541    -0.12488     0.57894           0
0.31523     0.85165     0.29484    -0.72589     0.21507     0.91096    -0.41088     0.35503           1
0.084433    -0.74288    -0.81674    -0.15567    -0.56443    -0.57205    -0.22105     0.74117           0
0.37862     -1.5124    -0.88187    -0.28807     0.33987     -1.4355     -1.3696     0.69582           1
1.5676     -1.1643    -0.92579     -1.2503     -1.3061     -1.0184     -1.7645      1.6843           0
-1.9901      1.9901      2.2053      1.8297      1.5458      1.4539      1.5124    -0.46515           1
1.2792     -1.6632      -1.117     -1.6684     -1.8438     -2.0828     -1.1902      1.9366           0
0.94083    -0.29891    -0.18661     0.19057     -1.1146   -0.067517     -1.2792     0.40243           1
0.61538    0.046724     0.49867    -0.29078     -1.1317    -0.14452     0.31932      1.1317           0
-1.6896     0.45794      1.3076      2.1698      3.0799      1.9199     0.47966     -2.7959           1
0.3863      1.5523     0.85632      1.3663     0.71999      1.5901   -0.048023     -0.3856           0
-1.8094      1.5331     0.89438       1.228     0.75576      1.7645     0.94691    -0.24104           1
0.37723     -1.1195    0.038283    -0.31114     0.67775    -0.12488     -1.2008    -0.23103           0
-0.63114      2.0394     0.85632    -0.42504    -0.01038    -0.36611     0.52083      0.2397           1
-0.21043     0.75145      1.2405     0.40947    -0.31387     0.28807     0.49793  -0.0090821           0
0.7352    -0.86477    0.068818    -0.24371    0.090945   -0.077924     -1.4539      1.1541           1
1.2763     -0.9695    -0.66394    -0.77052     -1.3932     -1.5523     -1.8229      1.1694           0
-0.91884     0.83315      2.5816      1.2617      2.1305      1.1567    -0.71077     -1.0908           1
-0.45938    -0.72251    -0.74973   -0.025951      1.0539     -1.2225    -0.94996    -0.61069           0
-0.089642    -0.40947     0.30706      2.1433      1.0908     0.41937     0.86477     -1.3246           1
-0.035687     -0.4293     -1.1541    -0.54852    -0.87805     -1.4428    0.074021     0.96123           0
0.87519       0.569     0.16816     0.08834     -1.0722     0.14452      -1.172     0.98203           1
0.4928    -0.31523     -1.3046     0.61225    -0.24572     0.14714    -0.18793    -0.11965           0
-0.21839    -0.97783    -0.88187    -0.32889     0.24371     -1.0471    -0.24371     -1.0471           1
-0.64545    -0.33026    -0.23837   -0.024654    -0.36749    -0.60444     0.62797    -0.73776           0
-1.7962     0.90899      0.7943       1.777     0.57358      1.6041     0.70245     -2.1305           1
0.74801    -0.34951    -0.30706     -1.0011    -0.76877    -0.74117     -1.0033      1.3001           0
-1.294     0.85725      1.9901     0.92082    -0.62167     0.33987      1.1416     -0.6599           1
1.3966    -0.32752     -1.5588     -1.0054     -1.0979     -1.8094     -2.0828     0.41653           0
-0.2317    -0.14714  -0.0090821    -0.21043     0.22371    -0.60756    -0.71747    -0.53725           1
2.1061     -1.4355     -1.3532     -1.4392     -1.6529     -1.0382     -1.3597      3.2808           0
0.27862    -0.59667    -0.65346    -0.77489    -0.55079     -0.3898    -0.29349     0.34537           1
-0.47384     -0.6599    -0.68348    -0.46299    -0.89729    -0.32752     0.31796     0.28672           0
-2.1564      1.1707      1.1929      1.1798     0.54325     0.91884    0.029196     -1.0427           1
-0.26381     -1.9118     -1.0768     -1.4884    -0.78103     -1.0206     -1.3184     0.28402           0
-1.0382      1.0011      1.8692     0.81855     0.83867     0.66637     0.72251     -1.8959           1
1.3061     -1.1243    -0.88187    -0.67938     -1.2211     -1.4767     -1.3246      1.6207           0
-1.1098      1.3388     0.85632     0.29078     0.98413      1.2821     0.78986     -1.0814           1
0.99684    -0.66475    -0.87139    -0.33644     -1.3796   -0.070118    -0.58278    -0.18661           0
0.10659    -0.01557     0.52306    -0.19718    -0.70411      0.2357     0.29213    0.040231           1
-1.1579      1.4652      1.6064      1.6951      0.5523      1.4729       0.387     -1.5676           0
-1.3309      2.2053      3.2808      2.6002      1.5994      2.4999      2.6853     -2.6404           1
0.3968    -0.72758    -0.82491     0.18793     0.36888    -0.52083     0.34331     0.27323           0
-1.6843     0.81312       1.777      1.6379     0.86007     0.94691      1.8959     -1.0932           1
0.32889    -0.49427   0.0084334    -0.41653     -1.0584    -0.87044   -0.057118      2.0499           0
-1.2391      1.6088      0.6843    0.062317     0.81132      1.4319     0.18661    -0.85913           1
0.19057     0.14452    -0.17276   -0.040231     -1.5206    -0.13665     0.42788     -1.3796           0
-0.85538    -0.37027     0.52306     0.25308      1.1567    -0.32342    -0.20115     -1.1122           1
-1.6041      2.1369      1.6064      2.4198      1.0449      1.9366      1.2851     -1.5083           0
-0.89535       1.572      1.3932      1.3309       1.291      1.2035      1.5856     -1.8729           1
-2.4448      1.1195      1.3076      2.9571      2.6404      1.6896       1.469     -2.7364           0
-0.28537     0.25576     0.89438     0.46949    -0.35503     0.24639     -0.4565    -0.28672           1
1.291     -1.9808     -1.9366     -2.6853     -1.9808     -2.1837     -1.3031      2.4714           0
1.6379      -1.294     -1.3046     -1.0653     -1.3468     -1.5994     -1.8729      1.4247           1
-0.5395    -0.75145    -0.37584    -0.51786      -1.469     0.23437    -0.84607      1.2008           0
0.40383      1.4729      0.7943     0.32342    -0.20513      1.5247     0.71747    0.024654           1
-0.079226    -0.77489    -0.20115    0.045426    -0.62639     0.13665    -0.61695     0.62167           0
-1.1317      1.2447    0.038283     0.43073     0.42362      1.1219    -0.22238    -0.54852           1
0.44214      1.1811     0.29484    -0.80412     0.46805     0.64067     0.35089     0.39821           0
-0.36749     0.61695     0.52306     0.54476     -0.4565     0.92679     0.43928    -0.16816           1
0.62956    -0.83682     0.37514     -0.1079    -0.57817      -0.606      -0.394     0.34951           0
0.42859      0.3968     0.65266   -0.061017    -0.13665      0.9368     0.43786    -0.15501           1
-0.77927    -0.37862     0.08834     0.12488     0.51268    -0.77226    -0.54476     0.24104           0
-0.50161     0.62956     0.72927     0.51786   -0.012975     0.72251     0.28402    -0.83867           1
0.29078    -0.24371     -0.7828    -0.93078    -0.34262    -0.40383    -0.59049     0.55381           0
-0.44716    -0.24104     -0.6983     0.41371    -0.41795     -1.4539    -0.21574    0.035038           1
1.4614     -1.0932      -1.383      -1.185    -0.50087    -0.41795    -0.93278       1.256           0
-0.90508      1.3436      2.5816     0.88763     -0.1432      1.0722     0.74202   -0.084433           1
-0.72927     0.77576      1.3076     0.83867    -0.62482     0.80772     0.15764    -0.45794           0
-0.3057     0.33163     0.95917      1.1929   -0.061017     0.50235     0.19057    0.062317           1
1.3864     -1.4392     -1.0108     -1.3404    -0.40947    -0.46226     -1.1567      1.1478           0
0.1537      1.0076     0.18595      0.5149    0.035038     0.50455     0.21308     0.68102           1
0.71663    -0.50455    -0.49793    -0.05192    -0.98835     -1.3468     -1.2532     0.49867           0
-1.8729   -0.016867      1.6064      1.1026    0.062317     0.45362      1.2589     -1.3061           1
1.4176     0.30842    -0.28604    -0.62956    -0.43786    -0.78633    -0.43073      1.1772           0
-0.85725     0.63748     0.85632     0.42362       1.117     0.93278     0.43643     -1.3277           1
2.0943    -0.18925     -1.3779     -1.4319     -1.8509     -1.8655    -0.83682      2.5638           0
-0.28942     0.29484     0.18595      2.1305      1.3001       2.228     0.72589     -1.9626           1
0.50308    0.017516    -0.65346    -0.73776     -0.7369     -1.3436    -0.88571    0.070118           0
0.01557      0.7463     0.85632      1.0494     0.81855     0.53126      1.0404    -0.18925           1
0.79876    -0.99898     -1.6329    -0.72758     0.16553   -0.014272     -1.0539    -0.67938           0
0.7463   -0.087037     -1.0239    -0.82218    -0.39961    -0.94894     -0.2397     0.33644           1
0.28807    -0.50898      -1.407    -0.69252    -0.41229     -1.0338     -1.4035      1.8367           0
-0.35641      1.4923      1.1929     0.81674     0.77226      2.2438      2.1061     -1.6183           1
-0.47094     0.16421     0.89438      0.7242     0.61852     0.67775     -0.3884    -0.62956           0
0.27592    -0.76008       -0.32     -1.0908    0.070118     -0.9248    -0.88379       1.025           1
0.38002     -0.5075    -0.30706     -0.3057    0.094854    -0.59203    -0.24906     0.11769           0
-0.76182     0.15501     0.35779     0.72251     0.50972    -0.32069   -0.014272     0.29484           1
0.47384     -1.0338   -0.077274      -0.824    -0.63114    -0.79697     0.30638     0.92181           0
-1.8161      1.6183       1.471   -0.085735      2.7959     0.92878     0.64067    -0.55684           1
0.85351    -0.72927    -0.60289     -1.3246    -0.55684     -0.4782    -0.47384     0.87424           0
-0.96846     0.12749      1.2405      1.1824     0.71244     0.59049     0.73435     -2.4198           1
-0.085084    -0.34124     0.27862     0.49573    -0.45506    -0.01038   -0.042828     0.35227           0
1.1516    -0.46805    -0.72589     -1.0427    -0.88955    -0.30298     -1.0471     0.30842           1
-0.0025949    -0.14452    -0.11442    -0.65025    -0.82583    -0.24104    -0.25107       0.394           0
0.044127     0.24238      1.0011     0.89535     0.88763     0.72083       -0.44    -0.36195           1
0.69913     -2.0092     -1.8805     -2.0943     -1.5901     -1.5083     -1.8805      2.3528           0
0.33301      0.2038     0.82127     0.33438     -0.5149    -0.29891     0.35365    -0.18001           1
-0.64306       0.387      1.6816      1.6479      1.1824      1.4963     0.42362    -0.30706           0
-1.1798      1.9118      1.9901     0.61069    -0.60289      0.4972     0.36195     0.37862           1
-1.0814     0.32821      0.7091      0.4928    -0.36888     0.33712    0.039582     -1.4923           0
-0.067517     0.65829     0.85632      1.4211     0.44644     0.99259      1.0791     -0.3968           1
0.061667   -0.064917     0.25308    -0.55381     -1.0884    -0.70245     0.41371    -0.32479           0
1.5632     -1.8367     -1.7464     -1.5588    -0.51046    -0.62956    -0.72083      1.4767           1
-0.95302     0.66799      0.7943     0.95302    -0.79697     0.65346      1.0699    -0.70411           0
-0.36403   -0.036336    -0.36403     0.62797    -0.13076    -0.20513    -0.30434    0.085735           1
-1.6479     0.69747    -0.13665      1.1876      2.0291     0.84978     0.50455     -1.1643           0
0.73096     -1.1617    -0.67693    -0.32342    -0.27862    -0.85165     -1.4211     0.95507           1
-0.5959      1.7739      1.1929     -1.3966     -0.1985     0.77927      2.3528    -0.25576           0
-2.1061      1.1268      1.6816      2.1182      2.2127       1.228      1.2197     -1.8438           1
-0.15764    -0.24238    -0.61852    -0.74459    -0.93379     -1.1098    0.064917     0.52083           0
1.1902     0.32616     0.49867     0.37305     0.44143      1.1074    0.048023     0.66637           1
1.6088      -1.572      -1.628     -1.4428      -1.297    -0.95507     -1.1146       1.723           0
1.1617    -0.50603    -0.40595    -0.15239    -0.21574    -0.32616     -2.0394      1.0494           1
0.33781    0.038933    -0.28604    -0.66637    -0.18793    -0.72083     0.48549     0.14452           0
-0.15239     0.42504      0.2038     -1.0932     0.57664     0.35089    -0.33026     -2.0606           1
-2.5638      1.3122       1.777      1.9366     0.83498      1.0768       1.334    -0.95098           0
-0.57664    -0.28402     0.33026     0.44787     0.79519  -0.0012974    0.058417    -0.57358           1
0.30978      1.0516      0.7549       1.414      0.6884      1.5994     0.16816    -0.68922           0
-1.6088     0.58124       1.471     0.70577     0.40243     0.89341     0.85725     -1.1503           1
-3.2808     0.28807      0.7549     0.47384     0.39961     0.46515     0.47384     -1.1955           0
-0.99684     0.33712      1.1416       1.628      1.0676      1.0791     0.47748     -1.0316           1
1.3184     -1.9716     -0.3898     -1.2763    -0.79253    -0.86855    -0.10137      1.9199           0
-0.72083      1.9408   -0.054519    -0.45362      0.3842      1.8509       2.374     -1.4614           1
0.42362     0.42646     0.77576    -0.14058      -0.344      0.3125     -0.0266     0.27997           0
-1.4035     0.72589       1.471      1.0097     0.19321     0.99471     0.62482    -0.61695           1
0.10529     -0.1079     0.35779    -0.62718     -1.0676    -0.11051    -0.93479     0.95098           0
0.48184    -0.46371    -0.18661   -0.029845    -0.23037    -0.13273    -0.45938      1.3184           1
-0.4972     0.35641     0.82127     0.57817    -0.59823     0.10137     0.50308    -0.30842           0
0.73776    -0.24772     -1.6684     0.36472     -0.2504    -0.15107     -1.5373     0.52827           1
-0.27862     0.73435    -0.50898     0.68922      0.9248     0.78809     0.49134     -1.0076           0
-0.32205    -0.12226    -0.68348    -0.45938    -0.57052    -0.80592     0.22371      1.1902           1
1.1955     -1.5415     -1.1681     -1.0955     -1.5458     -1.5247     -2.5306      1.5003           0
-0.74117     0.14058      0.7549      0.2038     -1.0382    -0.16947    -0.19586    -0.81674           1
-0.73605    -0.13927    -0.14911    -0.95507      1.2089     0.17738     -0.4666    -0.31387           0
0.40524      -1.723     -1.2532     -1.1342    -0.14058    -0.72927    -0.30026     0.25576           1
-2.2127       1.363      1.6816      1.7645     0.15633      2.3963      2.5638     -2.0943           0
-1.5373      1.8881      1.6064     0.64386      1.0562      1.6632       1.581     -1.0699           1
-0.72758     0.47675     0.15501     0.63114    -0.86289      0.2504    -0.43786     0.11442           0
-1.8229      1.8263       1.777       1.025     0.45506      1.5415      1.1098     -1.5765           1
0.63907     -1.2646      -1.363    -0.54626     0.07272     -1.4211     -1.2238     0.32616           0
-1.581      1.7584      1.6064      2.4714      1.7346      2.6404      2.0499     -2.3528           1
0.28267    -0.66637    -0.28604     -0.1288      1.1516    -0.71915     -0.9248    -0.72251           0
-0.45218     0.68102     0.65266     0.94083   0.0012974      1.0932      1.0033    -0.71579           1
2.0828     -1.2116     -1.6632     -1.7346     -1.7833     -1.7288      -1.407      2.0092           0
-0.54476     0.16158    -0.72589    -0.70245     0.69913    -0.83498    -0.95507    -0.32342           1
0.55381     0.84978       1.471     0.77052     0.64067     0.97783      1.4211    -0.87234           0
1.2574    -0.30502    -0.58355    -0.69087     -1.3184    -0.78456    -0.99047     0.86855           1
-1.3663    -0.52083      0.7549     0.53575     0.26852    -0.77576      1.0607    -0.59358           0
-0.36403      1.4265      0.9238      0.8771   -0.032441    -0.50014     0.01557    -0.43073           1
1.1772     -1.1122     -1.3184    -0.31523    -0.55835       -1.35     -1.0791     0.93881           0
0.1079     0.14976    -0.16224     0.48695    -0.61538     0.45218   -0.079226    0.033739           1
0.5075     0.11442      0.3968     0.22704    -0.72673     -0.2277     0.01557       0.435           0
0.16158   0.0012974     0.27862      0.4293    -0.97574    -0.23837     0.43215    -0.11181           1
0.77927      1.4465      1.3932     0.21707      1.0011      2.0499      1.3966    -0.30298           0
1.6135     -1.1416     -1.5247    -0.84236     -1.2881      -1.014     -1.8438     0.90118           1
-0.41088     0.32821       1.046    0.097461    -0.93781     0.59667     0.89341      1.0206           0
-0.0051897      1.9538      2.1182      1.8027     0.94589      2.7364     0.98203     -1.5415           1
-0.18067   -0.011028     0.85632     0.45938    -0.61069    -0.10268     0.59667     0.14583           0
-0.47966    -0.30978    -0.72589     0.91391       1.014     0.93881     -1.0653     -1.0294           1
-1.0884     0.37584     0.77576       1.297     0.88571      0.2277    -0.64545    -0.87424           0
1.0097    -0.25308    -0.40595    -0.68102     -1.2704    -0.67938      -1.572     0.89341           1
-2.7959     -1.6736     -3.2808     -2.6404     -3.2808     -1.8582     -3.2808     -2.2949           0
-0.71579     0.89729      1.1929     0.67775     0.47602      1.3597      1.8094     -0.4222           1
2.2949     -1.0228      -1.407     -1.5458     -1.7006     -1.6529    -0.45362      2.0291           0
-0.41724     0.92878       1.046      2.2602     0.56139     0.65186      1.1772    -0.75662           1
-2.6853      1.3031      2.1182      3.2808      2.3528      2.9571      3.2808     -1.9118           0
-0.29484     0.26919       -0.32    -0.10007      0.1985     0.11442     0.80233   -0.061017           1
