0.55987    0.017516       -0.32    -0.17408    -0.42362      -0.569    -0.28537     0.68348           0
-0.29213    0.081829    -0.50898     0.40524   -0.066217     0.17342     0.19983    -0.60133           1
1.4176     0.30842    -0.28604    -0.62956    -0.43786    -0.78633    -0.43073      1.1772           0
0.43358     0.53725      0.2038     0.14583    -0.85351     0.67286     0.51342     0.95302           1
0.81493    -0.44859    -0.81674    -0.33644     -1.1098    -0.10137    -0.83131     0.70079           0
-1.9118      1.3898      2.7959      1.6896      1.0294      1.6529      2.4999     -1.5124           1
1.0562    -0.66313    -0.13665     0.36958    -0.17474     0.32205    -0.53725     0.99898           0
-1.5544      0.1985    -0.10007      1.6329      1.3468     0.31659    -0.39821     -1.8367           1
0.5874    0.070118     0.12226    -0.34813    -0.48184    -0.13534     0.34675     0.69005           0
-2.2772      1.5458      1.9901      1.0884    0.037634      2.1369     0.84978     -1.8161           1
1.1146     -1.2307     -1.0838     -1.0539    -0.53126     -1.0054    -0.35918    -0.52827           0
1.0861     -1.5856     -1.0316     -1.3696      -1.185    -0.64386     -1.0404      1.2675           1
0.49647    -0.43358    -0.23103     0.60756    -0.90703     -0.1092    -0.64226    0.048023           0
-0.64067    0.090945     0.60522     0.59049    0.097461    -0.19586    -0.10659    -0.24639           1
-0.435      -0.344     0.42717     0.26919    -0.61852    0.044127    -0.23437      1.1146           0
-0.063617     0.59049     0.49867     0.86477    -0.22238      1.0838     0.44644     0.36195           1
1.2143    -0.61382    -0.73861    -0.76529     -1.4963     -1.0494    -0.90605      1.1292           0
-0.71579     0.89729      1.1929     0.67775     0.47602      1.3597      1.8094     -0.4222           1
-1.4193     0.59203      0.7091     0.77576    0.024005     0.90118     0.69747     0.48987           0
-1.0272     0.96535     0.33026    0.059717    -0.71077     0.85725    -0.97993    -0.17738           1
-0.24371     0.42291      1.0011       1.581     0.77927     0.52529     0.50898     -1.0494           0
-1.2116    0.084433     0.52306       0.387    -0.62009    0.022707     0.61225    -0.32205           1
1.4806    -0.94184     -1.2102    -0.81132     -1.8027    -0.87614     -1.8655      1.9626           0
0.40806     -1.6789      -1.414    -0.65346    -0.51638     -1.2503    -0.36888     0.76355           1
1.1366    -0.95711    -0.80592     -1.0745     -1.3262     -1.2252    -0.90899      1.3309           0
-2.2949     0.56595     0.82127       1.658      2.3963     0.85538      1.9282     -2.1433           1
0.14255     0.72758     0.10463     0.73605    0.035038   -0.038933     0.37723     0.47457           0
-1.5247       1.469       1.777      1.1195      1.9626      1.1876     0.88379    -0.91292           1
0.5928     -1.1516    -0.54777     0.14058    -0.31114    0.058417     -2.6404      0.4928           0
-0.84792     0.28402       1.777      1.1541      1.4319     0.56139     0.60133    -0.84792           1
1.5165    -0.89148    -0.92579     -1.0382     -1.0539     -1.5458    -0.82218      1.3597           0
-0.25978    -0.33438     0.27862  -0.0090821      0.3912    -0.11704    -0.70744    -0.92878           1
1.8582     -3.0799     -2.4198     -2.3528     -1.9199     -2.0291    -0.99684     0.77752           0
-0.40524     0.52232       1.046     0.55987    -0.29891     0.66313    -0.34675    -0.40595           1
-1.1579      1.4652      1.6064      1.6951      0.5523      1.4729       0.387     -1.5676           0
-1.1195     0.77052      1.3076      1.3597      1.0814      1.2546   -0.083131     -1.0206           1
1.8094     -2.4999     -2.2949     -2.1061     -1.9716     -2.7364    -0.85538      1.6479           0
-0.7549    -0.27323    0.025951    -0.10529    -0.42788     -1.0932    0.093551     0.21308           1
0.49867    -0.78633    -0.63669    -0.37305       0.344     -1.1824     -1.5415     0.21972           0
-0.15633       1.291      1.5437     0.81312      0.2571      1.8881    -0.11312     0.17738           1
-0.51638    -0.75835     0.23637     0.14976    0.044127    -0.50308    -0.35227     0.93278           0
0.17738     0.75662     -0.2766     0.50014     0.43643     0.43358     0.23437    -0.51786           1
-0.3947      1.9808      1.2405      1.8094     0.47094       1.172     0.35503    -0.44501           0
-0.65507    -0.29349   -0.022707     0.63748     0.62245     0.35779     0.34331    -0.60912           1
1.0011     -2.0943     -2.1564     -2.0606     -2.3963     -1.9538    -0.65186      1.8582           0
-0.86101      2.2949      1.5437       2.198     0.89341      1.7117      2.7364      -1.228           1
-0.10007     0.36195      1.6816     0.35227     0.16947     0.46949      0.2038    -0.48403           0
0.18001    -0.55987    -0.85819    -0.23637     -0.2038    -0.97366     -1.0382     0.27592           1
-0.94083     0.45362     0.58894      1.0449     0.34813     0.83131    -0.40102     -1.1746           0
0.22172     0.69582      1.1416      0.3057    -0.24238     0.60756     0.39821     0.18133           1
0.72589      1.4123     0.26247      -1.334    -0.25978     0.49867   -0.058417    0.083131           0
0.3842    -0.78456    -0.81674    -0.99684   -0.076623    -0.96123     -1.3932     0.86101           1
0.71663    -0.50455    -0.49793    -0.05192    -0.98835     -1.3468     -1.2532     0.49867           0
-0.63272      1.4265     0.33026    -0.17408     0.88955     0.69087      1.2617     -0.3571           1
0.77664    -0.49134    -0.26448    -0.59823    0.035038    -0.40806    -0.89729     0.81855           0
-0.64705      1.3092     0.85632     0.38281     0.66475     0.73605      1.6135   0.0077846           1
0.23303     0.25911    -0.84792   -0.065567    -0.44716     0.33438    -0.40383     0.32342           0
-1.1466      1.9996      1.6816     0.42078     0.36333      1.5289      1.3309    -0.45074           1
0.33575    -0.58048     -1.7962    -0.86855     0.35987    -0.67124    -0.63748   -0.023356           0
0.69747     0.07272     0.21906    -0.18265    -0.25375    -0.54175     0.45794     0.23037           1
0.2317    -0.13404      0.2038    -0.26113    -0.13534    0.096158    -0.60133      1.0932           0
-0.40665     0.53875     0.89438      1.2733     0.70245      1.0699   -0.074021   -0.089642           1
1.0471     -1.2252     -1.0438     -0.9695     -1.2792    -0.78103     -1.8161      1.3796           0
-1.0382      1.0011      1.8692     0.81855     0.83867     0.66637     0.72251     -1.8959           1
-0.61774     0.88283    -0.22238     0.68758     -1.0838     0.51342    -0.74288    -0.26515           0
0.59513     -1.0054    0.068818    -0.79876    -0.11704    -0.45218    -0.30706     -0.2397           1
1.3532    -0.27457    -0.77139    -0.64705    -0.12357    -0.84421    -0.65587      1.0305           0
-0.019463    -0.52827    -0.24906    -0.27323     -1.7173    -0.10659     -1.0516      1.7061           1
-1.0814     0.32821      0.7091      0.4928    -0.36888     0.33712    0.039582     -1.4923           0
-0.1079      2.0552      1.1416     0.58432     0.53425      1.7897     0.84051    -0.70577           1
0.81132    0.057118     0.16816    -0.56139     -1.0607   -0.079226     -0.3968    -0.13796           0
0.26381     0.73096      0.7549     0.28402     0.98835     0.67938    -0.32342     -1.1146           1
2.6002     -2.6853     -1.9282     -2.1182     -2.2949     -1.9716     -1.7173      2.1061           0
-0.45218     0.68102     0.65266     0.94083   0.0012974      1.0932      1.0033    -0.71579           1
0.22704    -0.16553     -1.1837    -0.20778    -0.50603    -0.96535    0.042828     0.61852           0
-0.58663     0.99684      1.3932      1.7524     0.31796     0.86289      2.4714    -0.47239           1
1.5003     -1.6041     -1.2851     -1.4652    -0.31796    -0.50529    -0.79876     0.60912           0
-0.10659    -0.05322   -0.022707    -0.35296     0.12226    -0.49867    -0.56443    -0.71244           1
-0.65025       1.294      1.9901      1.0316     0.30094     0.98835     0.37444    -0.73266           0
-0.1629       1.581      1.3076     0.34951      1.0699      1.4614     0.52529     -1.0184           1
-2.4714     0.97574      1.6816      1.9118     0.32479       1.414     0.51935     -1.7584           0
-1.1694      2.1369       1.777     0.74288   -0.038933      2.2772      1.0722    -0.99898           1
1.658     -1.6329     -1.7524      -1.294     -1.0861     -1.3966     -1.1516      1.3532           0
-0.093551      1.4845      1.3932     0.58124     0.94894      1.7404     0.58586     -1.0979           1
-0.45938    -0.72251    -0.74973   -0.025951      1.0539     -1.2225    -0.94996    -0.61069           0
-0.73946     0.42788     0.30706     0.28807    -0.69747     0.56595    -0.30978     0.43073           1
-1.217      2.0716      1.9901    -0.28267       1.128      1.5458      1.3404     -2.5306           0
-0.89535       1.572      1.3932      1.3309       1.291      1.2035      1.5856     -1.8729           1
0.80054    -0.24505    0.049972    -0.78456    -0.82218    -0.93881    -0.43643     0.41371           0
-0.31659     0.01038    -0.40595     0.28267     0.18661    -0.21839     0.17935    0.031143           1
-2.0499     0.13665     0.42717      1.5588      0.6843     0.41512     -1.0562     -2.3963           0
-1.5632     0.94894      1.1416      1.1342     0.69169      1.3864      1.7524     -1.6736           1
0.12618    -0.92878    -0.26448     0.10659    -0.52977    -0.13927    -0.41795     0.87996           0
-2.6002      2.7959      2.3426     0.85165      2.4448     0.62009      1.8438     -1.4577           1
-0.27727      1.3729      1.3932      1.3153   -0.018165      1.0054     0.83682  -0.0038923           0
0.24639      1.2851    -0.46226    -0.64386     0.58048     0.58432     0.28132    -0.21176           1
0.67449    -0.29755    -0.14911    0.014272     -1.1772    -0.77401    -0.59667     0.59049           0
-0.065567    -0.33712    -0.10007       1.291      0.2337     0.44357      -1.628     0.19718           1
1.4614     -1.0932      -1.383      -1.185    -0.50087    -0.41795    -0.93278       1.256           0
-0.08834     -1.0119     -1.0991    -0.62324     0.85538     0.12161     -1.9199    0.061017           1
-0.059067    -0.98413    -0.47602    0.087037     0.76182     -1.0076     -1.7404    -0.14452           0
0.065567    -0.85258     -1.0584     -1.7707    -0.49134      -1.334   -0.053869    -0.17211           1
-1.7117     0.56747     0.62403      1.4001     0.65507     0.35227    -0.16684    -0.52977           0
0.11442     0.98413       1.471      1.1122       1.334      1.6183     0.55835    -0.97366           1
-1.6379      1.0607     0.82127      1.5289      1.7288     0.89729     0.80772     -1.5856           0
-3.0799      2.0092      1.5437      2.6404      1.8438      1.2704      1.5901     -1.5165           1
-0.081829    -0.37584     0.72927    -0.32479    -0.10398    -0.51935     0.79341     0.24639           0
1.5501     -1.4614     -1.1391     -1.0768     -1.1746     -1.5632    -0.21441     0.12749           1
1.0516      -1.117     0.21906     -1.1982    -0.55987     -1.8805     -0.3125     0.99684           0
0.65829     -1.3061      -0.344    -0.80951     -0.8695    -0.94083    -0.59203     0.30026           1
1.3696      -1.217    -0.46226    -0.31932    -0.78986    -0.31659     -1.6232      1.7288           0
-1.3138     0.51638     0.95917      1.3277    -0.29349      0.6843     0.46805     -1.2475           1
-0.14189    -0.40172    -0.20115     0.22238     -0.1629      0.1079    -0.85351     0.38281           0
-1.6951      1.4539      2.5816      1.7464    -0.26919      1.7833      1.4001     -1.5948           1
-0.51786     -1.3864    -0.35503      0.4222     0.29552    -0.21707     -1.9626     0.42078           0
0.32342      1.5247     0.54476     -1.9199     0.73946      1.5544      1.1592    -0.83131           1
0.78456     -0.7828    -0.63669    -0.84051     0.21707     -0.2962    -0.11965     0.20645           0
-0.10463    -0.61225     -1.3898     0.31523      -1.228    -0.19454     -1.3532       0.387           1
-0.10137     0.20645     0.77576    -0.24505    0.057118     0.30842    0.076623     0.42788           0
-0.78633     0.34331     0.35779     0.33026      1.1003     0.44214     0.17211     -1.1668           1
1.777     -1.2881     -1.6896     -1.4105    -0.86666    -0.75835    -0.89535      1.9038           0
-1.294     0.85725      1.9901     0.92082    -0.62167     0.33987      1.1416     -0.6599           1
2.6404    -0.47094     -1.0584     -1.1541    -0.46805    -0.10007    -0.37166     0.38141           0
0.98624      0.2277     0.35779     0.11573    -0.53276    0.028547     0.36958    0.095506           1
-0.61774     0.13142   0.0084334     0.49867    -0.54928     0.30162      1.1491    -0.23704           0
0.70577     0.27053      -1.407   -0.046724      -1.014    -0.29349     -1.2851     0.50898           1
-1.0184      1.0861     0.56671     0.54175      1.4729      1.7006     -1.6632     -1.4105           0
-1.5856      1.2391      1.6064       1.014     0.75835       2.198     0.24906    -0.90703           1
0.49647     0.87044    -0.84792     0.43786    -0.43643     0.52827     0.13796    -0.93078           0
-0.43073     -0.5523    -0.84792     0.44071   -0.040231     0.64705     -1.1982     0.84051           1
-0.53575      1.7288   -0.022707     0.55532    -0.22904      1.3729    -0.71244   -0.033739           0
0.15961      1.0539     0.15501     -1.0861    -0.54476     -0.3968     0.37862   -0.058417           1
1.4001    -0.60444     -1.0584     -1.0722     -1.1074    -0.79164     -1.9118      1.6529           0
0.80412     0.51342     0.21906    -0.98413    -0.93781    0.027249      0.2091    -0.99684           1
1.2116     -1.2363     0.18595     -1.1491       -0.44    -0.23437    -0.13404      1.1617           0
0.599     0.89341     0.30706      1.0206     0.33163     0.73776    0.033739      0.2571           1
-1.036     0.83131     0.95917     0.98624     0.97574     0.98098     0.53276     0.36611           0
-2.1564      1.1707      1.1929      1.1798     0.54325     0.91884    0.029196     -1.0427           1
-1.0033     0.87614      1.1416      2.0394     0.49867      1.6428     0.32616      -0.606           0
-2.2602     0.74288      1.1416      1.8509       1.414      1.8959      0.3856    -0.39961           1
0.86666   -0.054519     0.47384    -0.18397    -0.50898   -0.048023     0.14714     0.30298           0
-0.72083      1.9408   -0.054519    -0.45362      0.3842      1.8509       2.374     -1.4614           1
0.02076     0.67286      0.3968     0.65186     0.61303     0.87996     0.75145    -0.63907           0
-0.70411    -0.46949    -0.47602     -0.3926    -0.32684    -0.80951     0.90312    -0.59513           1
0.20645   -0.033739    -0.26448     -0.3884     -0.5075    -0.30842    -0.24639       0.824           0
-0.04153   -0.049322      1.0011     0.91096     0.44429    -0.55079      1.0943    -0.32889           1
-0.5395    -0.75145    -0.37584    -0.51786      -1.469     0.23437    -0.84607      1.2008           0
0.075322   0.0025949      -0.344      1.0516     0.82036     0.69417     0.24639    -0.98413           1
0.054519    -0.62639    -0.48695     0.19718     -1.3092    0.077924    -0.58124      1.0562           0
0.18397      0.9368      1.3076      1.5023     0.17606      1.0228      2.0191    -0.96329           1
1.2035    -0.70245     -0.6983     0.17738      -0.606   -0.085735     -1.1268     0.16224           0
0.13927   -0.085735     0.25308     0.11442    -0.69169      0.2317   -0.077924    -0.74459           1
0.46949     0.19454     0.85632   -0.070118    -0.72083     0.16684    -0.46226     0.78103           0
-1.4193     0.19057     0.54476      1.3532      2.1182     0.67449    0.098765     -1.2335           1
0.56291      1.8094       1.471      1.2763       2.228      1.6736      1.1122    -0.44357           0
-0.54476     0.16158    -0.72589    -0.70245     0.69913    -0.83498    -0.95507    -0.32342           1
-0.18067   -0.011028     0.85632     0.45938    -0.61069    -0.10268     0.59667     0.14583           0
0.87519    -0.02076    -0.64465    -0.50161    -0.58278    -0.33987    -0.64705    -0.24371           1
-0.25844     0.41795     -0.7828     -1.4211    0.059067     0.17606     0.11312     0.26247           0
-1.3138      0.6359      0.2038       1.469     0.74373      1.2851    -0.29755    0.066217           1
1.3966    -0.32752     -1.5588     -1.0054     -1.0979     -1.8094     -2.0828     0.41653           0
-0.98835      1.7833      0.6843     -1.5124    -0.46226     0.65507     0.44931     0.68758           1
1.7464     -1.2532    -0.97679     -1.2675     -1.2475     -1.1955     -1.5003      1.5856           0
-1.2763      1.8655      1.6816     -1.3372     0.65668     0.55381      1.6041      1.3565           1
0.4565     -0.7463    -0.76182    -0.55079     -1.1902    -0.64705    -0.62797      1.1098           0
-0.32205    -0.12226    -0.68348    -0.45938    -0.57052    -0.80592     0.22371      1.1902           1
0.47966     -1.4502    -0.21242    -0.37584     0.33712     -1.1592    -0.67449     0.20446           0
-0.35227     0.27997     0.72927   -0.031143    -0.65266  -0.0077846     0.82036    -0.16618           1
1.291     -1.9808     -1.9366     -2.6853     -1.9808     -2.1837     -1.3031      2.4714           0
-0.76703    0.050621     0.33026       1.723     0.82857     0.75835    -0.57817   -0.013623           1
1.3372    -0.86101     -1.3729    -0.66313     -1.5043     -1.0427     -2.9571      1.3404           0
0.75145    -0.43073    -0.71328    -0.88955     -1.0791     -1.0768    -0.84792     0.58201           1
0.19321     -1.2419    -0.50898    -0.31659     -0.6884   -0.042828     -1.5588     0.74459           0
0.54777   -0.097461    -0.26448    -0.26381     -1.0562     -0.1537     -0.5075      1.2252           1
1.2733     -1.4923    -0.63669    -0.97366     -1.1391     -0.7352     -1.5994     0.97157           0
-0.6843    -0.40524    -0.58355      0.6843     0.30434     -1.0011     -2.0499     0.66799           1
-0.45722     0.70245      0.7091     0.98203    -0.48695     0.70744    -0.32205     -1.2532           0
-2.4999     0.95917      1.8692      1.4035     -0.1079     0.72758      2.1305     -1.8509           1
0.74117     0.22371   -0.054519    0.012975    -0.16027    -0.44931    -0.15107     0.33644           0
-0.38002     0.32069      0.7091    -0.18529     0.54476     0.10659    -0.36195  -0.0077846           1
1.1694    0.024654    -0.79965    -0.75317    -0.83867    -0.69252    -0.35503     0.63272           0
-0.59823     -1.0768    -0.47602      -1.117   -0.068818    -0.28267    -0.37027     0.53425           1
-0.78103     0.40665     0.89438      1.3696     0.57817      1.1183    0.031143     -1.2733           0
-1.4465     0.76529     0.35779     0.72589     0.51638      1.1098     -0.2091    -0.64386           1
-1.5415      1.0427      1.3076     0.64226      1.0471     0.56823      1.2089    -0.49573           0
-1.4577     0.85351      1.9901      1.3184     0.71077      1.0884      1.8729     0.10398           1
0.24505     0.20248     0.47384   -0.019463    -0.88763    -0.33575    -0.41512     -1.2116           0
-1.4105     0.64865     0.21906      1.5023      1.2143     0.70994     0.19784    -0.63431           1
2.3963     -2.4448     -2.0291     -2.1837     -2.6002     -1.9808     -1.4355       1.628           0
-0.88187     0.60756      0.9238     0.92679      1.2763      1.1146     0.46949    -0.87614           1
-0.3125    -0.18793    -0.73861    -0.53725    -0.17079    -0.24772    -0.31796   -0.066217           0
0.53276     -0.1985    -0.11442     0.27727    0.032441    -0.48695     -1.2335     0.75145           1
-0.77927    -0.37862     0.08834     0.12488     0.51268    -0.77226    -0.54476     0.24104           0
0.28402     0.69252    -0.71328     0.22504    -0.84421     0.10529     -0.1092     0.84978           1
0.2618     0.34331     0.52306     0.32752      0.3863     0.30978     0.50603    -0.14583           0
0.99259      0.2504     0.62403     0.29891    -0.97157    -0.26113  -0.0012974     0.69005           1
1.9626      0.3856       1.777      1.7006    0.048023    0.068818    -0.52977     -2.8672           0
0.94083    -0.29891    -0.18661     0.19057     -1.1146   -0.067517     -1.2792     0.40243           1
1.297     0.45506     0.65266     0.74459     0.21308     0.13011     -1.1772     0.72927           0
0.69417     -1.3246     -1.2881     -1.0316    -0.50308     -1.6428     -1.6041      1.4806           1
-1.5901      2.0943      1.8692      2.1837      1.6951      2.1369      1.7584     -2.1061           0
-1.6088     0.58124       1.471     0.70577     0.40243     0.89341     0.85725     -1.1503           1
-0.30162  -0.0038923     0.42717     0.25442     -1.2008    -0.20645           0    -0.73946           0
-0.34124     0.29891      0.2038    -0.14845    -0.71915    -0.34675     0.14845      0.1675           1
0.34882    -0.96329    -0.62797    -0.05322     0.46371    -0.27997    -0.82765     0.33026           0
0.91687    -0.80054     -1.2792    -0.16553    -0.90118     -1.7346    -0.92878     0.76703           1
0.71999    -0.90508    -0.26448    -0.27053     0.20645    -0.93479    -0.27862     0.22238           0
-0.63431      1.2335      1.2405      1.7833      1.9716      2.4448      2.3133     -1.4211           1
-1.0908    0.019463     0.60522     0.56139      1.5043      0.5523    -0.23037     -1.1074           0
-0.11704    -0.21707    0.049972    0.080527   -0.090294    0.050621    -0.79164     0.34675           1
0.03309    -0.45794      0.3968     0.53425      0.3091      0.3057     0.97366    -0.89729           0
-1.0699      1.4123     0.72927      1.1416     -0.7549      1.0653     0.80951    -0.52232           1
0.44644     0.12357     0.45218    0.079226     -1.0033    -0.45794     0.33163    -0.79519           0
-2.1837      1.0814     0.62403      1.4484      1.2881       1.723   -0.080527     -1.5544           1
1.7061     0.33026     -1.6843     -1.3932     -1.6183    -0.57358     -1.2197      2.2602           0
0.57971    -0.32889    0.025951    -0.58894    -0.42646   -0.031143    -0.12226     0.89729           1
0.14058   -0.050621     0.42717    -0.20513    -0.13796    0.064917    0.070118      0.1537           0
-0.44716    -0.24104     -0.6983     0.41371    -0.41795     -1.4539    -0.21574    0.035038           1
2.0828     -1.2116     -1.6632     -1.7346     -1.7833     -1.7288      -1.407      2.0092           0
0.97366     -0.2962  -0.0090821   -0.093551     -1.1592    -0.55381    -0.61382      1.4176           1
0.7242    -0.91687    -0.79253     -1.5948     -1.2252    -0.57052     -1.1929     0.31659           0
1.1292     0.38281   0.0084334    -0.24906    -0.75145     -0.1288     -0.4972      1.5544           1
-1.407     0.75317      2.3426      1.9716      1.8805      2.0716      1.2447      -2.374           0
-2.8672       1.297      1.3076     0.78633      2.0394     0.82036      1.1798     -1.6232           1
-0.027898      1.9282     0.95917     0.75145     0.59049      1.8582     0.41088    0.081829           0
0.92679     0.40524      0.6843   -0.032441  -0.0019461    0.092248    -0.57511     -0.2038           1
0.69087     -1.9451    -0.40595     -1.3763     -1.1955      -1.025    -0.29213     0.63431           0
0.68102    -0.19454   -0.054519     -0.4565    -0.96329     -1.4105    -0.44787     0.31114           1
0.50603    -0.10268     0.14452     0.15239    -0.95917   -0.035038    -0.70494     0.54928           0
-0.50161     0.62956     0.72927     0.51786   -0.012975     0.72251     0.28402    -0.83867           1
-0.42504       0.606      1.9901     0.97993     0.58048     0.94083     0.81132    -0.67124           0
0.35987       2.385     0.95917    -0.16816    -0.27188     0.58586      1.1668     0.45506           1
0.55684    -0.84792     -1.3932     0.21972    -0.92281     -1.0722    -0.07272     0.66152           0
-0.44      1.4465       1.471      1.4767      1.4428      1.3372      2.1182    -0.48549           1
1.1026    -0.88955     -1.3983    -0.68266     -1.2821    -0.88955    -0.82948    -0.11704           0
-0.96846     0.12749      1.2405      1.1824     0.71244     0.59049     0.73435     -2.4198           1
0.84607    -0.56443    -0.76182     -0.9368    -0.99684    -0.81222     -1.0745      0.4782           0
1.1929    -0.87044    -0.23837     -1.3565     0.22504    -0.94691   -0.096158     0.63748           1
-1.4428     0.50308      0.7549     0.86289     0.62245     0.99047     0.34951    -0.37723           0
-0.42646    0.036336    0.025951   -0.084433   -0.084433    -0.12226     0.20513    0.092248           1
0.26583     0.86477   -0.077274    -0.96742    -0.80592    -0.34262    -0.51046     0.46515           0
-0.63114      2.0394     0.85632    -0.42504    -0.01038    -0.36611     0.52083      0.2397           1
-1.172      1.2475      1.1929      1.9038     0.74117      1.1541     0.67286    -0.65829           0
0.40383      1.4729      0.7943     0.32342    -0.20513      1.5247     0.71747    0.024654           1
-0.34813     0.18133     0.52306     0.45794    -0.33781     0.84607    -0.23637     0.22105           0
0.44071    0.068818     -0.6983     0.12226     0.19189    -0.34537   -0.037634     0.26113           1
-2.0191     0.85913      1.1929      1.3966     0.27997      1.5124      1.1746     -2.0716           0
-1.8161      1.6183       1.471   -0.085735      2.7959     0.92878     0.64067    -0.55684           1
1.2062    -0.52529    -0.29687    -0.53425      -1.581    -0.95917    -0.69913      1.4465           0
-0.71412     0.89923       1.777     0.93278      1.0873       1.658      0.6359    -0.21574           1
-1.6135      1.5415     0.95917      1.2391     -0.3057      1.4577      1.8655     -2.0291           0
1.7404     0.14714     -1.4845    -0.78721     0.37166     0.74459    -0.25844     0.77576           1
1.383    0.089642      0.3968    -0.28604    -0.27592    -0.41937    -0.31932     0.17474           0
-1.581      1.7584      1.6064      2.4714      1.7346      2.6404      2.0499     -2.3528           1
0.85913     -1.0516    -0.96329    -0.65186    -0.61695    -0.60289    -0.72927     0.91687           0
0.27997     0.02076     0.49867     0.87234     0.37027     0.26919   0.0090821    -0.77314           1
1.1003    -0.58048    -0.30706    -0.28604     0.38141   -0.050621      -1.036     0.36333           0
-1.6896     0.45794      1.3076      2.1698      3.0799      1.9199     0.47966     -2.7959           1
-1.2733    -0.73776     0.23637     0.54325     0.48549    -0.27323     -1.1403    -0.23303           0
-0.57971    -0.10137     0.89438     0.36056     0.76703     0.73435      0.6599    -0.95302           1
-0.094854     0.10007      1.0011     0.16158    -0.41937     0.01038  -0.0025949     0.43928           0
-0.46371      0.3954     0.72927    0.071419   -0.083131     0.45506    -0.59358    -0.66313           1
0.71077    0.064917     0.95917     0.45506     0.50014     0.70411   -0.084433     0.01038           0
-0.50898      0.7549      0.7943     0.53276      1.9808     0.54175    -0.40243   -0.025951           1
0.4666    -0.38141    -0.88187    -0.77752     0.34675    -0.52381     0.15107     0.32069           0
0.73096     -1.1617    -0.67693    -0.32342    -0.27862    -0.85165     -1.4211     0.95507           1
1.5415     -2.1837     -1.9901     -2.1698     -2.2438     -2.2127     -1.6479      1.9901           0
-1.1098      1.3388     0.85632     0.29078     0.98413      1.2821     0.78986     -1.0814           1
0.61852    -0.40665   -0.077274     0.33301    -0.57971     0.47239   -0.049322      1.0653           0
0.25308    -0.44357    -0.21242     0.24238    -0.84607    -0.17079     -1.8509     0.70411           1
-0.77226     0.18397   -0.077274     0.21441    -0.94285     0.22238       1.777    -0.31796           0
-1.4283     -1.0814     0.60522     0.35089     0.63272    -0.18265     0.21574    -0.71915           1
0.22704    -0.31932   -0.090945     0.41795    -0.97366   -0.012975   0.0077846     0.19454           0
-2.1182      1.0494     0.95917           1      1.3864     0.88955      1.3046    -0.92679           1
-0.079226    -0.77489    -0.20115    0.045426    -0.62639     0.13665    -0.61695     0.62167           0
-1.105     0.49427      0.7549      1.0054      1.2574     0.75662     0.15633     -1.5003           1
1.0607    -0.57511      -0.344    -0.87614     -0.6843    -0.34951    -0.18265     0.60133           0
-1.2293     0.17342     0.58894      1.3436      1.5331      1.6951    -0.67205     -1.7897           1
-0.67286      1.2225      1.0011      1.4319    -0.37862      1.7288     0.94387   -0.076623           0
-0.76529      0.4565     0.42717     0.25978     0.30298     0.36611      0.4666      -0.344           1
1.2574    -0.80412     -0.9002    -0.47675     -1.3597     -1.4963     -1.4729      1.2447           0
-0.029845      1.3932     0.52306      1.2225    -0.26113   -0.075322     0.13142   -0.070769           1
0.0019461     -1.3277    -0.84051      -1.014    -0.36056    -0.37584      -1.117   -0.037634           0
0.087037     -1.3092     -1.4652    -0.46805    -0.26247    -0.35503     -1.6896      1.4577           1
-0.83407      1.4767       1.471    -0.62009     0.97157       1.105      1.6684    -0.97783           0
0.11834     0.25308     0.65266   -0.027249    -0.54025    -0.48111     0.52977     0.41088           1
0.14714     -1.4035     -0.5928    -0.57817    -0.41088     -1.3597      -0.541    -0.29078           0
-0.27457     0.19718      1.2405      -0.435    -0.26381     0.17211     0.53126      -0.435           1
0.79519    -0.93479    -0.60289    -0.64226    -0.60055      -1.777    -0.45074      1.2532           0
0.10659    -0.01557     0.52306    -0.19718    -0.70411      0.2357     0.29213    0.040231           1
0.15107     0.82309      1.1416      -1.297     -1.1643   -0.016867      1.1929      1.4923           0
-1.4035     0.72589       1.471      1.0097     0.19321     0.99471     0.62482    -0.61695           1
1.6088      -1.572      -1.628     -1.4428      -1.297    -0.95507     -1.1146       1.723           0
-1.3404    -0.76182    -0.18661     0.45218     0.46226   0.0077846     -0.9602      0.1432           1
0.029845      0.1079      0.7549     0.25576    -0.64386     0.32342    -0.55987     0.54175           0
0.76442   -0.062317     0.60522    -0.98835    -0.12488   0.0064872    0.059717    -0.59203           1
0.57511     -0.3968    0.049972    -0.76877     -1.2675    -0.57971    -0.29891     0.23704           0
-1.2391      1.6088      0.6843    0.062317     0.81132      1.4319     0.18661    -0.85913           1
0.91489     0.30706    -0.94184      -1.363     0.34537      0.2397    -0.28402     0.79164           0
-1.2252     0.62639      1.3076     0.83498     0.41229     0.52083     0.34537    -0.89923           1
-0.75662    -0.22637     -0.5928      0.4565     0.94184   -0.049322    -0.71412     -1.1617           0
0.47602    -0.12095    -0.67124    -0.57358    -0.34813   -0.044127    -0.47966    0.025951           1
-1.2617     0.38141     0.47384    -0.38002     0.42788     0.44071     0.10007    -0.93479           0
-0.93078      3.2808      1.9901    -0.42291     0.92082      3.0799      2.0943    0.046724           1
-2.374      1.7739      1.2405      1.8729      1.1026      1.7707      1.7962     -2.2602           0
-1.3215    -0.41653     0.42717    -0.15107     0.81493     0.14976    -0.22504    -0.20513           1
-0.54175     0.92679     0.30706     0.89923   -0.028547      1.0516    -0.12095     -1.3864           0
-0.88379     -1.8438    -0.87139    -0.23037     0.27188      -1.658     -2.4714    -0.51194           1
0.15764    -0.55684    -0.62797     -1.2733    -0.47384    -0.33438     0.48768    0.023356           0
-0.15501     0.13927      0.7943     -0.1629     0.24371     0.13273     0.54025    -0.86101           1
0.19454     0.38002     0.33026   -0.098113    -0.71244    -0.16421     0.40102    0.017516           0
-0.62324     0.39821     0.47384     0.31114  -0.0038923     0.51194     0.15895    -0.91489           1
0.66152      -0.387    -0.10007    -0.62718     0.43928     -0.7463    -0.96742     0.79697           0
1.5901     0.41371    -0.12618     -1.0228     -0.9695     -1.1268     -0.2766     0.80233           1
0.013623      2.2686     0.42717     0.11834     0.83315      2.1837    -0.84978    -0.36333           0
0.36472     0.41937     0.58894       1.163  -0.0064872      0.6359     0.28807      0.1288           1
-0.25241     0.03309     0.45218   -0.075322    -0.43073    -0.15633      0.4565     0.42362           0
0.28942    -0.22105     0.18595     0.30434   0.0090821     0.34262     -1.8582     0.65829           1
0.07272    -0.62324     -1.0687    -0.47384     0.75576     0.62482    -0.75835      0.8304           0
0.34537     0.84236      1.1929      1.6632     0.48111     0.32752      1.5994   -0.054519           1
1.723     -2.1698     -2.1061      -2.198     -2.1837     -2.1182    -0.93078      2.1182           0
-0.1288      1.1074     0.82127      0.4753     0.52827       1.628       1.117    -0.21972           1
0.14976    -0.54701    -0.21242    -0.63907     -1.0054    -0.22172      -1.025     0.92878           0
-1.8881     0.62009      2.2053      1.4428      1.3153      1.0382      1.8367    -0.81312           1
-0.64545    -0.33026    -0.23837   -0.024654    -0.36749    -0.60444     0.62797    -0.73776           0
0.15961      1.2617     0.08834     0.13927     0.10268     0.11834     0.76355   -0.022058           1
-1.8297     0.98624      1.5437      1.5676      1.0097      1.3468      1.0338     -0.3954           0
-2.3528      2.5469      1.3932   -0.035038     0.95711      1.6135      2.0716     -1.9038           1
-1.5676      1.8881     0.95917     0.59978     0.76529      1.7584     0.26717    -0.65507           0
0.57281     -0.4782    -0.94184   -0.057118    -0.47966    -0.57664    -0.82583      1.0382           1
0.68758    -0.85913    -0.37584     0.43215   -0.075322     -1.2363    -0.78633     0.52455           0
0.27457   -0.055818     0.47384     -0.3856    -0.45074     0.37584     0.56443     0.49573           1
-0.82036    -0.42504      1.0943    -0.58586     -1.8805    -0.82036     0.90118     0.20778           0
-1.1863      0.3057    -0.91292    -0.63114      2.0716    -0.21972    -0.81493    -0.28807           1
1.1982    -0.38281     0.12226    -0.45074     -1.2851    -0.29484  -0.0071359     0.64545           0
0.29484    0.097461     0.65266     0.45362    -0.67286     0.74801       1.217     0.67042           1
0.37723     -1.1195    0.038283    -0.31114     0.67775    -0.12488     -1.2008    -0.23103           0
-0.21441     0.13273    -0.40595     0.84236   0.0038923     0.29078    -0.31523     0.16421           1
1.6232    -0.53725    -0.87139    -0.84792    -0.94691     -1.1982     -1.3729     0.44644           0
-1.4845      1.2503      1.9901      1.0294      1.8729      1.0097      1.5083    -0.65025           1
-0.36611    -0.81855    -0.10007    0.019463    -0.64865   -0.054519     -1.5765      1.1416           0
-0.2317    -0.14714  -0.0090821    -0.21043     0.22371    -0.60756    -0.71747    -0.53725           1
0.31796     0.70744     0.89438     0.44357      0.7369      1.0316    -0.11573    -0.52529           0
-1.4392     0.90508      3.0799      1.2503      0.6099      2.0828      1.7464      -1.297           1
0.36611    -0.67124     -0.7828    -0.93278    -0.28875     -1.4035     -1.0979      0.1985           0
-0.32069    -0.69417     0.27862    -0.11573     0.47602    -0.17738    -0.28875     0.40032           1
1.0768      1.5948     0.58894    -0.96535     -1.0076     0.26247     0.93881     0.50455           0
-0.42362     -1.0791     -1.2102    0.070118    0.059067    -0.77752    -0.88955     0.15895           1
0.63907     -1.2646      -1.363    -0.54626     0.07272     -1.4211     -1.2238     0.32616           0
-1.4652      1.3246      1.3076     0.51935      1.9451      1.0979     0.77401      -2.198           1
0.94488      -1.228    -0.67124      -1.025    -0.10659    -0.88187     -0.1432     0.13273           0
0.31659     -1.2475     -1.5352     -1.1902     0.20049    -0.54626    -0.22371     0.55987           1
0.32479    -0.60289    -0.44143    -0.24772    -0.13927    -0.58894    -0.19388     0.77401           0
0.5149   -0.098765     0.33026     -0.2571     -1.0449     -1.1929    -0.40947   -0.093551           1
-0.11442      0.9695    -0.21242     0.41229      -1.172    -0.15501      1.3729     0.36056           0
-0.087037      0.6599      0.6843     0.34675    -0.72927      0.7463     0.99259   -0.048673           1
0.29349     -1.1026     -1.1681     0.34124    -0.65025     -1.3153     -2.6002      1.2617           0
-0.068818      0.4753     0.10463     0.16947    -0.37305           0     0.14452    0.079226           1
0.22172     -1.3966    -0.10007     -1.2143    -0.18925     -1.3031    -0.50898     0.11769           0
-0.29484     0.26919       -0.32    -0.10007      0.1985     0.11442     0.80233   -0.061017           1
-0.47384     -0.6599    -0.68348    -0.46299    -0.89729    -0.32752     0.31796     0.28672           0
-0.18925      2.6002      2.3426   -0.079226    0.046724      1.5206      1.9451    -0.18133           1
-1.4319     0.78986     0.82127      1.0184   -0.016867      1.5948     0.29484      -1.217           0
0.01557      0.7463     0.85632      1.0494     0.81855     0.53126      1.0404    -0.18925           1
-0.44357     -1.8805    -0.47602    -0.70577   -0.048023    -0.77927     -2.1698      1.2197           0
-1.6529     0.78809      1.5437      2.0716      2.6853      1.6684      1.4963     -1.9901           1
0.059717      1.6789      1.3076     0.10137     0.13534      1.9282      1.2116     0.61382           0
-0.46805    -0.41512   -0.077274      1.8229     0.22105     0.68922     0.71579    -0.96535           1
-0.13404    -0.27053     0.33026    -0.29891     0.28672     0.13404    -0.35779    -0.10659           0
1.1516    -0.46805    -0.72589     -1.0427    -0.88955    -0.30298     -1.0471     0.30842           1
-1.5165     0.83775       1.777      1.0791     0.30706      1.3215     0.30026    -0.94488           0
0.86855      1.0338     0.58894     0.30842     -1.5994     0.27727   -0.081829   -0.081829           1
1.1643    -0.84236    -0.79965     -1.2447     -1.3372     -1.0228    -0.87996      1.4319           0
-0.69747     0.73266    -0.10007     0.48111      1.0272     0.94488      1.4729    -0.41795           1
-0.35779     -1.4158     -1.2391    -0.67449      -1.036    -0.98413    -0.48622     0.91489           0
0.13469    0.031143     0.23637    -0.40947    -0.68102    -0.34124     0.37584    -0.31523           1
1.4963    -0.19189     0.16816     -1.3215     -1.9626    -0.85351    -0.58586     0.59978           0
-0.52977    0.083131    -0.67124    -0.21574      -1.291     0.89148    -0.20645    -0.66799           1
-2.7959     -1.6736     -3.2808     -2.6404     -3.2808     -1.8582     -3.2808     -2.2949           0
-0.2038     0.50603      1.1929     0.57052     0.65186     0.43928  -0.0071359    -0.60756           1
0.50087    -0.61852    -0.33301    -0.46299    -0.22504    -0.50898    -0.46805      1.6207           0
0.82127    -0.66961    -0.49793    -0.30978     0.19057  -0.0064872     0.43073     0.12618           1
1.3277     -1.3215     -1.7584     -1.1772    -0.45218      -1.469    -0.80054       1.469           0
-0.13993    -0.32069    -0.18661     0.17869     0.13142     0.15107    -0.38002     0.40947           1
0.394    -0.45506    -0.46226    0.083131     -1.0814   -0.089642     -1.1003      1.4283           0
-2.1061      1.1268      1.6816      2.1182      2.2127       1.228      1.2197     -1.8438           1
1.7288    -0.59978     -1.8263    -0.72251     -1.3122    -0.39821     -2.5638       1.383           0
-0.90508      1.3436      2.5816     0.88763     -0.1432      1.0722     0.74202   -0.084433           1
-0.19454    -0.86666     0.52306    -0.80054  -0.0051897   -0.046724     0.42646     0.19983           0
-1.2589     0.66961     0.95917      1.6183      1.5083     0.22637     0.95917    -0.43358           1
0.78633    -0.58586    -0.24906    -0.73605     -1.1668     -1.4247     -1.1219     0.67938           0
-1.7707     0.43928      1.0011      1.2143      2.2438      1.1466     0.07272      -1.628           1
0.74973    0.061017       -0.32      1.0382   -0.062317    0.042828     -1.2589     0.57894           0
-0.13796    -0.64226     -1.1441    -0.18793     0.16684    -0.64865    -0.53126     -0.1079           1
-1.35      2.5469       1.046      1.3898    -0.97993      1.8655     0.83867     -1.8229           0
-1.5373      1.8881      1.6064     0.64386      1.0562      1.6632       1.581     -1.0699           1
-0.69087     0.65507     0.82127      1.3763      0.5075     0.61617   -0.053869     -1.2447           0
-0.25241      1.5901      1.3932      1.1466    -0.66313      1.1643      1.7404     -1.3122           1
1.2475    -0.67938     -1.4884     -1.0119     -1.2447     -1.1292     -1.3153      1.5501           0
-0.51935      0.7242     0.42717     0.60133  -0.0019461      1.1772     0.18265     -0.1537           1
