0.7939718869705548	0.177138309208702	-2.856635192871771	0.0
-0.6049201282718837	-2.209227658510193	0.42636935546454313	0.0
0.47954944083090345	1.130551659899501	0.967067260527125	1.0
-1.4362667387337011	-0.15330184378947176	-1.4573676799326707	0.0
-0.5520731337243161	0.9254356591649195	0.49216393971066064	1.0
1.0809354684030532	0.7147385759583936	-0.23571595013519464	1.0
0.11710669259356787	0.7304073930519517	1.6384429430229601	1.0
-1.1374934710198217	-0.7838789810776422	-1.4686517860725874	0.0
2.162152108814086	1.7325288733518356	1.8130863277783456	1.0
-2.4095772187375255	0.45027808485840226	-1.8096155156178297	0.0
-0.4701758331291611	-0.5657663975246208	-1.1768007390571071	0.0
0.19324774275162493	0.6413174633886793	0.292237144712971	1.0
1.05743702058358	0.7008175611171866	0.2938955358916453	1.0
0.8634352558526588	0.6976280280169732	1.4360548446479884	1.0
-1.4862274230169794	-0.7337207505959515	-2.67831692981808	0.0
-1.5620812277212304	-0.48229095508242026	-1.0474540299326247	0.0
1.4042484450153072	1.3466445673269107	-0.9880356458220436	1.0
-0.052808884027231606	1.0514066055566826	1.6269679313144025	1.0
1.2182751768500502	1.041620219549179	0.13427369043017512	1.0
2.119268810350257	0.9927184350589535	2.437552340855466	1.0
-0.5951293521085106	-1.2173876562060038	-0.5316267305052677	0.0
0.5012206087104583	-1.49719128593728	-1.1328233181348797	0.0
-2.002869093752947	-0.9072117234308876	-1.2592013991464364	0.0
1.9070924470052635	1.4994286590684538	1.8257342756991872	1.0
-0.6903496000792373	0.518492275428349	2.8007173504185943	1.0
-0.36125540220134	-0.7390189712702635	-1.2624733456418942	0.0
-0.45176649734053254	-1.388728532889447	-1.0284165244885781	0.0
-0.5861541798420022	-0.6256708416626302	-1.2603560169421517	0.0
-1.1768966886273788	0.02015651561338805	-0.6962063283826675	0.0
0.971658035035059	0.5508188523301076	1.4101160968808995	1.0
-2.6811094999945224	0.5690426298870053	-2.995707768781808	0.0
2.2443940078889444	1.3045107908871325	0.5997237027148341	1.0
1.2964204252324634	1.170266121399159	1.7699512753367017	1.0
0.47846963095449924	0.7012328451799104	0.9916360921733529	1.0
0.07342607220984199	0.7571545400007341	0.6581801558001441	1.0
0.45139423734351625	0.8765402567205929	0.45954387082455017	1.0
1.0401470428333217	1.1012811396217035	0.9251452810470813	1.0
1.8076850930753379	1.548827557476324	2.6568648306597944	1.0
0.7531677184094011	1.110205720694295	2.2360548416555313	1.0
-1.233312012450753	-0.17924799502420652	-1.760522608316228	0.0
-0.3470261709179343	0.843664180598487	2.0166459267573096	1.0
1.4122513313890646	0.8867919267449491	0.7011185545196739	1.0
2.973580211632221	1.5518236031195305	2.582651127221207	1.0
1.935970963950988	1.1967599571617589	1.1529892325396085	1.0
-1.5798379487936236	-0.7320595661628121	-1.183724507149085	0.0
1.6871447667246562	0.8192391590684251	2.5643176617124643	1.0
2.461724026733515	1.3329402006142945	0.1438000875343477	1.0
1.4169756792681263	1.0673463719472622	2.090155801398434	1.0
-0.43346718303629816	-0.7640277905806677	-1.5589350463571434	0.0
-0.7784409940816922	-1.1956885292495258	-1.2404428014149202	0.0
-1.7357372650346599	-0.4283966393105446	-1.4962086544060944	0.0
1.156544946886982	0.8096213850212423	0.7511365159338912	1.0
-0.01484916700669614	-1.9659065900775519	-0.22782338993149964	0.0
1.133043630912191	0.6828812680956493	0.45482473174078764	1.0
0.013101018478828386	1.1429102736206782	2.22053573805914	1.0
-1.9814437858076714	-0.4693307611991191	-0.8023665165530087	0.0
-1.2908348839488935	-0.16687538609598784	-2.0080121579229955	0.0
0.6632963797502699	0.9835413863900163	0.9345435146614889	1.0
-2.533025097411654	-0.578042038793684	0.3334981298101767	0.0
3.8456772003886854	1.812648916202515	1.5977598622943145	1.0
-0.5902153544740483	0.2401193354593505	-0.4747630920853605	1.0
-0.6040240056491164	-1.68457372048602	0.7058003285651877	0.0
-0.5208939001913062	-0.000875452054727166	-2.2256842342890772	0.0
0.7507687025330484	0.3108373032033669	1.2469740360743602	1.0
2.2399038845605235	1.3994565974139241	0.6998754645225369	1.0
-0.22629937957289625	-1.4546439540786469	-2.224873624107005	0.0
-0.9193918265173185	-0.40514315775751775	-0.7524833556277651	0.0
1.737425869133461	1.0639757194806845	-0.5990587291465475	1.0
0.47656424457956126	1.3957560185880293	3.4023951437450055	1.0
-0.4019997112907341	0.7542112178668432	1.1755808512557298	1.0
-0.7153692545005341	0.5469812822179703	1.1971992715704163	1.0
-0.662597744237269	-2.243225583948857	0.9252628965836083	0.0
-1.2731966296242394	-0.6478515082847028	-0.8263048120109261	0.0
0.6715107019587065	0.7913648051501373	0.975457969944589	1.0
1.459175043511579	1.1412231755980378	-0.5422969601720897	1.0
1.6041347628362526	1.0844716260211311	1.7798179386115345	1.0
-0.6798505197156783	-0.9144436392555635	-1.5034082266312305	0.0
-1.3605252704107957	-0.654648760904022	-1.2882438781372791	0.0
1.2573854908023872	1.2602299681262354	0.3514119693181693	1.0
-0.4471066111295019	0.6079279070238406	1.6209204516622848	1.0
-1.4526928549375957	0.5880680013244675	-2.8788586931347693	0.0
-1.899635903121435	-0.8607802259491926	-0.5894819838187695	0.0
-1.4318116827112797	0.011555320328148433	-1.34693912847145	0.0
1.654467152607221	1.0835597246044517	1.430680549448091	1.0
1.2803836385126364	1.1661307633540337	1.7972470534924738	1.0
0.24441615687697626	0.9459245469050286	0.9802401632813036	1.0
-0.02676077971776336	-1.171081114219265	-1.557145245035609	0.0
-0.292603247127457	-1.8644089788890565	0.5396810397868137	0.0
-0.3687753419351638	-1.1020587613811639	-1.8976342658521554	0.0
-1.9542070881128404	-0.3687753590929943	-0.8344395980702803	0.0
-0.36074976153736293	0.6463222125474981	0.07557254648899392	1.0
0.39711379569665795	0.8072970048934474	0.9603441658425133	1.0
1.4799722688488333	1.1980529986863848	2.677532088275527	1.0
-1.3473420859750607	-0.10606335139104439	-1.8688933004751906	0.0
-0.20261326642178568	-0.759281289544661	-1.7513534547352814	0.0
1.3149048113100086	1.3630947788406056	0.8198746450332599	1.0
-1.4526269709202688	-1.5632893275122215	-1.4292287850333492	0.0
-1.3716977999281104	-1.0837928861153219	-1.2409740166204353	0.0
-0.27218480827227776	-1.1616954615454747	-0.6539891022996236	0.0
-1.375872717311573	-0.7809666020769142	-0.06856815352258028	0.0
-1.6999361828935773	-0.8843867749403356	-1.2911027692139645	0.0
0.24736620364625883	0.9377097672038874	1.8235908392154079	1.0
1.2787044455093801	1.114596890188115	0.008615927958092406	1.0
1.6062369253934405	1.245519606348806	-0.8951069417570425	1.0
0.9305369086872238	0.9812720322683978	1.9121885841460797	1.0
1.9351428817844978	1.2441256216091905	1.2080382213718366	1.0
0.35884437487558785	-0.9359167084187197	-0.9460509398866216	0.0
0.2777031137001432	0.6759044311370022	0.752788990873544	1.0
-0.7355933687978515	-3.119223674815705	1.5233062417323255	0.0
0.19501515178878348	-1.3367453414538142	-1.5925090629481504	0.0
1.8638422396424414	0.8086351555001522	0.9962400934623641	1.0
-0.7448020926545618	0.08140492663369625	-1.3691607320510824	0.0
1.3994084466275392	0.9144004856475043	0.22279246670182706	1.0
-0.9461600189520616	-1.4646655491282339	-0.8915309762689887	0.0
-0.6373414889912067	-1.8915445401960211	-1.2860290248075568	0.0
0.46583394597402417	-1.559587799212439	-1.936659793341938	0.0
0.2548244396527216	0.6442912910600662	-0.5635758477100123	1.0
-1.0582390073952905	-1.0369882075283416	0.23667066816877713	0.0
0.05216432927159054	-1.2747904471790399	-0.8312401263780178	0.0
-1.2093558176566699	-1.0539295656086771	-0.9770423031757238	0.0
2.2053217876743223	0.7648135920040815	-0.578451558605112	1.0
-0.8647951031415351	0.36990146647336386	0.34941197302759486	1.0
-1.592086063450316	-1.3772438983925706	-0.8092298198175392	0.0
-1.5879812901211543	-0.47815794103351317	-2.4372389887766888	0.0
-0.7871033107950437	-1.0352830353157882	-2.0657172259926475	0.0
0.10318361615027016	0.23919844403818002	0.20195737741226016	1.0
0.514108961998457	0.9233711158516024	0.9646430607231715	1.0
-0.8963091406382776	0.08476868271415094	-2.7183099093842777	0.0
0.4538291835554731	1.1183984998396745	2.442833848227864	1.0
-1.6283207787051044	-0.46657441701904856	-1.1959275976587727	0.0
0.5472566306692381	0.9500963098756849	1.841367457887745	1.0
1.0636861104314936	0.8913359522716063	2.1935619645484086	1.0
1.65319502012961	1.0808929738040238	-1.317945493732834	1.0
-1.056393358643762	-1.2413346975013706	-1.471248681018439	0.0
0.2842971979664839	-1.7220993193768441	-0.6636903723238607	0.0
-0.8535185658155546	-1.6557076854910957	-0.4985526440750775	0.0
-0.925159633820355	-0.7614649309219537	-1.9792098701392646	0.0
2.6884299079381426	1.7321667046591465	0.3680095949383575	1.0
-1.5502216749469957	-1.605862400407835	-0.5084726218535336	0.0
-1.9091980742754808	-0.9223326689646781	-0.7285100842408867	0.0
1.2638025533602235	0.6841728216306073	0.501094912651477	1.0
1.0067477454551996	1.2938408579084828	0.9663155838338945	1.0
-1.9077024280669277	-0.23269658143188976	-0.6818967267286129	0.0
-1.0461644553256502	-1.1529528595933376	-1.8876215382423598	0.0
-0.52813850022354	-2.204008940786218	-0.9705712949666507	0.0
-0.5995332453903455	-0.23226152761403784	-1.8445401714404879	0.0
0.47813987701185323	0.7604283068109339	1.0721899881306003	1.0
0.17700923812197877	1.4695143924752936	0.8002304775844846	1.0
-1.1683994674500624	-1.658595732361435	-1.8679377454024948	0.0
-1.7798480916131085	-1.1318150430462313	-0.4183356626681902	0.0
1.1541157231067771	0.8134688848876015	0.671761657805813	1.0
-0.08487624047530895	-1.1449169671079373	-0.9862505224971643	0.0
-1.4935083723363323	0.6084939465247401	0.15835095224774232	1.0
0.41519904913287764	-1.8121750965582617	-1.117468946973487	0.0
-0.6999527650651995	-1.89267618103354	0.22960145827965217	0.0
-1.3029428650763046	-0.7941051985261811	-0.682191169630799	0.0
-0.32162637062148824	-1.8905816105724083	0.014401350393587808	0.0
-0.9856089485839328	0.43394165677584373	1.178719475496829	1.0
-0.12033228008294328	-1.1361932295668187	0.27430905967027797	0.0
1.402271773407549	0.5765607024331401	1.0611642895361597	1.0
1.5007115458386204	1.4529297586662975	-0.8026660402785895	1.0
-1.215751558283201	-0.8801835113587103	-0.9492288479714751	0.0
-1.2827321171604031	0.42042867602477574	-2.384661045388989	0.0
-1.8661696735934903	-0.9413182969050188	-0.49538247391294954	0.0
2.1243171747874654	1.1788354729866013	-0.2511863112967434	1.0
-0.7528543791137119	-0.8859892152626642	-0.9878592961800033	0.0
2.0117806862301135	1.363729904491208	0.1820082178318373	1.0
2.227728307345384	1.4327823779903723	0.4779460751321418	1.0
0.07981016907367078	-1.6907600176143647	-0.6833466562515174	0.0
-0.8460069592550772	-0.21966906117474938	-0.7808342759817123	0.0
0.36692683737340503	0.965596414058003	1.2222031635474586	1.0
1.2296759360280531	0.9293498013108286	0.5923756500617912	1.0
1.9243689465668872	1.772117748844003	-0.058534171665672874	1.0
1.6620732639910432	1.363632121852922	1.803759465616051	1.0
-0.07560406308890522	0.8491608161219504	1.130812689719764	1.0
0.26364119090988725	0.9952168551966663	1.9123947402082049	1.0
-1.2902978454188434	-0.08514231158395458	-0.8556696382683049	0.0
-0.09631670060134179	-1.4360204424579588	-1.1162047564900122	0.0
-0.06489417674699616	-2.7000067573012867	0.8291114238549142	0.0
-1.2918744602747045	-0.013917182371461223	-1.946773444061901	0.0
-1.2309345651871375	-0.8394939774442299	-0.7096682439315439	0.0
-0.17671517039352191	1.4880961623783782	3.373236941022997	1.0
-1.5274065850360687	-2.0469288611030656	0.4802300036778602	0.0
1.4646881207280358	0.8929231569467286	0.18246735918511503	1.0
0.2941217154462231	0.709887018952866	0.7704397248345033	1.0
-0.7322692216957964	-1.6056005102597635	0.42813274794419276	0.0
-1.980786372110666	-1.3113561170875636	-0.31031312085275553	0.0
-1.7863245822861618	0.10475692772878831	-1.2518015134769949	0.0
0.25107970854909567	0.25642500747636954	-0.6276089972080579	1.0
-1.2913829684553497	0.1258801709604378	-2.2200734162392797	0.0
-1.5344180828953655	-0.582442671382777	-1.6013936825602246	0.0
1.3547554994666968	0.7374691107108263	1.7772253150294213	1.0
2.3404799847056514	1.3714388871733478	-0.39819875711652397	1.0
0.35279513883320013	0.7009154707029539	1.7401034704025524	1.0
-0.5616874240103706	-1.0800093551536172	-0.8666931448276302	0.0
0.18719709713146826	-1.7062829237789212	-1.2376640299862744	0.0
2.381653170926972	1.4403930915440664	-0.1112046196480605	1.0
-0.453406089772866	-1.369107112775454	-0.8151753370514836	0.0
-0.9590456766129192	0.4981294963837144	-2.1885426976493063	0.0
2.7387181645920418	1.0977872794263686	-0.4535162329162348	1.0
3.339470699371946	1.351090523100212	-1.8611758160996392	1.0
1.0146802501019967	1.3010395936726569	0.8097156731701534	1.0
-1.5626361944805383	-0.7534155366549757	-1.3508722745831805	0.0
-0.8642604937459915	-0.8807220549325295	-1.3924075336656472	0.0
0.2008884852693984	-0.547094908875827	-1.438123645264532	0.0
2.203586622029735	1.4558653061006521	0.07466847396584753	1.0
0.03634119518933343	1.011138388157143	1.7859643796325337	1.0
-0.22628860718062715	0.6030853715236391	0.7354857788556055	1.0
-1.501516569524776	-0.20297092953726037	-1.1193746726052705	0.0
-0.3262390465468967	-0.7396103242981229	-1.348297466762124	0.0
-0.8806451969475432	-1.1280222200795211	-1.5064774137747041	0.0
-1.1925354613167318	-1.6064832748686637	0.3799240203176897	0.0
1.9083730964609846	1.1423050656001854	0.9355941575659937	1.0
-0.8867255859180009	-1.042581560404608	-1.2887302832138812	0.0
-2.607196167684564	-0.48819288205594413	-0.9044558343786707	0.0
1.4990437396772716	1.185967972131753	1.4328325618835696	1.0
0.12086559812448483	1.0889573629077205	1.2342304911255146	1.0
-0.9392906006858759	0.5989924800511035	1.1732506227655037	1.0
1.751393715671128	1.02055668674019	1.7691371907956843	1.0
-0.7894299235087805	-0.314571132166951	-1.9170088357214263	0.0
0.927715433385978	1.1018759194116912	-0.5655526927678503	1.0
-0.6389177933133972	-2.413697251410042	0.8591534666648091	0.0
-0.10038645186667661	0.45945559024861327	2.3971930497001175	1.0
0.2560968848549977	0.597063205100332	-0.8809677320694433	1.0
-0.4182719462894805	0.6646066147249321	-1.4983026389735739	0.0
0.6246314817747306	1.0468478990600116	0.854834332544494	1.0
-0.34837851391136165	-1.7371016693415142	-1.3351688363237677	0.0
0.32274240813986377	-1.711780772434499	-0.260705366160086	0.0
-0.5909126127225512	-0.43992741126165336	-2.192557941102528	0.0
1.619107952198917	1.2035062899763913	0.6413056272259501	1.0
0.02078284840166056	1.1251688878581998	1.742073991478668	1.0
0.864431405212472	1.2612016024626707	1.3707686164527704	1.0
-1.6672313953602897	-0.8383670054562122	-1.693820708047073	0.0
0.5706141863641058	0.87562925836255	2.0025519383721084	1.0
1.1403139805342166	0.8712917843555992	0.6155541473110242	1.0
1.2275245011976115	1.56867014841355	2.5101765339704754	1.0
-1.9880633974625728	-1.3458213775796068	0.029471236280490087	0.0
1.5875154441841683	1.3038698906896833	0.4880704455967231	1.0
1.1567903837867344	0.99188142569688	1.0942451065822607	1.0
0.712544377439525	1.1676089440276702	1.3490244349599947	1.0
0.5158294358170783	0.4977065860027222	-0.5673660593110907	1.0
-1.668265026239022	-1.3214814543054008	-1.3632298116052064	0.0
2.3457083428093943	1.7950045778571684	0.6743043798764954	1.0
-1.6408681749145502	-1.2075561998384285	-0.34179186090132274	0.0
-1.1236234465848856	-0.2126043819729716	-0.33306647519212484	0.0
1.219235306748637	1.5129915901170472	0.34465510367514773	1.0
-0.4175780886011503	-1.6225555426873304	-0.2329256505986359	0.0
-0.5330894933949478	-1.261131635103672	-1.0195340563741488	0.0
-0.30153400534685426	-1.130689365594731	-0.8665876387273972	0.0
-0.8910377233526758	0.4973014222564919	0.6534716926397534	1.0
-0.24254601817399735	0.6833606826227743	1.1888272785317693	1.0
-0.9274817582944886	-2.4969838430868236	1.227832519640402	0.0
1.5486776622091565	0.7982727903965192	-0.05553603154532549	1.0
0.9063162982257061	1.3274842488935414	-0.1815819228545854	1.0
-0.846421356648958	-0.41235236404850173	-2.7301190642358986	0.0
-0.2974370925666068	0.21580075725389214	0.47060983180642435	1.0
-0.9589030723438687	-2.2411501659096693	0.539886147423347	0.0
-1.1677287928682032	-1.695591606224884	0.2577043855458163	0.0
-0.4975400190601543	-0.8814911981145807	-1.015563186206337	0.0
2.641952010211207	1.015213958804932	0.6443647673692141	1.0
-0.9738542002907107	-1.5184180534953455	-0.0005031486981117439	0.0
-0.49540876941160494	-1.462448981066662	-0.5250317051878524	0.0
1.1035631487658542	1.13071880755682	0.5232221095677205	1.0
2.194805742128723	1.3522749160795935	-0.4425052569954089	1.0
-1.4919171035508114	-1.231323246338598	-0.45626065048158104	0.0
-1.4923195486327545	0.12194911900004324	-0.6707406537077727	0.0
0.8969486910669187	1.4119505554316971	1.9289674299731843	1.0
-0.9041485787990178	-1.2153962338462503	-1.537706430759067	0.0
1.595882423352489	1.6238919750017766	2.1122317425222574	1.0
-0.4464795077461271	-1.2044113703488784	-1.196440457000727	0.0
0.3250153360981589	0.4688456841360942	1.5636534644002957	1.0
2.266445344014377	1.5131050751136486	-0.38239624633140035	1.0
0.5701983934850108	1.0226160772330368	1.838823175718689	1.0
-0.1769230240540206	-1.7696772074529818	0.5750939693368742	0.0
-0.8505952101555798	0.33151851474010685	1.0147378140736298	1.0
-1.14771576228811	-0.8895532087821257	-2.423777799558436	0.0
-1.3143889962394102	-1.5106955596501392	-0.9350141960347679	0.0
1.2689475348312378	0.6237908513134616	1.927222372486737	1.0
1.5399323059505339	1.1755334356202929	-0.1350117372888684	1.0
-1.4371709235026766	-2.188767636881603	0.07383769037528753	0.0
-0.7519210802099578	0.05911640610336777	-1.6861684591458623	0.0
2.008645141120173	1.666501650594773	0.8469862476990049	1.0
-0.7078306955208451	-0.6377876361067301	-1.4131993490997694	0.0
0.6589702646372209	0.736738528544542	1.9057100658911346	1.0
-1.253007660959618	-0.14688413240274012	-2.176800805899539	0.0
0.9271786477624724	1.1541199658759904	1.312929704185318	1.0
-2.2495574823257907	0.20784729925229528	-2.207434709897713	0.0
2.4563218134807334	1.2567636495905872	-0.19325240017719003	1.0
1.4314921612909295	0.98990804708877	-0.5432991483863887	1.0
-0.6248529487881779	-1.4584903836165624	-1.4963990147254995	0.0
-1.536019338412563	-1.5493622575228185	0.23592117124531242	0.0
-1.1808552343208778	-0.38906469969056123	-2.164570159052249	0.0
-0.7020105162060775	-0.11544469690114156	-2.4117332570472847	0.0
-1.3691878990261563	0.653909006799853	-1.991713489030535	0.0
3.2518578614744733	1.6246816004672404	0.8027112696035678	1.0
-2.037998628090103	-1.3428918450163456	0.1074482059332682	0.0
-1.4802604112610558	-0.8113984962856884	-0.785526603718	0.0
2.671683589156953	2.0018358428537306	0.8904008051234651	1.0
1.454180293367401	1.1515493686151457	0.36198882856738657	1.0
0.28010289873665883	0.8985679446853594	1.2909063653091593	1.0
-0.2088706861218501	0.4038871417750747	1.2841986180290506	1.0
0.6433341872894474	1.0960583070799765	2.4410495435401782	1.0
0.4257582127488947	0.9339512234931099	0.5735487586046033	1.0
1.0333675032764211	1.033858386799438	0.6047116120483005	1.0
0.07074962125916073	-0.3502105206908591	-1.1826535025392326	0.0
1.3501080749576029	1.2597747643088908	0.9835287845505278	1.0
0.0035009479943286514	-0.7698815824092051	-1.3390809949925273	0.0
1.2091618353063176	1.4303791517367763	1.524195954651594	1.0
-0.5408429978618206	0.7689632938312632	0.7219344018534896	1.0
1.380404737937203	1.282893254059899	3.184408906380812	1.0
-1.6367877729442883	-0.614705155179353	-1.1141486604944995	0.0
2.6676003682478777	1.4224500284127337	0.7644075004873365	1.0
-0.5330083260959952	-1.625555399922198	-0.9289453587010088	0.0
-1.8191665378521085	-0.908623324459253	-1.6051320983593538	0.0
-2.183979493896538	-1.6548036441961602	0.46462245554591974	0.0
2.796801950710302	2.049144285484418	-0.1471315134246176	1.0
-1.1337430224020177	-0.3606694775169327	-1.4520348676582502	0.0
1.6306799816857687	1.1427549597834858	0.9320987770168477	1.0
0.0791975709343935	0.5065613511163299	0.3367281155363172	1.0
0.034936219937986235	0.6565372653413069	0.7475906369232941	1.0
-0.0297853285786136	0.4679206815504421	0.3148894386270925	1.0
-1.8294040026555496	-1.1333593136574907	-1.1210159663314831	0.0
-0.5944505012459511	-1.4952574171672808	-0.28780189219306596	0.0
0.905098084479545	0.8835339310502406	-1.0884203647467898	1.0
0.3316766845567698	1.3512503262063054	2.0891602522962716	1.0
-0.36527848115264916	-2.0371072886202626	-0.3576884202468923	0.0
0.10964208394092734	-0.9985605195251945	-0.9081564202281156	0.0
-2.104720863665239	-0.09832782558367992	-2.029768090191933	0.0
-0.4971789084479825	-0.27507808499874176	-2.4814639949668393	0.0
0.08523401635617012	0.9802533387934055	1.5059658236457416	1.0
1.1101775760537698	1.254029928563708	0.46508896218242957	1.0
0.5980672935982145	-2.1341927706412687	0.9019510164737037	0.0
-0.22323327422339712	-0.12356715856485967	-1.4075379234591168	0.0
-0.9871016986610811	-1.5978481663516169	0.12671975711389893	0.0
-0.350992171514523	-0.7672737363611085	-2.0620213506737852	0.0
-1.2793372589928746	-1.8594049817046001	-1.0898849864015387	0.0
1.7200822570254664	0.5891780987504653	0.2658503210296782	1.0
-0.6925200313232454	-1.8116954567035615	-0.8189748714431143	0.0
1.1364230874697177	1.0809991439350581	3.3800496643290563	1.0
-0.43519680074431977	-0.6304552198276623	-0.49577302554798497	0.0
0.8320812484693124	0.7192309419116552	0.9896124353428702	1.0
-0.8833956159725236	-0.8858423321906556	-1.2614596932230195	0.0
1.3174106789179174	0.8221263479528	3.478396049756159	1.0
-0.1397884631280184	-0.22301626056268364	-2.7787501398719154	0.0
0.3559963985738177	0.8079519964423424	1.178557463908821	1.0
-0.1935595951706235	-1.236545196369139	-0.2941519252764345	0.0
-1.1705379931863773	-1.1057573874509101	-0.4257820581770575	0.0
1.7964729168379727	1.0723658317855331	0.8218001410664083	1.0
-1.9183542065607866	-0.5354107772809885	-0.5309022926839606	0.0
1.4435923907145791	1.4174655095435509	1.21545319746685	1.0
2.2927068254835428	0.97010523945234	0.722583776838631	1.0
-1.1585261204629465	-1.0479170714451835	-1.0300246961571056	0.0
0.40112888073693176	0.9406766846597469	1.8031598239624609	1.0
0.503376970827284	0.5944339027349345	1.0210244278482161	1.0
-0.7104784075930946	0.28046028448068083	0.6018719875999088	1.0
1.0633545215536777	1.3018111503454897	0.3788761432959562	1.0
-0.9708934640368698	-0.8956058525418721	-1.2769472476140673	0.0
-1.0361977224336592	-0.7781856916946942	-0.7859096406706665	0.0
-2.07609280121418	-0.71425235120014	-0.7022430116370486	0.0
0.8759954318709253	0.6748485663654308	-0.12250142028828148	1.0
-0.33451679424587755	-0.9881801754552502	-1.6598691541601065	0.0
0.11389809555787522	-1.3918985934842467	0.21077932101557506	0.0
0.6387301353296087	0.751943536398962	0.6199882519121669	1.0
0.5578766114719319	0.5127830619552403	1.0216477541586526	1.0
0.38374322315505605	0.9903577210640393	2.6342053485379266	1.0
-0.29967774178396633	-1.0741297778040457	-2.0514483558461905	0.0
0.2356496638096598	0.9111358593961529	0.6820945794451309	1.0
-2.8316026563942653	-1.0892889222500408	-1.4358468344084043	0.0
1.489701245398647	0.9930510340928542	1.0242667986853313	1.0
-1.2061883090800618	-2.1809352549795786	0.332437112718833	0.0
-1.3854348732687591	0.0007088457872932441	-0.5210830294930385	0.0
-1.507563307507887	-0.2032360166214392	-1.7396831439086786	0.0
2.192837767670932	1.4565797846478317	-0.015329305728923659	1.0
1.0122642828378008	1.415007580785799	2.7997872078199904	1.0
0.8010762474220027	1.1061028397453274	1.1766439877611334	1.0
-0.04582599654954678	-1.6052013613796308	-0.9494290157202304	0.0
1.5720143275814762	1.023433599304388	-0.047625950472715006	1.0
0.7320470375329267	0.8734895607493451	2.963826005129502	1.0
-0.7483834047047434	-0.10590817514727835	-2.3150801745170617	0.0
-0.5416846447028225	0.6697533461498812	1.4068453634421725	1.0
-0.08225747779140746	-1.4052593950562116	-0.5892588734782815	0.0
-0.18139528318964093	-1.352019605405303	-1.231174474690226	0.0
-1.304970476664991	-0.7184540244535924	-0.9880679391641453	0.0
0.7638904856544457	0.8716448375977671	0.14150642515082168	1.0
0.14287221843668252	0.6604175435510473	0.03995392662692243	1.0
0.11866257178558504	0.9144640797339543	-0.22436663458927653	1.0
-1.359911770185768	-0.6301304984616556	-0.9867844946886621	0.0
2.9600161336753006	1.708513760218324	2.3143079010787977	1.0
0.5252396569214086	0.4738680465868569	0.4047431671794033	1.0
1.8329435764721609	1.068925080861657	1.0233785778578401	1.0
0.6036282353697704	1.1976625200534863	1.6215097006435832	1.0
-1.1812483783155694	-1.323306434398112	-1.6539957530586245	0.0
-0.7288400437602336	0.34448952820846346	-2.109987882869714	0.0
0.2010405946279885	-1.5027022668798722	-1.331452548640746	0.0
-1.2524035775420443	-0.2556282305363371	-1.5556446596296574	0.0
0.18105395776673783	-1.7840677759072785	-1.2983896650122004	0.0
-0.8971999725259266	-0.9423274901189989	-1.2487048171854698	0.0
1.0784206739438413	0.4557298843280969	1.5253464682056883	1.0
-1.4363520350626298	-0.691119907287244	-1.0888782964941877	0.0
-1.2144178550061098	-0.3191672439757056	-1.8433030232915941	0.0
