0.15912969251727893	1.209676507242614	1.3311779785612243	0
0.7022555729239363	2.0993789638123523	1.3220757887932395	0
0.14280946786154036	1.3849434490489343	1.5147315502951917	1
0.22506969510767094	1.501095176597068	1.3893895660271929	1
0.6026314888071689	0.4242083509252997	2.362936736378788	0
0.17933376445104954	1.0866071815406777	1.5643987046238212	0
1.2325019504399095	1.9581068940095203	1.9923574347727224	1
0.20002230348331487	1.0392868225832952	1.0924936076599323	0
0.5787683440371244	1.1803458736947798	1.4044043802922082	1
0.08164542263948278	1.1370634750423625	0.5750053305373859	0
0.29657986938739195	0.7896838806079748	1.3932699748563158	0
1.2762841635367137	2.7202224840327665	1.6767413576437884	0
0.27757870488909303	1.311058830433984	1.464065259418348	0
0.5488090333132313	1.4795797651758738	1.6309058190493413	1
0.2488580805941988	0.5192163231845097	1.2159507810853432	1
1.6054700508727149	2.0600293381583743	2.4148864650811905	0
0.3798532397983576	1.055287163929736	0.9260826343366242	0
0.709118950069644	1.1018071795646291	2.049562063027107	1
0.21915962601189995	0.9548573850229718	1.250760965824695	1
0.10972398187736908	0.9776115818557388	1.246256130580672	0
0.4164512059997711	1.7137438722433158	1.6461747741500736	1
0.2696224751957571	1.3681049319196803	1.2154467263995636	0
1.2908566731867497	2.2280662672207643	1.9390437722094644	1
0.4962499123136029	1.5921493222965584	1.6594083322087405	0
0.08861692074751963	0.6155477356875094	0.7877753096387278	0
0.12240345616596852	1.0288333940601933	0.9716875950944428	0
0.17440698570834906	1.2925329813054165	1.152374200178209	0
1.7342362829843891	1.6921416916985141	2.8292939083875743	1
0.1691772138438813	1.2047724844965002	0.7238703532027858	0
0.3011410921359371	0.8823615936110707	1.2080942992851067	1
0.5666538199252353	1.691626009421031	1.2352098092477788	1
0.10003536216227428	0.7124594915923183	0.9122425490275856	1
1.2069882532863934	1.1246048689423631	2.5707402501376038	0
0.3643375113407436	1.8472099438884064	1.305653557956233	1
0.5123864051128498	2.040271827226099	1.5761706423179545	0
0.6721533440557099	1.916039869738392	1.8404385161130792	1
0.1287713314878611	1.6726943620691153	0.7705710775247491	1
0.4278591460393575	1.5653606251931729	1.6461554953692632	0
0.9726710653102628	2.1836664127373684	1.9530418011207429	1
0.4912390531278901	1.4190277307365262	1.5496029787319143	0
0.24149414452680296	0.8466405015170541	0.9580083252260236	0
1.9283860667598798	1.5974058162102616	1.766578404030796	0
0.4386484018983972	1.2990465925556105	1.05347544299658	1
0.3901145556032203	1.4570556680028028	1.0640898546296869	1
1.0238887424721732	1.7627768343035723	2.230734570881539	1
0.1802527516248432	0.7163753066791523	0.5077689569160878	0
0.4305933981350607	1.7254415881904066	1.272005214717763	1
0.2701950620441941	1.8438457824263863	0.8972709980369002	0
0.2413841750039599	1.1589545176742715	1.0350333070252382	0
0.9640517952724148	1.514335711000775	1.1967669040756068	0
0.2342496496543138	0.8432898389896647	0.4141010441697041	0
1.5478390662151431	0.407675995627545	1.4630933520895633	1
0.8051356825079926	2.176885806340689	1.8330613485851608	0
0.4965847014756482	1.1237275761465062	1.4785088451077018	0
1.1566610467746852	2.6007693242119814	2.525616638035787	0
0.7077894572968154	1.7521173339556115	1.591233207779254	0
0.3665094264975876	1.5248381705679497	1.4496916062496823	0
0.06649254828243717	1.3477094458043215	1.077116228323223	0
0.4204325352299507	1.2967251702570732	1.4806495396010362	1
0.22580400915568874	1.3460971713684775	1.4217821540494435	0
1.5237928743055242	0.6726536146206269	1.7281272039831994	0
1.133013715385442	0.9171703449011628	1.5433408440591745	1
0.3364793794528457	1.1866842141883938	2.072139949818314	0
0.3166266084005067	0.8548833037447915	1.37184040414974	0
0.2195129687178448	0.5563361300177097	1.0347846259219442	0
1.350200753471652	1.6798218159871905	1.9437936250835532	1
0.257830927482265	0.8544578804421957	1.1406815050836805	0
0.34373153830280323	0.3236981369686288	1.2655663683309426	0
0.5493229984499904	1.2459397431472423	1.9158043400900089	0
0.3921231655702115	0.9369165496678112	1.2467736396486302	0
0.4467030161244092	0.7258079627994936	1.5213932745415053	0
0.352465094946459	1.5268603280067834	1.402487541014641	1
0.2044173045126413	0.9487966434304144	1.2814614840141354	0
0.47853587588468105	1.2116135394218892	1.5875398913328842	0
0.8077696713966428	1.481422706211468	1.7449997423250292	0
0.2724364462362148	1.1083975894029068	1.3868941811918585	0
0.2559436966645683	0.3254690660124395	0.7989026182258089	0
1.1515841734342154	2.6884187591529827	1.692049625079043	1
1.3344482823962802	1.165086435273436	2.169247967212784	0
0.2503306111581738	1.5136756304469834	1.6188534468437932	1
0.2610403115053454	1.4821498467634118	1.3991365461331855	0
0.2107470309776584	1.0707956346713343	1.1253515858577314	0
0.2978947451279474	2.4366875725173984	0.8444939330544694	1
0.20601366905074253	1.1554965908688213	0.9965426484312176	1
0.0868261098287292	1.0971445453930748	0.9380522236556676	0
0.2207246280768997	1.1426291740848842	1.153068907797408	1
1.7640970344113107	2.3290030455972626	2.0942685759230053	0
0.2294118643269601	1.1445093830551138	0.7584198071761413	0
0.4104791832638665	1.9365089531142528	1.7626224113731763	0
0.3704594989093489	1.6998086404801465	1.6447085265160195	0
0.11360543272318975	1.0009627079313541	1.1550871355960888	0
0.10719383410211528	0.6967407160700755	0.5528846128928541	0
0.2367545006532551	1.8584675102545063	1.3362897097593565	0
0.21775304862521935	0.5469299475568112	0.8326482193375029	0
0.3197329126169149	1.7543171737521848	1.6878978296939646	1
0.2676961783632685	1.2320645114921198	1.3043519334537812	0
1.3636396705550844	1.3594882666993835	1.7825673508591398	1
0.7291415407833212	0.4423690370240944	1.5598063944257687	0
0.570923047814571	1.2997283394902932	1.8084526921697155	0
0.1605955810484067	0.7806542679981797	1.2027019971924906	1
0.34314279603077275	0.9582384924819116	0.9188873577214208	1
0.0645041455467373	0.9481769207364767	0.7708024251255495	0
0.43699607438751203	1.3548810904141473	1.4108650150540951	1
0.2887365163303853	1.092963028269411	2.163196580885125	0
0.8309506847071397	1.4026105256048265	1.775528456117638	0
0.33231360147235395	0.8732579620567353	1.9654186154433564	0
0.3642194127282649	0.9899871907964921	0.8086609767722854	0
0.3420068921196877	1.1458138901524038	1.602292444273229	1
0.0980337402713654	0.8323437457482343	1.6847308964695318	0
0.05395300422144109	0.8869443070789241	0.8680244304646635	0
0.3707425298271886	1.0623977192004577	1.461285871410242	0
0.3458212551806493	0.8975970894269011	1.5998924995905692	0
0.1870851926429768	0.9170104727985041	1.4037658420318957	0
1.6365860443531124	0.6369788646465342	2.747206809636732	1
0.19573124370387227	0.9034081060431414	0.9195254943840844	0
0.13614671967334138	0.42722659988967693	0.5438347773729362	0
0.06697897829802457	0.9702863716351672	0.9837624469891678	0
0.2154500319451916	0.7027509167026402	1.2953023446141327	0
0.10298068610854462	0.6853921881868782	1.0492819786461685	1
0.1904302588960261	1.0144332604255035	1.9149795491866477	1
0.1887094440628745	1.100477215277622	1.761248714023033	0
1.453579107925487	1.6714921001693732	2.394252281519869	1
0.3066461129381899	1.3068722941423998	1.855625889556469	1
0.3130720028351881	1.4927243047357368	1.9720790233513368	0
0.2450224530326516	0.9093063980997104	1.1870809366557178	0
0.10278219464302582	0.5159385305528036	1.4333210665476452	0
0.2268407083984445	0.8971079124573811	1.22345184986342	0
0.4024137909044493	1.0216232471399742	1.8637079685406392	0
0.07756918950974706	0.8714607159563611	0.8641971173158354	0
0.2507976280960256	0.3733550541899307	1.432175536376079	0
0.16221238251704992	0.7300575345800423	0.9461213418328293	0
0.455302342955336	1.0634340603184973	1.6846752466183803	1
0.21890257105695515	0.7366376116344736	1.1752955134390677	0
0.5073475823861567	1.2739372037267744	1.6731448378918128	0
0.1204904783346231	0.996579563102958	0.8495096981838037	0
1.1378971023310118	1.8343558885250983	1.7265807432030609	1
0.029167463542621213	0.4535693227823108	0.7303466215490516	0
0.5440321339562895	1.9724547042774256	1.8619849141175517	0
0.9045015112991786	0.2622488731947896	3.2652783790593136	0
0.7726512816725442	2.593551765237043	2.3487050286075988	0
0.5986826430993245	1.4343461575248284	2.21483526159588	0
1.3814828041226686	2.521608166788567	2.0561729147404817	0
0.5278538176433691	1.6404907436893488	1.07404633472286	0
1.2444427368796491	2.0405447760498894	1.9050286289539218	0
2.227268698684596	2.5825323285724404	2.639321580412227	0
2.2818107937775687	0.5763211867928408	2.6219983636072794	0
2.5862742041758477	3.4748350051240338	3.2391254110868872	0
1.9386984931774192	0.8560310434614247	3.390449833115391	0
1.0575472090495102	1.4097667173050332	1.7615751380507396	0
1.413787925428813	0.8969040180739649	2.0445783208520147	0
1.6765917606204903	1.7852550278058523	2.616219959283921	0
1.0667431529937148	2.508118491781787	1.566885254512847	0
0.46519835237348794	0.9439058989071284	1.1075059558382294	0
0.18570748473147572	0.8030324440891882	1.385869270781794	0
2.2133931584978033	2.145720734469104	3.1354724765624167	0
0.3525635035390144	0.9993442870094408	1.7259401281907614	0
2.632622383977206	2.9814812077841313	2.1422872245248508	0
0.2759712678737079	0.9682757869401064	2.6284873782655245	0
1.0423240843213204	1.9314779323971367	1.3057890464602404	0
2.4093476253669635	3.8730160294314513	3.046952815295132	0
1.1993019126760376	1.9805047938198124	2.8247778652351143	0
0.31050220133091444	1.7395359177240892	2.6700783078486565	0
0.492932492221851	2.029279186486772	1.6672916400429498	0
0.4668737362368079	1.5138296882189524	1.6763673231160412	0
0.6047639539238296	1.570260398347726	1.0172214504525958	0
1.0356014888587055	3.0771233026028204	1.966062855122791	0
1.422481631881603	1.838515820569828	2.2676933961139354	0
1.3779597243298332	2.052224495386283	2.2842174356358607	0
2.7212756908153515	2.744697091994376	3.882023486085085	0
0.5674875810584452	2.5039001262805343	2.887266942942686	0
0.5387423017601989	0.8540748446662273	1.5130811851899943	0
0.5999073560901971	1.9131803244323944	1.6659883637244868	0
1.5135875867772663	1.4900460833632971	1.5980735823550507	0
0.6938469356742188	1.6387054101146683	1.7619873108943849	0
0.6634917736523204	1.8828486318483093	2.7177760843266494	0
0.5116672694828477	1.486863416041586	2.6649339100285823	0
0.9519281094652864	0.9180891138155344	3.1200008988993284	0
0.8743013896018931	1.4848266171841369	1.6602070694856728	0
2.9658141567667062	2.5931854032448705	4.48770559962135	0
1.006789354681258	2.174410754270537	1.9718980895934752	0
1.0939681881744523	2.605722120000687	1.3871440000744686	0
0.7931282529232595	1.9619662711589043	1.5141157325577748	0
0.45418542856873995	1.541159071680806	0.952043901579973	0
0.3854868653924996	2.16689136420484	0.6074149850686958	0
0.0646278921438638	0.6971890013862769	0.6736483071258897	0
0.40187868457274395	1.5838944379634032	0.8878501042423049	0
0.07763396282168468	0.6232235188793146	0.4285955254970187	1
0.9632124849835596	2.4761769902790003	2.7591361406599004	0
3.134354436192153	4.040057316748275	4.235117587483543	1
3.3830266221451804	2.1408540882961002	4.273254751356799	0
1.308305792257915	3.997339780724373	2.6403279506058293	1
1.002835333274341	2.669385599956645	3.2109484863854205	1
0.12391530590555985	0.8577713923948649	1.0850541240692588	0
0.12226187953295535	0.9061191765526586	0.4537345017795417	0
0.20081613943011892	1.044578400175624	0.4145503784356975	0
0.03586508933991888	0.5660805604755873	0.7638851950652871	0
0.4225516318316637	1.2987191888639376	1.6142065245092023	1
1.2966157939752108	3.100227414883439	2.8738696777966584	1
0.2356727322909492	1.2053418667321738	1.0003377193997691	0
0.20729868175237212	0.7055203166230865	1.1674229213283525	0
0.2602235131551759	1.1672362032099288	1.2366626221485937	0
0.05524831298046546	0.8931449223668426	0.7361108799920609	0
2.3545606545843882	3.3591176520802097	2.896729283711983	0
0.18676998119985053	0.9456164972559816	1.2627132993485362	1
0.4207805588859389	0.8185014817126469	0.9901729642648596	0
0.1728770979659549	0.7448378959653005	0.661697792286355	1
0.5607009132596392	1.46355628291282	1.9459387200757288	1
0.4221714435683464	2.86797844433508	2.38086933239118	0
1.129432431007996	2.8023113460133016	2.4539834171344905	1
0.08206281971869528	1.0108369835960749	0.9382478992261972	0
0.13506396763126846	0.4697285914263018	0.9057150055019704	0
0.0893323481177887	0.5950546335594982	0.5986661569106286	1
1.0271520901173017	2.262294207410467	2.617833693163632	0
0.2577845628553761	1.110178475039474	1.4557271358352273	0
0.5080999123875459	1.8660317136026423	1.9635676200051049	0
0.31694714223778275	1.1085956222770108	1.556395721196553	0
0.5748871561625175	1.7337065377794378	3.0391030172518043	0
0.7192047148792349	0.5661657187991552	1.1010094132678312	0
0.1883616122112211	0.7770746404952313	1.0614986873280086	0
1.2720892919006663	3.3870206990195317	3.467512448806956	0
0.3621678303783276	1.0913526679388494	1.10383197570227	0
0.4891749298461682	1.3414277397797836	1.5656532000630785	1
0.6282726029617266	2.511694626544384	2.366404605707	0
0.07657670803036185	0.5420451821107061	0.5690681164467422	0
0.05226981743368125	0.36960992519917657	0.435379834056367	0
0.28139736498464224	0.5007510451943945	1.0427119067035326	0
1.0256831086453522	2.2197250871268923	2.3888820481785134	0
0.5372007226212511	2.1644947527133005	2.8549748358377287	0
2.3790274811344405	3.2929512250628905	2.9336015180874844	0
0.11514845708892205	0.8121738869815861	1.0916883735952856	0
1.3623346049246592	2.4964975483651357	2.5340776937944502	0
0.060775198714458765	0.7756944415275108	0.9074517832069507	1
0.2151678296365164	1.316837096104669	1.2163953243244932	0
0.4550866726002932	2.2344454288507407	2.6113997902560198	1
0.17625318139234802	1.203122442871097	1.1522162447529012	0
0.1906286240373092	0.644377016190516	0.7554175062860699	0
3.0710252575894224	4.4019861124134865	3.1636294642418297	1
1.128785788675657	3.0849969433049607	2.9651854333636702	0
0.07222391271355906	0.8347335446218159	0.518335355015007	0
1.621564092231941	1.484033407021186	2.1599610587386318	0
0.7811580578826587	1.5941415168081086	2.051903321686363	1
0.021375898859117955	0.4882486715870065	0.3086164120611111	0
0.15895910081956316	0.7911809208313108	1.9835912160230016	0
0.788684607269009	2.2393470591894578	2.332095350367987	0
0.8998360938021944	3.2581003841679315	2.9915786592289986	0
0.2290142847859369	0.875593729542051	1.1965251391907783	0
0.4852062318482992	1.0624322812133526	1.9525878038085536	0
2.5107205846809797	4.145110550941784	4.006376363988622	1
1.1431394107181871	1.3834402921369842	2.324610737751017	0
0.490075828047389	2.2647066785546257	2.3984587503786927	0
0.3595468161631601	1.0571303542131687	0.4356968230517403	1
0.06927323218221858	0.4167017400341521	0.6472184186715311	0
0.2705918632214902	0.5829527782522338	0.759309382813614	0
4.445192730090965	1.930811014403328	2.7523923924529456	0
0.07321328632740604	1.1060512177651078	1.0544862306255545	1
0.07884352740574167	1.1741834755151837	1.2533627885673355	1
0.1180763259759059	0.5039399719828676	0.4563293104488885	0
0.30566687202927817	0.7907275088988094	0.9614552838285286	0
0.4846459059826057	2.3868435174180247	2.4238553744679017	0
0.16664938739965907	0.6535015771535835	0.5952311083654201	0
0.34003018532265755	0.7165218518763958	0.8587463612095112	1
0.06130392045262888	0.6999738259022227	0.1485579266411456	0
0.545974597087679	0.7880936578688991	1.9405242424931668	0
0.4687653629103186	2.444258251310192	2.6223906372740395	1
2.2406139400112925	3.7651573916175245	4.137675406944116	0
1.143490047446195	0.21127337874372232	1.4157560712695096	0
0.9417245331309652	1.475723645946315	2.1649997800414216	0
0.31934061045204226	1.819520540013445	2.3055108089102494	0
0.32905911290553863	1.2954666201593494	1.9191260651484958	0
2.167738550224279	3.301741620798592	3.7951947638108283	0
0.02192684014594356	0.3448017355409289	0.5554126815318429	1
0.3353144237573619	1.2188811210590544	1.1686357400362506	1
0.5484103840932619	0.9193261204176764	2.164368456019236	0
1.0460199052156036	2.9097167641599415	2.264052143277262	0
0.6603088565607914	2.7047246776736333	2.752130880337385	0
2.8453104661658264	2.9979597907943414	4.138556006063629	0
0.17720013132085785	2.0441251965522684	1.26350506502727	1
0.3442844984257833	1.2607878258801684	1.4322710473599147	1
2.5020013656331357	3.824611548417177	2.8238817041272832	1
0.2132144202363248	0.6975873085859664	0.9248539625346428	0
4.0867054584248175	2.8880356980986166	5.540344299251928	0
3.3692353272554487	4.028259957624321	3.799131984332188	1
0.07466581652961128	0.5678503620050875	0.8037489368877411	0
0.09922070554022512	0.2775408233748885	0.6230519159466283	0
1.3399362371417411	1.6815725101932997	2.7592691593935683	1
0.08235572289786777	0.5317335223776712	0.6674754638034871	0
0.023789766122738053	0.15345043471286496	0.7197891115063666	0
1.163869301628602	1.5625768862807772	2.734724588516397	0
2.354171344465479	2.7429861065384413	3.5104672458495134	0
0.13420741407052525	0.6780386188791456	0.7727436348310881	0
1.7397641741096748	3.280151528802313	3.1110545061387778	0
0.5834662341565369	1.2306049981266065	2.2509970183209504	0
1.6674048881886323	2.1145794121317456	3.4180872743304236	1
2.8132807083093043	1.98876436293257	2.6292522739234294	1
0.6217693243995833	1.723159377735798	1.378110968311871	1
0.0664785131356222	0.4419834552084966	0.6701190569389052	0
0.03512387100561205	0.1456057038572955	0.6643309525419049	0
0.7670944255120283	2.457621095093578	3.025727873589372	1
0.0893140571189715	1.2655099508415057	0.7641646677952255	0
0.1602889449293802	0.3081242011057247	0.6560733611801143	0
2.8900272541171077	4.158933082109713	3.20214870335199	0
3.1029979731957127	4.042303619994492	3.8846189201158583	0
0.0986591113225667	0.4992650571788354	0.8261034078085707	1
0.8156302647744937	1.7470410044286766	2.1129609370097486	0
0.13033503972693475	0.14969505396686053	0.5732312468929204	0
0.06865348056703477	0.3694648038671228	0.3655801744092494	0
1.0651933791226649	2.1465743509898885	2.604598972706005	0
0.9007709202161184	1.274356707879026	2.448994457438752	0
0.5010722135226866	0.917649807911786	1.477642155579166	0
0.10804690408313387	0.20706294868240166	0.5159444999358379	0
0.9442560321558572	2.2476536094678274	3.02987762884049	0
1.6490623902173178	2.3052016667771995	1.9457672817074023	0
0.5823441032184342	2.695464667817709	2.4525556195703406	0
0.7666299573197487	1.631923212653172	2.667061526024856	1
0.18417816556211308	0.9188873577214208	0.9442560321558572	1
5.223503299013788	4.008632340964091	4.61095144227495	1
1.4103770316358475	3.5881028606576093	2.6493399956208767	0
0.10539551504534067	0.5847821558818203	0.7062608197053283	0
0.19319555334583294	1.096677084033599	0.5518082453850227	1
0.1612511261746629	1.0425003858679418	0.8378534015592038	1
0.4919669108424393	1.3967890982125322	1.7866799234847563	0
0.04874349641384265	0.669402493546129	0.7404600636105627	0
0.0804078717622451	0.7865464448184951	0.5894186657972433	0
0.1595986696866868	0.8518588717147663	1.3182831505033468	1
0.2022957380013716	1.276116706098421	0.7275486072772779	0
0.5154310027099787	1.3029127521808397	1.0088699131672478	1
1.6644751893639989	3.4226685508083703	3.507357577490546	0
0.484873768662456	1.7421314541595658	2.6011625941077883	1
0.17204392238282035	1.2242165108029783	0.6880693099693578	0
0.19429953355336155	0.6305800482911162	1.2756700157869654	0
3.1928192825484194	4.139313147738684	4.215238310147907	1
0.3522752795940452	1.7758333186777957	2.7379713972180872	1
1.100144447646186	3.4249594801577232	3.6678064702564366	0
0.4142926967108435	1.1529426332131572	0.8626789624255059	1
0.8846349324701438	1.0556351958129693	2.398313367202905	1
1.9852956837896067	1.3777832441014632	2.796604276409527	0
0.18698566292083146	1.1372559122603139	1.2988829041089212	0
0.4415655737328871	2.4717031999430903	2.13940712284727	0
0.07237647397557366	0.34331307038573794	0.7450752734203047	0
0.5206908024789667	1.2756141654658115	2.4454899174242093	0
0.10164462026203057	0.6217639544503561	0.9403197096735162	0
0.1734742007736792	1.2447883988257111	0.9798662895111644	0
0.1938547926076276	0.7731129621978271	0.7790037243196284	1
3.5164587219972443	3.561628299446564	4.539953034633116	1
3.6593682507395484	2.8964311404795584	4.110436063434519	1
0.1032332546416521	1.186104105783453	1.6004375302368012	0
1.4825813364313871	2.6162711129825267	4.166437290850241	1
3.3543922460193363	4.2310612929330285	4.7084692783722	1
2.9067589732508208	4.196365507717868	4.583642110962769	1
1.8350903139500692	3.2262168137536493	3.7596966604895754	1
0.5341573107170207	1.2704064036679632	1.3544682404534387	0
0.2825815870628223	1.3650962606037105	1.9354123826723693	1
0.0701135765956515	0.606581158930348	0.7882300618066373	1
2.004367718626882	2.137144251808125	3.1209630612788613	1
0.14630570258958475	0.2469303879597178	0.7909088983424408	0
0.0867729318971914	0.6127719175960274	0.4913675371088677	0
0.07413204329258108	0.5314631965158304	0.8667642967237535	0
0.41106937482799627	1.2460260405569354	1.091856184171102	0
0.05047541001129067	0.5872754231292002	0.6325316212024463	0
0.8912600621489088	1.3822612390057252	1.9920846504615848	0
0.7377380638878204	3.6950131047600685	3.7598526967042663	1
2.515411606226209	4.98428858090212	3.837161518684367	1
0.28050638870268524	1.076639307857702	1.6586470364466472	1
0.0455707015424588	0.9919917202178372	0.6163687227544662	0
0.15670455875763922	0.6906440503418269	1.0617408138922049	0
0.12158911666533455	0.3041998989273124	0.5404504432458249	0
1.9940198096258408	2.551918671798495	2.430855169134581	1
0.09206400759294156	0.3171729112188122	0.659585226386918	0
0.044921739071096936	0.7027013933647571	0.6732964521069236	0
0.6609132032262238	0.6368413443488504	1.4835344955449448	0
0.13708880751419625	0.5952255939991173	1.7828196276585808	1
0.3652887384606444	1.7288551675816584	2.027608628039791	0
3.6349748585082793	2.9406317408234863	4.254886204842629	0
0.27418641434644603	1.2010485328086893	1.0407006500491165	0
1.1283652468174574	1.8923586677841708	2.3707576280970946	0
0.09474274611700344	0.4890829558073087	0.4983116495856273	0
0.8486540831583438	1.0568871086207956	2.20108378766194	0
0.14476678851691735	0.6511682670669428	0.88153364191615	0
0.5035532439988827	1.3733610857079914	1.7665613122049617	1
0.16239092130507582	1.3994326742601182	0.8756770489888579	1
0.3685590474121844	1.6950282802682832	0.6334077918090777	1
0.22587581527918615	1.9921392132770392	1.016715084701035	1
0.14965200451594954	0.341267862062957	0.6237274322597646	0
0.36241841856579815	0.8581106198076925	1.002174807031104	1
4.384328982236512	1.8555164350308058	4.408705079072472	1
2.691663333451197	3.7915736683472097	4.3038515568934015	1
0.8058953402516986	0.9913610979211336	1.4702218210551763	1
0.29539723390660744	1.989940704918633	1.330490911254454	1
2.397640694941632	3.390860809560772	3.5983035499207037	0
2.0804035787737187	3.1527232017686515	4.721180985494625	1
0.09360964380314804	0.9787395711466436	0.5887861652352026	0
0.2687973737302308	1.5419296526513395	1.4088627679623635	1
0.025969845361709043	0.4240120453947426	0.3748615603099868	1
0.3526970425695087	0.9624106674877084	1.2646915393606415	0
0.506992285905575	1.178716532909771	1.255359594342634	0
1.4249379847120949	2.552588662474851	2.1627021432977966	0
1.065434612862096	0.8068775708869679	1.457917104792858	1
0.6401155340081397	2.4335607224364124	2.1907816439226586	0
0.13523868437219758	1.0275100511749609	0.7702471009407941	1
0.4538615439831325	2.213152605662493	0.5347022938096636	0
0.6136168416031371	1.5057204906024284	2.1779398159243524	1
3.5942885155935764	4.785215821503573	5.140521969467552	1
0.4560124576813806	0.8453960530976072	1.7719308415938697	0
0.7213944434980478	0.8795437565070389	1.9646618041055182	0
0.26884323056520026	0.9196849649421706	1.2891500002334049	0
0.17997714413826751	1.2559293786946777	1.4258515561183445	0
0.1186804106727342	0.5236687960187222	0.4630167779461691	0
0.7711262218765339	0.8789626266081558	0.5039037225870202	1
0.6761637755195319	2.043166485815124	0.9154503788764624	1
0.2358307276462144	0.8948627844605347	0.8028084347694637	1
3.2502388238103403	3.8478940004273934	4.388074559053868	0
0.11637760405546113	0.4308404144393925	1.2240695060250584	0
0.3551187336714259	1.3060599684092846	1.255701503910885	1
0.18637167730531326	0.6684394428551899	0.9790777199729198	0
1.0630541932673956	2.1814226034104345	2.4305296583216687	1
1.041583278219887	3.0604801477756762	2.534783524860492	0
0.7182299609274083	0.7251302264129961	2.715687628231421	1
0.20749372917389472	1.2080644222291896	1.6492738209312996	1
0.7914075497274649	1.750016912231264	1.867284294314301	1
0.8664279927017509	1.7164969847275082	2.7143768124913668	1
0.44468582126144574	2.2367871124036136	1.4372250897884336	1
0.03270723876786032	0.734049171880371	0.4329181348894651	0
1.7860599243027326	2.18570290145573	3.1342064305676693	1
0.8248331213853203	0.9359757051905532	2.446676778921664	0
0.835254197184775	1.6075761804861517	1.3027225166959129	1
0.4607862796961259	0.9249729322569888	1.2956856122491356	1
0.12758374035462053	0.7119689348005332	0.3517759635060452	0
0.04493034368479518	0.5040849564274988	0.2752425210581905	0
1.2640984781591136	2.1104555952090056	1.8861904747931548	1
0.12037522857496866	1.4026843090994925	0.7284177946418646	0
0.4345059768925784	1.3471896412391295	1.2873852127906769	0
0.17003808962710426	0.9680479186469932	1.151868654968541	1
0.5818468367767445	1.0018810997083378	1.9513808716123184	0
0.08076859799755014	0.7398399085519277	0.26674695412964744	0
0.5897236765720338	3.3069233315566806	2.251954736709201	1
0.6366667721165012	1.1912522399165557	1.6937606783459525	1
0.8705399441171473	1.2223332156578686	1.9187151223224708	0
0.4067509477286213	1.1865315867059931	1.5066296924524183	0
0.2569032262591971	1.4880609262675006	1.2325311062338968	1
0.7030975114131134	1.9996675478994872	3.2046795326654416	0
0.6423958445495772	0.3917582637180023	1.6570082853415171	0
0.3351213245502566	2.114977590170852	2.2246667938326152	0
0.9964688149994062	1.958431429608985	3.192433282042647	0
0.9491450687451022	1.1323049296345793	2.134000747169184	0
1.3966901373020109	3.2450892316841036	2.3972314161306487	0
0.2349456319664951	1.1398821828663266	1.1640254272163415	0
0.061716731130258176	0.8229027035524821	0.6051134629763952	0
0.5657341752292709	2.7515948857355457	2.9530491732502573	0
2.012433306641337	3.7280208371975943	2.9719517448885875	1
0.4355156987870624	1.1820338968071822	3.0268384217274376	1
0.3989170496236313	0.7605254158898935	2.600249673999109	0
0.28581032181898497	1.0540332452701424	2.5957322048768847	0
0.030444817381171475	0.4908535021064529	0.4632810834849088	0
0.027638513063954658	0.13929226687749674	0.33097860278133845	0
0.4227089088426761	2.0344311003498103	2.929159685103425	0
0.069018471159277	0.6515019305912313	0.7324640429368957	0
0.22895065738795786	0.8221998084745596	1.0454224601539903	0
0.15487327583472582	0.5193591097842302	0.8360780097489806	0
0.10167172041063137	0.2936020149627712	0.8530526980695677	0
0.024262276106468656	0.4383323472892704	0.4997808542332369	0
0.5875032914223134	1.1235000041758887	2.0215078273721354	0
0.07745813978434228	1.1597073880279205	0.6075783988927795	0
0.09805187247324976	0.4374804375401755	0.4847198130814162	0
0.017040974303271658	0.4987429210230092	0.3407701302874401	0
1.0033487744415963	2.2247857005396336	2.4690990318047032	0
0.04040654823439637	0.1964052477240945	0.7554175062860699	0
0.02276196961020362	0.3879051641167501	0.4299625797085517	0
0.4275592255812302	1.3517287959325766	1.6669707006316676	0
0.11566523915204795	0.2640321036194464	1.161274049792821	0
0.1064029721112396	0.9565493677377171	1.1039314501457096	0
0.05305439274310905	1.0585885865387898	0.8772588009003968	0
0.06162835320362198	0.3566739439382325	0.4379645661987511	0
0.7756944415275108	1.500939144275771	2.1388065469829654	0
0.051874925207546704	0.15872875585563448	0.5416205548892112	0
0.02445063209594094	0.4691032240025714	0.4534930771187458	0
0.2255965402752764	1.0531266585069785	0.7414133979694334	0
0.05046114824997232	0.6265959686518313	0.8339954891473249	0
0.021424840208793	0.6383266200453479	0.4972904349810422	0
0.061450633515997284	0.763092931246612	0.9589670061545914	0
0.3855072687672185	2.141359444494824	2.5779794801066678	0
0.8405321674730036	2.6769172271689565	2.3477305279620206	0
2.121099186946728	3.225676646765371	2.617498017394081	0
0.1110582526815145	0.7990825309686141	0.7577638236459174	0
0.565910222069543	1.8981144902014948	2.1752288803530315	0
2.8666310532087835	2.263345179656442	3.1152027735301577	0
0.132964982244445	0.6830513891279002	0.8064312220132837	0
0.009040412052093659	0.3959869990740541	0.5591642574394411	0
1.093532742924811	1.48319418585985	2.1799088551265315	0
0.9187277599075724	3.2308241583840416	3.280651783641804	1
0.06194328141434442	0.12263347545321528	0.3567509410508787	0
2.3215932871647187	2.3480268001905777	3.5402634297851527	1
1.3882923637825637	1.8363662922401651	1.852932959996208	0
0.13508144067909275	1.2402854469842552	0.8043754472456545	0
0.18201317591612576	1.072097183012355	0.8816578783797119	0
1.1413205031564797	2.2587690374096105	2.3026450911941176	1
1.1915864086748866	2.2335136469916264	2.319373377799744	1
1.0168597867958509	1.6226699812028185	1.6203580698830908	0
0.9834632809123692	3.1101228948073723	3.9219119482584937	1
0.10870192692019087	0.7078387293029352	0.7521233856602426	0
0.015712903214662382	0.18852726151545865	0.2520419413568586	0
0.04961173135257711	0.3738712365169857	0.7592625827668056	0
0.02827837118898548	0.08873954950558131	0.5867027443390814	0
0.04797935936556049	0.2839827383451765	0.26359427692269105	0
0.033636883320768675	0.19727584857576544	0.2485929506399792	0
0.5585237633220999	1.4310525984616642	1.6044655708075424	0
0.1305105845747054	0.6572246225087317	0.8390640554601001	0
0.059533202906027226	0.4685525769784208	0.3018216360055001	0
2.768850493762129	2.1431672325603808	3.3351394846351736	0
0.042358094114943484	0.7503778140142171	0.6311600684750509	0
0.06945889621389129	0.7199351573163284	0.7273070322066499	0
0.6471294197263716	1.7747997969030214	2.7170760123095223	0
0.8341257738195175	2.0949949577732374	2.333395538787357	0
0.8968224486787568	1.3536936870738083	2.5659719113980914	1
0.12775976880127196	0.650542347727508	0.6874962440510958	1
1.622452849511595	3.1557783981883656	3.3677681322273125	0
1.0400646750426967	2.1376632788799603	2.743307943846025	1
0.7117726446831103	2.1117998197878958	3.2899156665481044	0
0.11072708980453126	0.5625429282485543	0.6634763220403307	0
0.0924706977426028	0.8898646176376324	0.9407101364148986	0
0.05114548346405416	1.0040085259591316	0.765235256954199	0
0.029617052972122093	0.36361480728438217	0.20258976196644268	0
0.04583437154378591	0.244027946229933	0.2851639045266117	1
0.5474390948618081	0.797507195884188	2.258800380623024	0
0.07590400118470975	0.8036594033573741	0.7726051018946608	0
0.8879735584923744	1.7819784573729496	1.6125929301274005	1
0.9619904111251456	2.7860909061050734	3.345529620952456	0
1.1534160807087837	2.0272531099342497	1.0498071243861766	0
0.4519223945028924	1.948193255069882	2.2116533139883403	1
0.3700796974373689	2.475563134784848	2.027068717441136	0
0.023169502026642384	1.1284299570772918	0.7571074095188223	1
0.06780443223936851	0.7567321221850559	1.2251274583983331	0
0.3486901501513753	1.1068780330851424	1.6422535413757235	0
0.02048474754043633	0.488757913104262	0.7422706225194976	0
0.11325725418443272	0.707296603664365	0.999896315728952	0
1.1261950297538372	2.8908383157078075	2.303614562908007	0
0.2131821003992141	0.4164314243235372	0.8656708948737888	0
0.4629286605737721	1.4541866271628092	1.5465407102619877	0
0.014833438557904012	0.4065911405622615	0.3343843442042913	0
0.24945826222561254	2.52838112337328	2.1990673228817053	0
0.9198045511739515	2.949180352648225	3.86450363346016	0
0.5002236206205518	1.4241198706598708	1.6161155671873408	0
0.08270285864017507	0.4441215595316317	0.7761547195435535	0
1.7446853318420896	2.9048990571767024	3.362210507832995	0
0.26350207845004703	1.25647037328369	1.0779332774597088	0
0.9444504976680111	1.9570478934657691	2.7555506450510627	1
0.8653342228733022	2.6536221740086	3.1814023843446497	1
0.4209184215552442	0.9488740817701748	2.412407638971761	1
3.921311731330403	3.8327633244425137	4.209795992910083	1
1.191707896905864	3.4099060178390563	3.288121997605015	1
1.1587662114878567	2.542074322844341	3.4340355904113027	1
0.9334624503824744	1.0917555012048965	1.5579972387657044	1
1.1948008704432256	1.9890517369518312	3.1151584030365287	0
1.163525739510754	3.345705813157464	3.280753308584125	1
1.5040551743071346	2.992988512882928	4.116855935850858	1
0.7041365753595469	1.1714289512499063	1.8792054739755784	0
2.1310135472238234	3.471786312102444	3.4986930503328346	0
0.67212781333587	1.0586926646668653	2.5855812034551118	0
2.6913176562763432	2.3438421928422475	2.376402308596464	1
1.5786900034853195	3.6841482797380354	3.745788948087016	1
0.5450879103690037	2.0095286042048097	2.3954741624564484	0
1.4163384824682672	3.2802794373102846	2.20124979858584	1
0.6162877342628865	1.133013715385442	2.0794540416017115	1
2.8840462383582635	2.6162711129825267	3.064875800358527	1
0.8953939061611697	0.485557045339137	2.2211038511261623	0
1.1780394222994317	1.085628361109815	2.6628436082641307	1
2.054943910079436	3.295755381203052	3.410890253633055	0
0.4138763013010392	1.4686804747178384	2.399648280836089	1
1.1722034606369511	3.119537141528869	2.955441387970412	1
0.4200515403030848	2.6057738135172244	2.77093735949055	0
1.9081489417336155	4.550551368171964	4.346174043025866	1
1.4582661246323618	2.5651724095066566	3.2909657621586064	1
2.5737261134255838	3.2475410240819653	3.8897794414685114	1
3.0897142990244224	3.9053145540006926	4.339732202482475	1
0.5405145146330215	2.1523666716943923	2.8887871697659264	0
3.5157515062877858	4.7382682347327165	4.1595172572289085	1
1.0593862421672728	2.5620220000055243	3.2950921443235197	0
0.8623412814463992	1.3137505496441784	2.189987340490564	1
1.8598385900386492	2.8791928393047304	3.160462506317541	0
0.6241239514693494	3.8748443658226894	3.5785622298030666	1
0.9731246486261736	1.4601255092470913	2.395683738248477	1
0.5286969755849539	1.4972541714281489	2.0146229813349463	1
1.0952064955332768	2.172100482782004	2.750981968485722	1
2.4924200202645146	4.349423377779718	4.914989658032772	1
4.03041207962829	2.817621837531502	3.9193103878387143	0
0.4243849929606752	0.7142235061618616	2.0349931881941004	0
0.596597733180669	1.989503157909533	2.401289505866386	1
2.6146475341712048	3.877404645182437	3.383060566130818	1
3.795289169169528	4.401189351388598	2.9699476899802573	1
2.67045909275479	2.8379140431442216	4.460814709470795	1
0.3301666840579362	0.5621554174874324	2.5988601398638456	1
0.3901077857871223	2.2755427218821622	2.8504290063581177	0
1.5429347960758213	3.060770669733213	3.2492925114489086	1
1.1854625415668392	2.343304682271063	2.8866147090184526	1
2.2623879032426326	3.415497972372302	2.7830216099110037	1
1.0362403077752735	1.7887716768851498	2.0142494736937064	0
0.4710967815369939	1.9696266756726293	2.752564570408853	1
1.0930971079799996	3.6016998811619767	3.870415285639957	1
0.3060572107819833	1.3043790679186236	2.7906803277491603	0
1.6965509509226917	2.414403710150397	4.051186507904299	0
1.645075290025232	3.2526316325904148	2.588831134847269	1
0.7346729273884436	1.7145363937639306	1.888523137660363	0
0.4320161553402355	2.7569609929164702	2.9216873763340807	1
0.603534240619953	1.7790962952746576	2.6169796878636102	0
1.5775137148494562	3.1383770131950475	3.812012596834529	1
2.3614953048727654	2.9355203790539184	3.7137476610428166	1
1.3366313161007901	1.6256655295387512	2.8939210074073065	1
0.3799900227991795	1.5319303219670934	2.115013780313867	1
0.8550534224029654	1.279349257331826	2.667679493625526	0
0.40849385016817397	2.219540383819634	2.315580288488857	0
2.6010735654108124	3.924413919988985	3.47581617570511	0
0.9401634962857112	2.638185521129224	3.813803597921686	0
3.800051798330542	3.3799260763862717	3.942204914469195	1
2.539252779528113	1.6915707419726227	3.2981046629781963	0
0.722803065467456	2.766664961362126	2.422570146872214	0
3.175287507602976	3.3378989801471732	4.144343519316424	1
2.3380294539272404	4.325950869852044	3.1504856288787395	1
0.554000049149787	2.758356675409616	2.7467964427373217	0
1.4805585395099736	2.63357087795496	3.3055157995632025	1
1.1314988810023288	3.3480180993906736	3.2955923916784715	1
1.172389253664054	2.0638328574966818	2.8530448060001103	0
0.4906820983706562	2.888709265610257	2.841718251055361	1
0.33262197673162763	1.8335889560574496	2.5250324019878123	0
1.361694244251658	3.109168095978751	3.210335459546299	1
1.3635885235842526	2.0102924079845814	3.315537817833985	0
1.2838739635204206	3.2644876100047924	2.526440390956506	0
1.7104951823970915	2.3454338322788857	3.2261572508263923	1
1.116255723840705	2.4350771957438915	2.630067037777126	0
1.8022212204386512	3.371184809816088	2.9996097464304423	1
0.26670866005411925	1.7726955690058286	1.5403021735992384	0
0.1099031821072251	1.1553391279116565	0.7890026662034667	1
0.4399373857776666	2.7697659920828617	1.6120943808953097	0
0.6407848939511217	0.5998634461275684	2.026568052072768	0
1.3747530152733314	3.2492575893542783	2.368447737093748	0
2.7572085514510447	3.4226881257706894	4.377831597798069	0
0.2671451256089848	0.5862354624093826	1.6356708016038624	1
0.06302644102041302	0.6149423662585544	1.1500339081549755	0
0.1080379281879004	0.8046885552928527	1.1796391273104831	0
0.2910414235081972	1.0668807945066123	2.0776399197332083	0
0.7084298040911023	0.3098275413852568	1.2322395100342451	1
0.09765288806461997	0.931061110777605	0.5770795477584311	0
0.048257641451994314	0.8718789685033426	0.5775342884377676	0
0.13738520713279026	0.6170109991334892	0.6679421867247206	0
0.042493237215878166	0.5663473656554612	0.6748151713746681	0
0.17620287578577742	1.157132737480118	1.5264258004400357	0
0.08436596430230534	1.0748658949381091	0.7620200448463207	0
0.18066184690382855	0.8261471820211891	0.5833490554840371	1
0.7556523859113424	1.7239623111622295	1.8827725509286064	1
0.2337906690579697	1.337471696422322	1.8428802487357692	1
0.4663093136574639	1.6887849936002253	1.6902249584037576	0
0.6051953614932588	2.34985028546116	1.4454826577974125	0
1.1725440548222756	2.781734273899484	2.477143259170166	0
0.9581617759494612	1.8326614605484808	1.8055308733119728	0
1.815069011997012	1.4254429562881172	1.691754954923314	1
0.10064139811784947	0.2882569072026234	0.4670367323566074	0
0.0797266577350158	0.6023358656697683	0.3256568174012683	0
0.1015813837257456	0.8655867374994495	0.7871838224863283	1
0.10050575033163936	0.9762186404540428	1.2067489472726878	0
0.21778522106952364	0.6154396608780212	1.119198922276498	0
0.3095340689438809	1.4669983885348532	1.2052519858243165	0
0.9943622672943108	1.107076367080239	2.126110409872001	1
0.3940872922161897	1.1387300352639989	1.3598477111049072	0
0.1249837150930842	0.5819753675306985	0.4794154487910798	0
0.13886588886518114	1.1977333795359169	1.0072277268662573	0
0.041609204589087186	1.068805789085445	0.54980207632085	0
0.05348958078391822	0.1948099182463148	0.5334947270269336	0
0.16744477756352394	1.159205537443396	1.5209126628446517	0
0.9280611874730706	1.5554673531585699	2.1815241909987764	0
0.08183986105633452	0.3290087396033781	0.7892297892369896	0
0.16124261535528386	0.6563846436143662	0.6741376386883641	0
0.11896455960420385	0.688667160238237	0.7685329074658349	0
0.05938620823997276	0.9763693222896328	0.6769314127850908	0
0.20665638180874854	0.8263660243461681	0.8001613282144274	0
0.21846060340982776	0.5495481359146812	0.9126440909539576	0
0.11930188162565335	0.5255152016753474	0.7032460152373596	0
0.6173023162666151	1.4967618141458616	2.1354437317951205	1
0.11570086945205887	0.7863642622710791	0.9963211317796437	0
0.12393297484268533	2.8142943262621527	0.8668483550602886	1
0.045577389684430966	0.47187063530477596	0.40122278885003204	0
0.7831249866781772	0.8148336988165445	1.631199404215613	0
0.058271738308650074	1.6719431177854975	1.1829227993776283	1
0.021652875315443267	0.7306837840886713	0.915650526986732	0
0.43104188255774456	1.2985554468118838	1.2369529316205274	0
0.11989635657539492	0.4870266617509706	0.9660708820361807	0
0.964356824443194	0.3873622354103107	1.2627981613770722	0
0.8609471408348796	1.4443745721964154	1.7931917763196799	1
0.23210329268568164	1.0833294318035922	1.7991322235574685	0
0.10722078428470436	0.18507609290696272	0.4074830706514779	0
0.17783651400928072	0.8879735584923744	0.9465095104581516	0
0.1799520851452201	0.7529243845958059	0.8036594033573741	0
0.18453577027965326	0.515353358089368	0.8026740050871876	0
0.0541936343324396	0.4413597833039881	0.7076416267103978	0
0.5913248426070612	1.8872363018117009	1.6707211408509988	1
0.3144676152861056	1.5258171444640254	1.4652210616736914	1
0.04212035129020582	0.5039399719828676	0.4610448691237821	0
1.1247022984278503	2.461962091792885	2.4525039742360555	0
0.7364939850633112	2.3366579633271813	2.499934825612944	0
0.6024508406080961	1.8531210743075583	1.4736869154522054	0
0.3787651488114644	1.9593903106120056	1.5690116729258317	0
0.10106630873480292	1.0964432713832697	0.3119233636998002	0
0.33220600633124664	1.195345697625417	1.2979821383972128	0
0.0903743824090814	0.5540575121579913	1.158860369013467	0
0.052746138498259966	0.43659549030472616	0.4913185927769175	0
1.3705206070038498	1.7317617342103582	1.9954483327081292	1
0.10316109871265844	1.0279752090686691	0.5777082702935827	1
2.632931461885269	0.20510177281344447	2.8714097771576346	1
2.40958127022784	2.169533585206374	2.074152579746225	0
0.1144530529687124	0.922590844422635	0.5852779651892372	0
0.9543569326806114	3.1774744958994794	2.4304592636716333	1
0.24896723132366794	1.2878818741330422	1.9636377959361928	0
0.6829301641493449	2.1167734529385926	1.8043465847335265	1
0.12983456778023292	1.1509200682914544	0.7535835493637758	1
0.403736949034435	2.145229282217839	2.0995749965994635	0
0.2351590749207235	0.8147008761125217	0.2845772574983021	0
0.0215765431727238	0.4087995426970367	0.3839690477632776	1
0.2821291836620806	1.4652903673463884	1.1893970928735482	1
0.6961426895397439	2.979674027305287	1.0727473224730553	0
0.6393665848752982	1.3597963698136624	1.7703315218144344	0
3.1239671644441795	4.367866856515849	4.058254410410857	0
0.368482954177182	1.0232419816433331	1.3603353219497945	0
0.3705561526198912	0.7034934726140896	1.764919135267724	0
0.05820286820753948	0.3624949746553505	0.3798327207344365	0
1.9138295984488285	4.010948460424404	4.00273901179661	0
0.5789869496146792	2.2152827645912487	2.281095844151061	0
0.3329374251010812	1.1165504337991228	1.7582716250670656	1
1.601264601744939	3.5266251954700936	3.347789572561509	0
0.4389772506406127	1.2544187398063091	1.4819908299413689	0
1.3212223643761758	3.14806701985727	3.5035222945364373	0
0.4153164241585386	2.1659402872964533	2.6376635015452115	0
0.0692125806824517	0.891506115051524	0.3653442566185661	0
0.01856362475532021	0.16646314085949665	0.40938408554140704	0
0.3211337729595964	0.4703473201772405	1.2753907329833851	1
0.0971357850997138	0.5919723371854714	0.6504223350999484	0
0.15268675166426388	0.8995514078698571	0.8626367585385216	0
0.26171020446302645	0.5650751442082363	0.7809748909254656	1
0.04102485394289112	0.6183535888074277	0.5736482986810163	0
0.6940467758027815	1.5695113502279776	2.1183016128865506	1
0.1449052147835224	0.7013137432263387	1.550430731854068	0
0.12080956221207215	0.7895022688027084	0.9204819364926232	0
0.040276885975584605	0.2600847452596766	0.3755761847159618	0
1.0002641656503335	2.7436232439467663	1.8388656766553264	0
1.3936919315003269	2.1308473297397357	2.190513217570526	0
0.3652332172202856	0.6920816130444736	0.8452242834402949	0
1.1349442179154998	1.6239914934416115	2.014743007740899	0
1.203122442871097	2.719998534618051	1.7067460949010984	0
0.6528823224770254	1.7703826034684695	1.951295621331651	0
2.764424233321237	2.463350986822284	3.0821897471674657	0
0.33494964950208783	1.453415481974046	1.1902186480932728	0
0.666592710788684	1.4857776396048408	1.7017253465240738	0
1.1516157864904102	2.3358747908586874	1.3491634627816833	0
2.7730573624108197	2.4268713810348874	1.029547986058588	0
0.5485432848252783	1.6114359150967734	2.0260143932969754	0
0.8817406941147486	1.275251062326566	0.9143288085606144	0
1.7378663068827196	2.6644883454770096	2.4468845513423543	0
1.5386935079083426	2.3821907821119592	1.3744494867519672	0
1.5294852007108068	2.6539529793819248	2.003491489322287	0
0.8931039848988195	1.1340116070199708	1.174430701944948	0
2.533958684428272	2.077652442195374	2.8453627693967247	0
2.688921746500541	3.6052913021072035	2.2496905172395207	0
1.6421761210218735	2.9861212351346347	2.9347926021146344	0
3.1421805084241385	3.3930307923290948	3.9353840001014704	1
0.8577289808758901	2.4953354140284465	2.494526893164991	0
2.5033685093756826	3.049538408112518	3.0785603293107453	1
2.186197333487018	3.7797182887004435	1.8051362662696937	1
1.4322710473599147	2.1910947169606825	1.48638853390519	0
2.022752135485664	2.3794627973244253	2.0638582504526766	0
0.8010594377543409	1.1671117050928022	1.2382582822924864	0
2.6710611293172843	4.226652706983928	2.9640506697627163	0
0.20878495833529725	0.8965369033872942	0.7096109065906103	0
2.2799610893560995	3.304565328568169	1.9225830323224111	0
1.7104409480504663	2.3807583620478905	2.2691317167348264	0
0.9244572945405486	1.9263777709528165	1.4904516531944612	0
2.3028950449539742	2.8370061422949124	2.1581834036203245	0
1.8431494256103509	2.7981833669012617	2.8672452793884418	1
2.793658928171548	3.5120975252092568	2.651931246836924	0
1.53643701954961	2.9610269506648943	2.060360653867044	0
1.7012145840175303	2.094428671488084	1.4036184291280858	0
0.9472853959763784	1.6531485308602336	1.6676313460118313	0
1.5448780577356371	1.5691157929554964	2.3943982562664976	1
0.5614940229471951	2.060564485910146	1.5474135614537077	0
3.082492368975052	3.6423799144598847	2.3767923459335534	0
2.314750789892917	3.3225220720070148	2.3780450080039066	0
2.2128463637946494	1.3647131530862864	2.5717721828095823	0
0.7586071520317311	1.4053123669556526	1.7724747078161878	0
2.256342181819308	3.105774313755186	2.531328933374545	0
0.7486291900189495	2.0831720745810034	1.464782014168632	0
2.065520086338791	3.338878617262897	2.1134080912431092	0
1.2817668317659563	3.968845585104337	2.0963846924100555	0
3.5239016216376067	4.5694145026791135	2.8609486686674157	0
2.482637410343957	3.2753053064348934	1.9131508019584091	1
1.16358821413046	2.380184819016442	2.3051817188413115	0
1.7541441334333592	3.1072333970296	2.2225998836674474	0
1.74172853562249	1.76922411142279	1.2678204618722042	1
3.35486020645379	3.4240443897327646	3.2036525363766857	0
1.5745358604248354	1.439408496769377	2.387780655723688	0
1.4214442999026906	2.361269009329822	2.3365999715813235	0
2.441128902442105	3.742171374916461	2.29340306691916	0
1.4107430415222006	2.0652919060753936	2.4458625876976683	0
4.4495520967086835	2.6301679357693413	3.8250850802863177	0
1.959615796111425	3.2082030731318927	2.1278030425577144	0
2.3887994858094768	4.049075192774565	3.051866830097561	0
2.8457404337505707	4.1249141802780045	2.69985000453687	0
2.8850855884669135	3.9101973399145735	2.3261941919662195	0
0.485076953743213	1.232414477957239	0.6995267875239843	0
0.9256864535145174	1.0846823831346115	1.4013307459460038	0
3.1934431384907693	3.556016409523672	3.2766276181792797	0
2.662550617030844	2.8317888004638667	2.2769595453550733	0
2.438801627396578	2.235889580555777	2.095905267710501	0
1.0896051795081352	1.7320448499003973	2.015795955090857	0
1.826659966236111	1.9281534274660543	1.7168922345485031	0
1.2960413721423285	1.3246317007277837	2.3438230010102905	0
1.0004480398808784	1.772168819463051	1.7396061560074945	0
1.3713583725039091	2.602504483110305	0.9969486348916096	0
3.586392583358518	4.166381462615097	3.755605424788348	0
2.307831307513999	3.2478441615571305	3.2514436875759967	0
1.5267517138151463	2.017526243548956	2.4619706185049433	0
2.761742615298984	3.8224833441104615	2.594993478809913	0
1.7231058259110068	2.42809817471234	1.3168906909810114	0
2.3318234555507638	3.808578430960032	2.6627599052424036	0
1.6292797546476396	2.280973230017585	1.2039028018758215	0
2.852923694892056	2.4728087645898644	2.0684690636121457	0
2.3544752092479904	3.183323255840721	2.4271097968950865	0
3.3400947289404845	4.172112376594597	3.982781517254395	0
1.2329683411671886	2.7414656346416137	2.1249644694787357	1
1.2614961515695893	2.301994918875556	1.9973362917609925	0
1.6037014905821638	2.755289957661452	2.0145162791007665	0
1.9982314862542927	1.576542750729831	2.1691222694471817	0
1.0257548163647188	2.5843446619940567	1.8904880420878332	0
2.3160342463180497	3.46912702145189	1.7461691799937584	0
1.377606732722325	3.538126329387578	1.073226102277694	0
2.340208377090488	3.9679646793401986	2.4866052064235817	0
2.1595919358626645	3.404681305744686	2.4641425604352727	0
3.2806217001978486	3.2103273908982413	3.7646128901993743	0
1.6786094346287306	3.0148778222762207	1.7261003204217806	0
2.1481627095920466	3.976077034218252	2.9430907022283934	0
1.4885350150664383	2.7931753558481693	1.3641765558662715	1
2.429490834388121	2.8188876907182787	1.5745565705759168	1
1.0811269743270904	2.4124793158524143	1.7431117949064625	1
4.157194157927711	3.4965681656906136	3.3650450229576765	1
2.6103932698294163	3.2241459135237123	3.0922099533830383	0
0.8759269656845939	1.703874983917535	1.3894394102639636	1
0.6259972526658709	1.224510455543484	1.720943508351641	1
0.5775230627624028	1.745645720262031	1.2722574250625265	0
0.4481349942245909	1.733936128490853	1.6143458487866833	0
2.5529312748979027	2.6430280074583927	2.92267759264808	0
0.8835609072512363	2.13740379901768	1.3436999634874702	0
1.910608603066436	2.4360577338927194	1.9443661004827464	0
0.3261621267696277	1.212298053071926	0.8792117236327343	0
0.244654522481263	1.017908251253147	0.5908098681921232	0
3.4897880664440084	4.2929727185753	3.0576736750941738	0
2.6225068369633364	3.728470291070644	3.1268175518788164	1
1.2997010785347949	2.2568657091489213	2.190882285231528	1
3.7832710303129486	3.74359251941363	3.343769519759632	0
2.8068331317996478	3.3469347709342325	3.0404905108957645	0
4.053873200667367	3.6086206814333712	2.775210282944733	0
3.79593628022333	1.76753508033719	3.6693652852096337	1
1.0515206811342592	1.5322976552397336	1.7895236382864788	0
3.3410899177631768	3.503468128897901	2.458468556398626	1
1.1253840391655374	1.9536515356215365	1.9255179194063932	1
2.025658307859085	1.7194933894921465	2.9148041740367496	0
2.4491067456568127	3.8457122481407247	3.820609224791831	0
2.7773212561147584	3.087034431960777	2.78856049174948	0
4.087798181352067	4.388714222823698	3.377594341938292	0
2.36398118185912	2.864358551483268	3.043745945855437	0
1.2977636487063258	2.939505778284186	1.797874070227909	0
2.203107240494375	3.5197652944071014	2.3468220498870958	0
3.2295902201854028	3.9127907106670543	2.405430448286204	1
1.764165568635616	2.497131619410569	2.6201729948451216	1
3.5142909202767227	3.3083435159800927	3.1318615387834305	1
2.450961993735062	2.2373423239321086	2.8932675610081904	1
2.4717285318972406	3.367264795022136	3.6751531783450537	1
3.739890958802498	4.375719285099215	2.9133393061825563	1
1.7804119961594147	2.8390433751737274	1.8632891203669764	0
0.2767904737449857	0.7720969835383465	0.9241001587656368	0
2.378054281129924	3.0747513806040336	2.7221108847505437	0
2.395310115976244	1.9940334242370417	1.96899868835129	0
0.4108903647532291	0.6333918682844581	1.2821275771252718	0
0.3691191920962932	1.58095612999845	1.3845678715941896	0
3.2901987796015066	3.8569055662053366	3.163604100697696	0
1.1088925980756659	2.3357974072001437	2.343007007492961	1
0.5482659067398356	1.7169101967380946	1.3001916620664788	0
2.697716996962418	3.1830579554694034	2.348284772245036	0
2.0471507609812742	3.2457397370172307	2.2137210918646817	0
2.591771034068333	3.7026492143248566	2.8626236486934395	0
2.0145429557267085	2.393439907838086	1.7438114503547093	0
0.4959150110302365	1.0000434719355304	1.3945601055369232	0
0.3249995332611283	1.4121813820717373	0.8032564032399754	0
0.3732380158115361	1.9116735658933923	1.365147330518435	0
2.4438068389025744	2.9710245358492355	2.4688788887108037	1
1.5847352997937283	1.9095869483412582	2.837574409008897	1
2.5397341083204727	1.7741723858010037	3.4109826823969525	1
1.3656578862694482	4.316100484557714	3.04664874695343	1
1.0598368097167028	1.8206222364131317	1.6284951639675576	1
0.6877828180607947	1.847541009686816	1.7487823763729144	1
2.5039083027951308	4.032086106425528	3.2364524470405334	1
2.7151913092535764	3.695110003864572	3.8791981153236383	1
1.6505414673125176	2.9151727656955737	3.4046381221863213	1
0.837031050888523	2.7039016075758764	1.682595433051827	0
2.603674385653146	3.954542119026794	3.1079532026684564	1
1.6007401967309045	2.8905606289477936	2.4105781404972393	1
2.015622761466614	2.8364434158706087	2.022447820159716	0
2.6854841590902745	3.6687838839141738	2.4448135562215563	0
1.8325654636203088	2.392690844132649	2.4214253473754943	1
1.6277492322053533	2.7749983168335803	2.9940959354827945	1
1.8961645285828448	4.2385603396486005	2.3897622895681816	1
2.37405888445247	3.5715503779023705	3.5210523434704344	1
2.372614760155897	3.480353542623108	2.638707268350964	0
2.291423028287854	3.3962652386165937	3.702843994464309	0
2.2927670533900044	3.574999416840368	2.7592501578006012	1
3.686012849325635	4.673360468820249	3.674562453219143	0
2.0127674084118428	3.5055844236482017	2.8845604605247437	1
3.56910443577676	4.28874015580482	2.7449669801851924	0
2.3870824792220366	2.631896034355372	2.083956334646969	0
1.9588404766057248	3.625580164811316	2.5596043289827217	1
1.917819268888788	2.8373518275314438	2.19579021579804	0
3.5367766759039783	4.29706905628622	2.8651679035328743	1
2.677941447665225	3.0679924681892485	2.7239432351041226	0
2.268604227828305	1.9422893160297523	1.583176069245175	0
0.4588478846732778	1.0061314358739446	0.8722134446332273	0
2.602563751589123	1.8179468989817027	3.0049694789064727	0
2.0085092908118334	2.24981702745539	2.4175820288541083	0
0.4899042909520718	1.6310036903486609	1.6544303983529292	0
0.7181324332538539	2.3336476184458634	1.7211402759965195	0
2.998069540017477	2.4483550380788515	1.8818286663169224	0
0.9851822648932042	2.7783036111098847	1.579287935483217	0
2.561188447945159	3.8122689662908384	2.5507646125794645	0
0.4012294838364914	2.000506553591693	0.9678579887305612	0
3.0777545590313804	3.984767763112816	3.8308780238071662	0
1.2024616631269844	2.7097287914807655	2.5191953487347267	0
1.8411526261639768	2.084118089563738	2.008536128164062	0
1.7384114337261307	3.201819183898208	2.84979857501232	0
0.9077342291910344	1.6684612528835612	1.858311586719092	0
3.6498917138203706	4.364360248987926	3.977683397033648	0
1.7853724489032037	2.650887081368836	2.8041055577387564	0
2.6115906944080303	2.9161207229188992	2.4792490088104553	1
2.3589276185320793	2.6480595449537345	2.322916991965964	0
1.8402003660615447	2.076888284892118	1.7361586652132568	1
2.599640597251467	3.6751278325010106	1.7315847461919849	0
3.538367562526043	4.025215967239418	3.368791262993087	0
3.1695427133295184	3.418139713059058	2.789802216307684	1
1.9583044499608304	2.4731039376688493	2.2047407047944447	1
1.5731473023330624	2.75031115981672	2.3149483519774443	1
2.7232015048695537	2.356609155438256	2.44574126843722	1
2.6768622057793774	2.8571711099553494	2.7302290878236515	1
2.929539050819192	3.9217376649486506	2.523694576995261	0
2.9006355709617844	3.726377530534021	2.675416810487508	1
0.8473692864077332	2.593095661476748	1.1431394107181871	0
1.8774936420506831	2.2608251587458144	2.6382927516857464	1
0.5482370087641368	1.692951512661918	0.9025974047421528	0
2.5671085631597816	3.3421406966567706	2.792722177159409	0
2.2916050321508825	4.269361729016415	3.6517070417595527	1
1.627159945421717	3.2992089519044128	2.5364390822464298	1
1.1699402095817282	1.4377951339822936	1.5949941010016888	1
3.4746027260784302	3.26924569302896	3.4023766860093483	0
1.8194232732105284	2.6283285529946463	2.1919998410300523	1
0.4561772336498121	1.7651074382306284	1.0927618749899342	0
1.2336966414921573	1.9646618041055182	1.3519875549258953	0
2.430300857588509	2.897959564211088	2.5375939720670067	1
1.1051574887041131	1.937993178095461	1.1930432942332094	0
1.322582165148289	2.0221301749667218	1.4559370214483391	1
2.102718518584329	3.5124912600577884	2.6752790447716657	0
3.2747418483758666	3.4601453044864816	3.9709143613007565	0
1.8543742661942375	1.8568603322218025	2.642729151646981	0
2.036494895852307	2.727584818630771	2.8963538295737123	1
1.3459670358972686	2.6203840643496368	1.8379908068358193	1
2.036990617006269	2.4823784565991667	2.6778658699248945	1
0.5098551530115448	1.8575159982927176	1.5024093396755769	1
4.290052509047685	4.447305116348116	3.428442830552351	0
1.1511414856799502	2.1140844851233758	1.719672530333154	1
1.6646644614242223	1.8109409886439842	1.3929471819499908	1
3.0207370325435567	3.531605568820697	3.625492269933533	1
0.8748435419599817	2.458305967990821	1.8343718600319308	1
1.258773440792051	1.969556918775388	2.130003944030864	1
1.5140937320517625	2.7288066217588667	2.2932516718129694	1
2.3587952796308658	3.935581316405028	3.505725551015885	1
2.2319158171261497	2.7554044141522134	2.0214283508574042	1
3.5858966649781805	4.454978492356166	2.594635112062512	1
2.703935078922733	3.252121027860869	2.738068444709971	1
0.8036146335859163	1.2502455166566149	0.8638599486861821	1
2.080865527330853	2.5144816331284034	2.7413624680726487	1
3.6576596481691896	2.756020982049831	3.6626766392419374	1
3.117896807523393	3.7113134203209137	3.695773137979802	1
3.217763206137473	4.797667295795551	3.606377892602135	1
0.5107856229659693	1.6017484239497204	1.7183461275575802	1
0.8651237452989107	1.374221779885621	1.0505068899932624	1
0.6536420269573147	1.3581520551736102	2.142639320674209	1
2.096777894926703	3.1030069560250344	2.3268190638390034	0
3.1060071937200533	3.3227564460221384	3.2750065997569564	1
4.421329075256616	1.7361762846510214	3.935800077087574	1
0.723918839226699	2.187365020140776	1.1766529936709729	1
3.1096768405954687	4.035139349234832	3.672828829245236	1
1.7097537249471926	3.1197491715849237	1.918582997684704	1
2.5584668528960286	4.093577601516248	3.256310328313713	1
3.04413664903082	3.3152581569844983	3.324255140349309	1
1.1112323200242118	1.6188930712048557	1.4912397906413852	0
2.1600417862085037	3.1428583384442854	3.0402275134405423	1
2.7326517526360803	3.5438565722329125	2.9511950527862547	1
1.074319596099065	2.9972061868099917	1.9171578786223888	1
2.824914296143452	2.621147909071691	2.134556897675475	1
1.3832397003906618	3.0605973038816345	2.1924018555749925	1
1.6539522817407435	3.735464808523296	2.2213316526794524	1
0.8954347499947777	1.6430660934140844	1.7704507082818035	1
1.9038969691649053	2.360646432407316	1.8730321893567912	1
2.6228190567395493	2.7970678974198626	2.9515138928384017	1
2.418036523682028	3.0251988385321007	2.717432714011601	1
2.8034452257919544	3.393598583786825	3.173815695461603	1
2.9050249841775337	3.8991707681143266	2.7499851760299285	1
2.227743005289584	1.9036436593731272	2.6067481055718846	1
1.820589850895932	2.4766812470572312	2.6947285269857195	1
2.4938168359177566	3.355523357282076	2.8334662532484605	1
0.7281764294793401	2.187365020140776	1.5944460946148633	1
2.5110453707310265	3.6923733433681916	3.799581926082397	1
0.9922512726766999	0.2300794423153221	1.4727013888606295	1
1.3682831283180388	1.4528776652630433	2.293514075431608	1
2.4293498937855427	3.4964378620678365	2.890755017776047	1
3.315338068065303	3.7762307733166636	3.075928815548268	1
1.59916532966336	0.8930630457548512	1.7705698805454515	1
1.936436847262832	3.602779479852453	2.6278302555007382	1
1.5546226336607871	2.4627888445343813	2.576056672976712	1
2.27693902601046	3.6670172072568015	2.440257898119118	1
2.6840306952579898	3.5561134827655088	3.1458835377986603	1
2.7150125741021847	2.998727782533789	3.3602295431738525	1
1.8895665292309671	2.7931631104753896	1.7381828683246627	0
2.6833680884567137	3.5892497084031856	1.8699389036240452	1
2.328408773003504	4.355398994875341	2.3899364121967737	1
1.5216116580675203	2.431022282169347	3.0609721112116315	1
1.8402956328881204	3.5641293924967528	2.557304827743	1
0.980166533461628	2.3540003799402016	2.448061113667178	1
2.5432463101259604	2.9542798720356602	2.7478797032648257	1
3.175375246142185	3.0553116434025167	3.0209076964019985	0
1.515193164855238	2.0655961348577834	2.9199791026488233	1
1.9413282395502016	1.9223197859076235	2.6884187591529827	1
2.363266183804312	3.4089307353844416	2.441485795042983	0
2.1515179873946835	2.9212673146111436	2.7567070230486297	1
1.8739076511419737	3.5123838932000453	3.58764375303306	1
3.4490760194064642	4.075504871153981	4.688409624821452	1
1.4848039627659575	2.5952770947659585	2.093874385302101	1
2.5805198139909464	1.7899077558645806	3.4979852570152232	1
2.65918203389062	3.703822252331733	2.3749429631837486	0
1.1957692469752477	2.884850990912355	2.259249525427545	1
1.0420419371797154	2.6518536774387185	2.2426758402401368	1
2.6758506484799267	3.7501720880546987	2.406034784189069	1
1.3908589276174703	2.1268974828361307	1.3575090096881373	0
4.029576681450286	4.521043734505301	2.304782676537533	1
1.122979645116404	2.3421999592280254	1.6105173296536646	1
1.4429818307496876	2.060539009176772	2.1046705957256115	0
2.223184679005751	2.9113664848166705	2.7404528522097107	0
3.6629999499463386	4.248133748146882	3.9066164161288457	1
4.057867282411829	3.2432210600568583	3.4636650099806308	1
1.5372327441848628	1.4371062896694935	1.7173771004566654	1
1.9018836207349037	3.1702736430289837	2.1973690113495694	1
1.4122788218418565	2.238131901549126	2.1823252425627637	0
4.467969211533419	4.394296056533763	4.662779442627595	1
2.2254880426090793	3.283445595517501	2.3442643199855344	0
2.7029103479923484	4.4357285260614265	3.295388617407788	0
2.0817014860806804	3.0525095036415313	3.4687282961216304	0
1.8980695339214693	1.6544495182634482	2.2495956240733395	1
1.156440848280582	2.813352715077972	2.6222453686721403	1
1.763137061765377	2.403877344475918	1.6117352714827835	1
3.290224851773004	3.087549998193941	2.230627115636545	0
1.5864763007967533	3.4165062670768163	2.0794915404298773	0
0.9507308051876934	1.8380385467487823	1.8392948782674472	0
2.0305663738977	3.3355311137460544	2.7678336849475413	0
1.8786402821390111	3.1185470730713964	2.1724080681820968	0
2.0709304246614084	2.514643429718084	2.5432070039584245	0
0.8534787194622848	1.8118561709271772	1.7884540122193284	1
1.2857555357412778	1.6723375914031458	1.5738314599647825	1
2.6927538054762183	3.6732631519182455	2.8695169105439087	0
3.0978058932829646	3.757269143723269	3.1357550514738186	1
2.7636551867749315	3.1512520157874877	2.2157846028571293	1
2.083346407757048	2.254612594444949	2.4514963567353845	1
2.2317977552723343	2.9926525360270686	1.3877183467709078	1
2.9283844767607863	1.8691062384306825	3.311287261919816	0
2.0970112857898955	2.0159424801169266	1.0388268979320714	0
1.2831258856300238	1.8090589663061163	0.9704000575211872	0
2.7214269981438486	3.5779451001066636	2.2861507865306208	0
3.3416066002485176	2.755646001509469	2.492825215032296	0
2.49706576061181	1.9410268164000573	2.099648498988324	0
2.2837080372243563	2.470892238402422	2.2998513597479904	0
2.6848702771545927	0.7282729825353194	1.6238337927178328	0
3.0830973379888413	2.863885175993567	3.3287162905477325	0
1.5691366156605746	2.4658767238811947	1.4186405371591018	0
1.0527428550096551	2.034614140383791	0.9716497499944328	0
1.0404887033176016	2.5243356745762395	1.4837839823971477	0
1.7073265832532112	2.112876317766073	2.444240893061985	0
3.5802524983333397	2.2507758760676633	1.5421435975827305	0
1.8037209776272984	2.2485089827953746	1.699863454523518	0
2.1515645093006945	2.7179411242501814	3.23309820562665	0
1.6755439543687638	1.8375292034722441	1.190157815292208	0
1.4480477573953727	2.3791386437098208	1.124767246144961	0
2.8876012569334972	2.2768466837489325	1.9803391806366244	0
2.524359707742009	3.096613271135018	1.584345720022344	0
0.9378956556265392	1.9966440012699835	1.0150495038974192	0
1.2900587532390648	2.31451366385932	1.1553391279116565	0
2.8086976275835096	3.571004851765452	3.3282359314880297	0
2.13454506790586	2.7756403114017925	2.159949525710924	0
1.4452469977124267	2.057234275555703	1.3666527208646018	0
1.4843507665922409	2.9108386525353627	1.6489470455288129	0
1.5103245095367406	3.3370960982555675	1.4377713886274777	0
1.9832334588812432	3.0259995626235385	2.432437225434183	0
1.1506353167352616	2.2311964969063927	1.9387560479623962	1
2.14613009359388	1.7485909738266765	2.657009506387623	1
1.7681154733136573	2.677769671811678	2.521294829462306	1
2.353202158790572	1.9578669521589818	2.101704375478807	1
3.3273355330637	3.4701511412731363	3.1259049068562974	1
2.173512317376468	2.4727834599856897	2.3806843749770974	1
1.2069882532863934	1.7003931687642109	1.6563024141813838	1
1.853183771215054	3.1648461584482876	2.3856570539971225	1
1.7075623104272994	1.808551031867892	1.6166915411454086	1
0.7153488885436319	1.130853573975128	0.7821191343622091	1
1.177854676170877	2.0293711834115107	1.2358783653369199	1
1.6168305196535986	1.3856441497783043	1.7361410454650428	1
3.3653214684236583	3.0023552928622252	3.2969806560714483	1
0.8503218549319439	1.1982162672135563	1.5112516005242744	1
2.4472307428069997	3.4479028346479343	2.0552641088615737	1
0.7540541154634667	1.3172121999324469	1.1573527836907098	1
1.855578981941009	3.0740488769817453	1.93956146732737	1
2.551856324257696	3.6357739924268313	2.8955030148950063	1
2.7228534240718902	3.5350520553590536	2.352650634000768	1
2.8152829630127094	2.9378276990524603	2.5700670091454616	1
1.6066339851013662	2.817687558022277	2.9272232135828	1
1.1302401463484213	1.4898657772932555	1.1116930282066402	1
3.2351624744308816	3.2753657931259497	2.732872886533556	1
4.033796291657501	3.7709408920105467	3.393857174803068	1
0.9950649430383804	2.052866533494037	1.6702883910958988	1
2.591868382812798	2.6302255871944284	2.5375149125588736	1
0.9647379801117819	1.6495044216471837	0.896210466039963	1
1.0829231892034692	1.6009419235128362	1.556016038438026	1
1.9294758425918883	0.7714036785257127	1.5697819045538146	1
1.6925098734371766	1.5954201206658964	1.7557522539220527	1
2.864643609323433	2.4987684627254723	2.4190428063542453	1
1.321062266182275	1.901629800363709	1.5995693782354947	1
1.215417068210194	1.181113510179853	0.703790340658425	1
4.252219726111129	3.8591642758597495	3.0483152359621197	1
2.981988255761732	3.5906434983984066	2.632794904356604	1
4.00424296085822	4.50376517034858	4.581045512090005	1
1.114977642754374	1.5074716298442896	1.9789994661959105	1
2.185916436186841	2.4151366907324125	2.3571869081856294	1
3.1511193316077413	3.99836215652457	3.1807668135453877	1
1.472517927868508	1.604767020784202	2.060589961994474	1
1.4741907630260744	2.425492753081372	1.5978510431821802	1
2.2695038943919217	3.5544161988688483	3.1918334537563173	1
2.5777061046009297	1.892660054163788	2.0715353701087387	1
2.519686426821985	3.0472093010615784	2.7464500646300865	1
1.9821731959193456	3.267323073105828	2.2789684013930485	0
2.322172010752086	2.5386922524601125	2.2837386084476665	0
2.0842424986208776	1.0577555713228022	1.7707571225562968	0
1.1317568872604118	1.7341833210904591	1.8515052736250088	0
1.3688429675061349	2.4781169854285845	1.892539510511772	1
2.73830132027138	2.6618387092975166	2.4027833068711466	0
2.761679431731745	2.478729275706846	3.4818645097293097	0
1.60585148889868	1.2168396700327595	1.6305142380360165	0
1.3725756889789529	1.875104410828201	1.8139122738691884	0
2.1548040836744646	2.6605252362304994	1.6828556464282625	0
1.747128145082461	2.6179285376370056	2.4239882348185837	1
0.9530468719992744	2.6134610945953707	1.6613280286880443	1
2.201935684844116	2.9819679787781346	2.508216192556957	1
3.739598708772203	3.3385202381969146	2.4000112144322987	1
0.8298173919348109	1.6755252335615218	2.2519442173140662	1
1.258290520535524	1.59677811428731	2.108041146174195	1
2.0777025304759795	1.4729306677794374	1.543533125046382	1
1.8223694986718928	2.9078241309538853	2.5162114996164133	1
2.4853482189486544	3.3968445886556538	2.238665047227814	1
1.2174022246375968	1.89238881050998	1.4431471727126737	1
2.1372386404060526	2.6019560830906325	2.015929160547149	1
2.0468666957476573	2.1880604928658958	1.9556199983784257	1
1.972371231823287	2.428583181401712	1.7491824633536808	1
0.3499101139858446	1.4171872245622612	0.5562787978004278	0
0.5492075236753265	1.9109341287192525	1.3300414195690922	0
2.399657355781526	0.4679139473806528	2.390421962504285	1
1.0810930524491718	2.1945320668921724	1.7553547873342552	1
0.2715679343081492	1.6038221736484646	1.0925271450121616	1
0.8703724399291508	2.7988654453180004	2.105852189796759	1
1.797791241459774	3.1512049363194765	1.9250950093413928	1
1.5710920165166131	2.8783666507687324	2.307890991784227	0
0.160442274742107	1.1124494454561311	0.3862754928816866	0
0.4489778792398523	1.4103770316358475	0.2684533804232417	0
0.3822988300763249	1.5095954774601794	1.4911722603371351	1
0.3086384456917769	1.5434049418296625	0.955549905826272	0
0.2547352373029999	1.6541626812136083	0.8836848921252404	0
0.9836128751383112	1.3695296147871598	0.9631743177730056	1
0.33300910403682304	1.4605201834718617	0.7238703532027858	0
1.790742285405286	3.2224334888700694	2.8389147074112584	1
0.8326047287858181	2.762696202215535	1.398346442144032	1
1.0955743454546585	2.621424204389516	1.995149192055404	1
0.7626266003297486	2.8074731240932835	1.6528996198446362	1
0.1870686050438656	1.667914346192953	0.4967064152051072	0
1.1779778440488502	2.253457872027353	1.7281272039831994	0
0.14122174590852885	0.5992979330741274	0.3019029743917175	1
0.4530481948463221	1.620971148247773	0.6925019724579566	1
1.110046666293773	2.3368125915432727	2.065444032035982	1
1.96793719126152	2.721946531627629	2.9992510753031096	1
1.3291682996977734	2.5475371017187642	1.4270763548401244	1
1.6067142065125035	2.5553262807471993	2.140912863767937	0
0.7002220942319071	2.7020187148704498	2.0569147070982248	1
0.8036146335859163	1.654545112332865	1.5514909524792508	1
0.3974463771807877	1.499154186529268	0.8063419283262879	0
0.5670169034157331	2.753151028347306	1.5219391439612633	0
0.44576856821268346	0.736254561593879	0.7721893878998983	0
1.331758974721866	2.9285823456599167	1.5960689446951462	0
0.4461206887824036	1.168262721691857	1.0828216027617856	0
1.5586497536019952	2.199666038986204	1.0115281817609962	1
0.7100534606263044	2.0295025929099784	1.6745512683225143	0
0.2540218709591458	1.5638755333570098	0.4328921900093616	0
1.1237925871984078	2.3267995425021817	1.6899297500029349	0
2.189069190162936	3.6873132282222563	2.8387918727378	1
0.7188149273085231	1.2713042964862211	1.608957797197223	0
1.5404736119675648	1.7529666645088997	1.4000986420962878	1
2.623552027007242	1.733936128490853	2.1323660049877233	1
0.8893716425228915	1.4252987047131207	1.163744383605892	0
0.3787788428456587	1.4392425354379859	0.8525412327101953	0
0.3848745704921554	1.1846370680191936	1.4825813364313871	0
0.2141350967562699	1.3749806012196173	0.8496807333747112	0
0.5881532643629911	2.0464921227887367	0.8180161626058146	1
0.5573217300241475	1.8424525835435728	1.4479067302474131	0
1.7059473728139072	2.8546236748440763	1.7756978356807047	1
1.926057234780479	3.032228123791832	2.7149265050416425	1
1.9640868053168072	3.326538488548577	2.387229504262504	1
0.34194295917821793	1.5432126361913094	0.6316440479658955	0
1.8534188496147828	2.51141874432811	1.0436984127906546	0
0.2356885329498369	0.6002914860405933	1.0509964347264464	1
2.1722371990844964	3.0367302525880637	3.3900825063235334	1
0.9941772705312262	2.8573835820691835	2.283565359156791	0
2.040505787921769	3.002668164555103	1.323487672827078	0
1.0165703616644934	2.6991574441538977	1.5776995366468878	1
0.7702471009407941	1.88262037172208	1.7675863050343352	0
0.3480619584404931	1.5047216336555689	0.7478247418506411	0
0.8203523547952336	2.2806972932360163	0.7945749731900585	0
0.15802886422491008	0.9303514155224892	0.9097493838307328	0
3.467075629964382	3.524626669416417	3.1348113741501065	1
0.35504862219414834	1.238403216130443	1.0903448742496826	1
0.9880903274899296	2.0695300850710545	1.4464718241522068	0
1.2083930207594276	2.265682490943902	1.955563406083452	0
0.9887602195879248	2.1685392823649807	1.6938893489035494	1
1.5693864543077487	3.503832185941537	1.1275236321625297	1
1.6207931964722349	1.4403089494261287	1.7604923753535442	1
2.430256851445244	2.9008335091067607	2.467616363917516	1
1.0877198475016858	1.5111633431657598	0.9149298062348136	1
1.6860840891908273	2.3743381516571445	0.9262410627273232	1
1.3517287959325766	2.0413631757993853	1.0989122436771075	0
0.1416037235153957	1.3714091236204446	0.7400307664587957	0
0.6879838736030652	1.3046232449753328	1.7305398787862176	1
0.5584207884936337	0.8897003196006243	0.5391914817226583	1
0.4864612073133744	1.4419892044628524	0.9466647357291372	0
0.4287323150465104	2.373481484969126	1.1602716690548374	1
2.1706410113531973	2.916164036634735	1.4157317967735077	0
1.2948915376465466	2.246702335746372	2.280247455272331	1
1.050961475192104	1.5866195423534202	1.6584185346557223	1
0.5747295686026035	1.4210097482083432	2.162483592975715	1
0.4224139941528042	1.0531615424307257	0.9812916460915668	0
0.7556054143995555	2.2935544391083407	1.3095213023139771	0
0.8857490467614565	2.1833622713430705	1.6973022588751685	1
1.4182774069729414	0.6068646288217475	3.047465721059944	1
1.0185945806820786	2.164839117192064	1.4145659274616862	1
1.0558091663428002	3.144122105803275	1.7506943896094558	0
0.6740408108202086	2.3899364121967737	2.173091252759589	0
1.2325602611778486	2.222448214219884	0.8833955701698858	1
0.859931998204771	2.2611274798443954	1.949589087739647	1
3.3492231537375905	3.0035069721078904	2.0245364695105033	1
0.3048488760736463	1.5409449159887998	0.9460048618575464	0
0.607093526625328	1.7638228505350322	1.362437024589324	0
0.37019020001702585	1.297818275604624	1.1229471136829037	0
1.002835333274341	2.466224894080494	1.9171137703807568	0
0.3256568174012683	0.5814331909299437	0.8581106198076925	0
2.1848145572595383	2.5040145914015017	2.8355459156123857	1
0.4670430009076004	1.512420275754587	0.8565831894118707	0
0.20410751011581185	1.1662086299049188	0.9300752868447716	0
1.4931063229199542	3.8447222728947783	3.1921786043933413	1
0.5111035851311508	2.363896537717149	1.3947832285157973	1
1.2119409739751128	2.463368016505021	1.5129270120532563	1
0.7819818942604361	2.460016100942874	1.403692138296311	0
1.5457310453763862	2.81048644524279	2.323837649027497	0
0.8127951428258412	2.5171237279789316	1.4309808787422966	0
0.5202094575563301	0.7569197834570117	0.976557642660804	1
1.6289659922416455	2.9467153336728913	2.050257294283867	0
0.4427159335881579	1.3523238415487373	0.7424134218628634	0
0.9635940769900216	2.1212550444932456	1.3615148697556676	0
2.6256463748473937	4.0451438137744775	2.8309637568076185	1
3.105501058499481	3.6772900557231747	2.6790538406606186	1
0.5976654860478139	1.8328694222842712	0.9659947640532706	1
0.6263768374260912	2.1798749390011065	1.7250853359600624	0
1.0145420368718845	3.1915416263598746	1.9456101040463112	0
1.457893832471792	3.096364629058525	2.539071234739332	0
0.6716579317169606	1.346929637597614	0.9947321581807176	0
0.8702049076788009	1.9285895817552765	1.4264281188595362	0
0.17323876618556916	1.8023696483400704	0.4127981554749563	0
0.5955012750709471	1.9707281893193749	1.0280825224775825	0
0.16309626280882197	0.5326145124324794	0.5537989026138579	0
0.709118950069644	2.259562762843183	1.84432029329368	0
1.7622276666220171	3.4026296887537804	1.8308519690341516	0
0.2581940427058043	1.200567011191103	0.8240877198205411	0
0.2914449838123088	1.2264776596660054	0.9150499624380222	0
1.151868654968541	2.7770350725571613	0.8897413966406185	0
0.562292203138831	0.8222437538943552	0.7614131212300341	0
0.528915019613032	1.3994573476461716	0.7638851950652871	0
1.0561222370471577	1.5810795893290457	1.3340795896711517	0
0.31246492487285543	1.3343692882549711	0.7388373064770608	0
0.1970377406296351	1.43893424844407	0.3571498311619437	0
2.2382172239612426	1.8024026293265347	1.937301774518713	0
0.3114767210174981	1.5547071377275958	0.8476263778480045	0
0.32491282617927303	0.9524683579927432	0.9632888150347378	0
0.29620068581711056	1.7623821505173782	1.007884925035152	0
0.9049870857027628	2.6793008711495543	1.1618061561640467	0
0.3242767444213233	1.6059518431492683	0.4725067438388541	0
0.3852760061402685	2.2869738694798274	1.2285580940842478	0
0.35026947264021424	1.655385946336808	0.9511944478820354	0
0.3922042367913237	1.5193819052582451	1.0031287605064931	0
0.39719097165591866	1.2476355600605495	1.0720287226850875	0
0.11110299601141016	1.1260977456029702	0.6080630361730496	0
0.1304052613640054	1.0701785200055622	0.8206164858057496	0
0.9272702359171632	1.5216989981260935	1.7294584430306756	0
0.6583434979485577	1.7714377072047576	1.404207950404769	0
0.2727562342651628	1.634286610403491	1.1741525679134566	0
2.0014124303597653	2.7307180009144236	1.7455235402208618	0
0.33376142282617993	1.1273617019540956	1.0590741918206186	0
0.9456553405040591	1.6408978190523726	1.3316797678466676	0
0.561864685839245	1.4821952754970935	1.347319617713571	0
0.5192520217458615	1.1904315337592686	0.9288910138498936	0
0.2371490153264273	1.606192652269071	0.9458883683130984	0
1.0733628544146592	1.7053115698187475	1.16177486362575	0
0.6319205025440428	1.5259693431923729	1.1065804583172865	0
0.3153215582551985	1.2438663679876123	0.8149222374858663	0
0.2556726950020568	0.987159176706596	1.114977642754374	0
0.3711013806802049	2.032336831334777	0.7499999921527281	0
0.40009739434081004	1.3082247056979681	0.5747408256804913	0
0.5512148846705588	2.3884508139703713	1.3002734025948408	0
0.9727844804286194	1.5263171390397183	1.3239401193729152	0
0.24790640534003303	1.0932646823415144	1.6854355266605654	0
0.25873460830501804	0.9851075878712888	0.9494933727018734	0
0.5790485989588336	1.3093053195917548	0.8914241041440274	0
0.3624044986470902	2.7366247003061948	1.7303272297095538	0
0.33875534263578155	1.1893057672825322	0.7561219797213337	0
0.8028532406480026	1.4127415311347389	0.9094675065260296	0
1.1365822199197384	3.2498006839203883	1.8224988041400785	0
1.4659139023480583	2.299680879846656	1.9158632277030163	0
0.3174714306375328	0.9309428632064696	0.7560280785991463	0
0.4301121912067998	1.0780353616792786	0.8296865446987723	0
0.6977864027083703	1.692693913484811	1.6511746884141814	0
0.3949702290155128	1.1139605656149092	0.4781329962193859	0
0.2000386775991129	1.1194274750486952	0.9514261886424098	0
0.21591750622247025	1.8268530878872573	0.7025032754839701	0
0.3980443086246013	0.6236470375754177	1.086944483800428	0
1.0614294975403935	2.0102924079845814	2.1804513567503885	0
0.5956831829543991	2.1989453182342857	1.2773161985501456	0
0.3375074149249373	1.1117917237802235	1.030012197175853	0
0.5924148273058027	1.099811569243592	2.1371796485764043	0
1.071343861513916	1.3465655188908938	1.7246220182405636	0
0.41989384476028535	0.8947810483862728	0.9234649356221554	0
0.7289485930233284	1.4958435918491704	2.1430968604089577	0
0.5016052464319171	0.5715500053121405	2.071799918708489	0
0.429253246744612	0.7027013933647571	1.235180731450129	0
0.5232955500482597	2.073850943366591	1.6230843744679513	0
0.9123228703127696	2.707916858879197	2.082524285139741	0
0.3166120362391634	0.8963736980337964	1.638880203034058	0
0.4463319016249295	1.1926185884872311	1.7313546149276369	0
0.6360317069745214	0.9198444100734526	1.5215461480171633	0
0.9631743177730056	0.6452271377251246	2.1395483824119546	0
0.35150862144732625	0.7499055143785542	1.8257743478153328	0
1.1889708354075883	2.0196119162699993	3.0783393826454506	0
1.0156653678471834	2.5037202260429083	1.8113333121851594	0
0.974333199268024	2.2976429004547265	1.848659516360867	0
0.5994901335782844	1.7277541392521427	2.73285337668596	0
0.18607284523840886	0.9617228832719896	1.838022633697693	0
